% Version 1.00
%
% Ref Impedances: Z01: 50, Z02: 50
% 
%freq[Hz];Trc1_S21[U];
1.000000000000000E+005,2.647973056826567E-005,
5.084865245245245E+006,6.273859173094507E-004,
1.006973049049049E+007,1.198497840753080E-003,
1.505459573573574E+007,1.936652583610461E-003,
2.003946098098098E+007,2.445645509911444E-003,
2.502432622622623E+007,3.407875412062031E-003,
3.000919147147147E+007,4.800084582923665E-003,
3.499405671671671E+007,8.217158973026169E-003,
3.997892196196196E+007,1.519779362243634E-002,
4.496378720720721E+007,4.580923928852435E-002,
4.994865245245245E+007,6.558967603616391E-002,
5.493351769769770E+007,2.935127242055764E-002,
5.991838294294295E+007,2.431267167292684E-002,
6.490324818818819E+007,1.701897603149673E-002,
6.988811343343343E+007,1.256809233097947E-002,
7.487297867867868E+007,1.007408890832776E-002,
7.985784392392393E+007,8.779058669738115E-003,
8.484270916916917E+007,9.038573177707518E-003,
8.982757441441442E+007,9.042816557441945E-003,
9.481243965965965E+007,9.689966334130632E-003,
9.979730490490490E+007,1.099254427368453E-002,
1.047821701501502E+008,1.291215555236209E-002,
1.097670353953954E+008,1.469637764778599E-002,
1.147519006406407E+008,1.667532263981112E-002,
1.197367658858859E+008,1.981679298059272E-002,
1.247216311311311E+008,2.333692449338286E-002,
1.297064963763764E+008,2.851119820763755E-002,
1.346913616216216E+008,3.622157307258277E-002,
1.396762268668669E+008,4.928771527969899E-002,
1.446610921121121E+008,7.170957382316687E-002,
1.496459573573574E+008,1.191961806104348E-001,
1.546308226026026E+008,1.822120452095668E-001,
1.596156878478479E+008,1.433954947073098E-001,
1.646005530930931E+008,1.053672129273054E-001,
1.695854183383384E+008,8.559124724914617E-002,
1.745702835835836E+008,6.168412011657719E-002,
1.795551488288288E+008,3.676922032430301E-002,
1.845400140740741E+008,2.308070920509708E-002,
1.895248793193193E+008,1.621946800463280E-002,
1.945097445645646E+008,1.285421376904225E-002,
1.994946098098098E+008,1.077209460542181E-002,
2.044794750550551E+008,8.498515651976795E-003,
2.094643403003003E+008,6.620056825509492E-003,
2.144492055455456E+008,5.528053775153255E-003,
2.194340707907908E+008,4.824708353166831E-003,
2.244189360360360E+008,4.933040485854111E-003,
2.294038012812813E+008,5.842018717323750E-003,
2.343886665265265E+008,7.639779349589034E-003,
2.393735317717718E+008,1.039951701781144E-002,
2.443583970170170E+008,1.384228642385615E-002,
2.493432622622623E+008,1.860426630707983E-002,
2.543281275075075E+008,2.583653796844941E-002,
2.593129927527528E+008,3.710187240563585E-002,
2.642978579979980E+008,5.554567292511031E-002,
2.692827232432432E+008,8.989319711378251E-002,
2.742675884884885E+008,1.637956135672713E-001,
2.792524537337337E+008,2.280720583291752E-001,
2.842373189789790E+008,1.410696995386405E-001,
2.892221842242242E+008,9.085586208720685E-002,
2.942070494694695E+008,6.644885364579935E-002,
2.991919147147147E+008,5.223276106745833E-002,
3.041767799599600E+008,4.273706902480771E-002,
3.091616452052052E+008,3.620979417368340E-002,
3.141465104504505E+008,3.139439296152519E-002,
3.191313756956957E+008,2.709690923103865E-002,
3.241162409409409E+008,2.345343513895617E-002,
3.291011061861862E+008,2.109106567665824E-002,
3.340859714314314E+008,1.831630026670811E-002,
3.390708366766767E+008,1.527309150035715E-002,
3.440557019219219E+008,1.331807748079451E-002,
3.490405671671672E+008,1.187034510601252E-002,
3.540254324124124E+008,1.060663818338734E-002,
3.590102976576577E+008,9.400124173153265E-003,
3.639951629029029E+008,8.375450844843856E-003,
3.689800281481482E+008,7.429288471062688E-003,
3.739648933933934E+008,7.025925283598959E-003,
3.789497586386386E+008,6.756397839234335E-003,
3.839346238838839E+008,6.992694998103009E-003,
3.889194891291291E+008,7.635100918884843E-003,
3.939043543743744E+008,7.972905907128533E-003,
3.988892196196196E+008,8.431596769484037E-003,
4.038740848648649E+008,8.293809671321539E-003,
4.088589501101101E+008,8.396321369689600E-003,
4.138438153553554E+008,8.652937087703094E-003,
4.188286806006006E+008,9.692183589568486E-003,
4.238135458458459E+008,1.195200622077120E-002,
4.287984110910911E+008,1.293811316919210E-002,
4.337832763363363E+008,1.361645311373459E-002,
4.387681415815816E+008,1.352956918278867E-002,
4.437530068268268E+008,1.337321571921719E-002,
4.487378720720721E+008,1.352238099684509E-002,
4.537227373173173E+008,1.383072294671036E-002,
4.587076025625626E+008,1.444771356383002E-002,
4.636924678078078E+008,1.516472726582461E-002,
4.686773330530531E+008,1.645073595537978E-002,
4.736621982982983E+008,1.795417410549862E-002,
4.786470635435436E+008,1.948806926239495E-002,
4.836319287887888E+008,2.114695850879942E-002,
4.886167940340340E+008,2.270659937116016E-002,
4.936016592792793E+008,2.452587620067107E-002,
4.985865245245245E+008,2.569959742805888E-002,
5.035713897697698E+008,2.752191516936479E-002,
5.085562550150150E+008,2.848919793076143E-002,
5.135411202602603E+008,2.982293337236563E-002,
5.185259855055055E+008,3.128248450704969E-002,
5.235108507507508E+008,3.206906436008213E-002,
5.284957159959960E+008,3.262703437405416E-002,
5.334805812412412E+008,3.310276722494746E-002,
5.384654464864864E+008,3.337109260759610E-002,
5.434503117317318E+008,3.512104701266564E-002,
5.484351769769770E+008,3.714888622993546E-002,
5.534200422222222E+008,3.861409240496010E-002,
5.584049074674674E+008,3.968493692206851E-002,
5.633897727127128E+008,4.089139588348443E-002,
5.683746379579580E+008,4.187161126252988E-002,
5.733595032032032E+008,4.284252607676810E-002,
5.783443684484484E+008,4.362633204516719E-002,
5.833292336936938E+008,4.363176878797682E-002,
5.883140989389390E+008,4.390752114569237E-002,
5.932989641841842E+008,4.417299074529306E-002,
5.982838294294294E+008,4.521361369833411E-002,
6.032686946746746E+008,4.689467130555178E-002,
6.082535599199200E+008,4.831066162128316E-002,
6.132384251651652E+008,4.989641016459451E-002,
6.182232904104104E+008,5.071331205797131E-002,
6.232081556556556E+008,5.187085477507558E-002,
6.281930209009010E+008,5.272870550527709E-002,
6.331778861461462E+008,5.474864179868382E-002,
6.381627513913914E+008,5.575090769317539E-002,
6.431476166366366E+008,5.764391343677207E-002,
6.481324818818818E+008,5.907065973739080E-002,
6.531173471271272E+008,6.227159512825489E-002,
6.581022123723724E+008,6.525770120579039E-002,
6.630870776176176E+008,6.994696080752694E-002,
6.680719428628628E+008,7.577235049393256E-002,
6.730568081081082E+008,8.164617554160260E-002,
6.780416733533534E+008,8.748575174106428E-002,
6.830265385985986E+008,9.273348599376928E-002,
6.880114038438438E+008,9.710063408328946E-002,
6.929962690890890E+008,1.027167259346209E-001,
6.979811343343344E+008,1.089903503966613E-001,
7.029659995795796E+008,1.149605606523829E-001,
7.079508648248248E+008,1.198124712045344E-001,
7.129357300700700E+008,1.243738725788554E-001,
7.179205953153154E+008,1.287705858067231E-001,
7.229054605605606E+008,1.322394369579728E-001,
7.278903258058058E+008,1.361240360280281E-001,
7.328751910510510E+008,1.394385034487977E-001,
7.378600562962964E+008,1.435105431672588E-001,
7.428449215415416E+008,1.481192974132232E-001,
7.478297867867868E+008,1.529891439351556E-001,
7.528146520320320E+008,1.576851664942233E-001,
7.577995172772772E+008,1.641927882322794E-001,
7.627843825225226E+008,1.697075313737309E-001,
7.677692477677678E+008,1.741625988343413E-001,
7.727541130130130E+008,1.767286660686856E-001,
7.777389782582582E+008,1.769515607547270E-001,
7.827238435035036E+008,1.723788132693206E-001,
7.877087087487488E+008,1.648728565775568E-001,
7.926935739939940E+008,1.572427322455327E-001,
7.976784392392392E+008,1.497847087473688E-001,
8.026633044844844E+008,1.440395324311589E-001,
8.076481697297298E+008,1.402122559316812E-001,
8.126330349749750E+008,1.369619104704331E-001,
8.176179002202202E+008,1.372348051778754E-001,
8.226027654654654E+008,1.410712775763802E-001,
8.275876307107108E+008,1.445498372910002E-001,
8.325724959559560E+008,1.491632929529997E-001,
8.375573612012012E+008,1.546768690495163E-001,
8.425422264464464E+008,1.602036401542621E-001,
8.475270916916918E+008,1.657921539660143E-001,
8.525119569369370E+008,1.681600084723280E-001,
8.574968221821822E+008,1.709125513795383E-001,
8.624816874274274E+008,1.722090042063148E-001,
8.674665526726726E+008,1.712505917904706E-001,
8.724514179179180E+008,1.696978369413383E-001,
8.774362831631632E+008,1.676718655833022E-001,
8.824211484084084E+008,1.645510821952248E-001,
8.874060136536536E+008,1.624889198650641E-001,
8.923908788988990E+008,1.613449811577888E-001,
8.973757441441442E+008,1.623778496581368E-001,
9.023606093893894E+008,1.635855564844587E-001,
9.073454746346346E+008,1.662763148403208E-001,
9.123303398798798E+008,1.684489876661685E-001,
9.173152051251252E+008,1.701526199663194E-001,
9.223000703703704E+008,1.720598351645669E-001,
9.272849356156156E+008,1.736110896508256E-001,
9.322698008608608E+008,1.735366470875810E-001,
9.372546661061062E+008,1.731459544739396E-001,
9.422395313513514E+008,1.732776997551654E-001,
9.472243965965966E+008,1.714494228179078E-001,
9.522092618418418E+008,1.680314830678539E-001,
9.571941270870872E+008,1.640157729136556E-001,
9.621789923323324E+008,1.609631713110063E-001,
9.671638575775776E+008,1.564189704188188E-001,
9.721487228228228E+008,1.530113042192628E-001,
9.771335880680680E+008,1.505925685109939E-001,
9.821184533133134E+008,1.465439339806336E-001,
9.871033185585586E+008,1.417565657453216E-001,
9.920881838038038E+008,1.381842345346972E-001,
9.970730490490490E+008,1.349317014381628E-001,
1.002057914294294E+009,1.320079867864895E-001,
1.007042779539540E+009,1.300455529282663E-001,
1.012027644784785E+009,1.298238507039289E-001,
1.017012510030030E+009,1.292360868554285E-001,
1.021997375275275E+009,1.296215193579770E-001,
1.026982240520521E+009,1.307786448620814E-001,
1.031967105765766E+009,1.301232626708272E-001,
1.036951971011011E+009,1.275415568675318E-001,
1.041936836256256E+009,1.234455144837477E-001,
1.046921701501502E+009,1.194580586389885E-001,
1.051906566746747E+009,1.144909943801374E-001,
1.056891431991992E+009,1.108518185073481E-001,
1.061876297237237E+009,1.064970557837630E-001,
1.066861162482482E+009,1.030436526432013E-001,
1.071846027727728E+009,1.025549218814856E-001,
1.076830892972973E+009,1.030077954568821E-001,
1.081815758218218E+009,1.033904011449369E-001,
1.086800623463464E+009,1.048050839465118E-001,
1.091785488708709E+009,1.072419178141309E-001,
1.096770353953954E+009,1.093049102018981E-001,
1.101755219199199E+009,1.114993825378870E-001,
1.106740084444444E+009,1.118327634008137E-001,
1.111724949689690E+009,1.114420309941880E-001,
1.116709814934935E+009,1.106674438939337E-001,
1.121694680180180E+009,1.102838890576396E-001,
1.126679545425426E+009,1.097886799114582E-001,
1.131664410670671E+009,1.090661123117779E-001,
1.136649275915916E+009,1.072687081035046E-001,
1.141634141161161E+009,1.039964663337376E-001,
1.146619006406406E+009,1.000539736183682E-001,
1.151603871651652E+009,9.635510763629122E-002,
1.156588736896897E+009,9.215571561963469E-002,
1.161573602142142E+009,8.771099697378033E-002,
1.166558467387388E+009,8.436802605963176E-002,
1.171543332632633E+009,8.205982632764761E-002,
1.176528197877878E+009,8.082049290979926E-002,
1.181513063123123E+009,7.999195580208965E-002,
1.186497928368368E+009,7.995485868453371E-002,
1.191482793613614E+009,8.047522559369781E-002,
1.196467658858859E+009,8.086188653175921E-002,
1.201452524104104E+009,8.117042094279402E-002,
1.206437389349349E+009,8.161616047257955E-002,
1.211422254594595E+009,8.206212554015370E-002,
1.216407119839840E+009,8.206462436212378E-002,
1.221391985085085E+009,8.145394608319120E-002,
1.226376850330330E+009,8.104654718428545E-002,
1.231361715575576E+009,8.026327908813941E-002,
1.236346580820821E+009,7.976315689124726E-002,
1.241331446066066E+009,7.916062786193169E-002,
1.246316311311311E+009,7.826450741858566E-002,
1.251301176556557E+009,7.685551583533143E-002,
1.256286041801802E+009,7.599192746947683E-002,
1.261270907047047E+009,7.586003193021053E-002,
1.266255772292292E+009,7.629197579196749E-002,
1.271240637537538E+009,7.698181454928513E-002,
1.276225502782783E+009,7.771894349243236E-002,
1.281210368028028E+009,7.868347647428559E-002,
1.286195233273273E+009,7.922382404508575E-002,
1.291180098518518E+009,7.910890192989382E-002,
1.296164963763764E+009,7.980005210984886E-002,
1.301149829009009E+009,8.018469654305974E-002,
1.306134694254254E+009,8.018279740412186E-002,
1.311119559499500E+009,7.862025490013035E-002,
1.316104424744745E+009,7.630346719436239E-002,
1.321089289989990E+009,7.328025777594351E-002,
1.326074155235235E+009,6.958348604167418E-002,
1.331059020480480E+009,6.642525854549761E-002,
1.336043885725726E+009,6.360509503974425E-002,
1.341028750970971E+009,6.098036480160499E-002,
1.346013616216216E+009,5.878111351349186E-002,
1.350998481461462E+009,5.738238030293450E-002,
1.355983346706707E+009,5.651132960706127E-002,
1.360968211951952E+009,5.594857695287706E-002,
1.365953077197197E+009,5.654097803878509E-002,
1.370937942442442E+009,5.749729018557647E-002,
1.375922807687688E+009,5.834729283189189E-002,
1.380907672932933E+009,5.915202808993214E-002,
1.385892538178178E+009,5.945414962898326E-002,
1.390877403423424E+009,5.947797116329756E-002,
1.395862268668669E+009,5.968219633638112E-002,
1.400847133913914E+009,6.102234362351463E-002,
1.405831999159159E+009,6.148157847699434E-002,
1.410816864404404E+009,6.143678131005462E-002,
1.415801729649650E+009,6.083541847115871E-002,
1.420786594894895E+009,6.072580844154273E-002,
1.425771460140140E+009,6.074016764288671E-002,
1.430756325385386E+009,6.012028001476057E-002,
1.435741190630631E+009,6.007562352459264E-002,
1.440726055875876E+009,5.947931081391707E-002,
1.445710921121121E+009,5.904150709158407E-002,
1.450695786366366E+009,5.825151796340090E-002,
1.455680651611612E+009,5.863869315023527E-002,
1.460665516856857E+009,5.806505091641397E-002,
1.465650382102102E+009,5.795280902657956E-002,
1.470635247347347E+009,5.753969573776912E-002,
1.475620112592593E+009,5.804489596324411E-002,
1.480604977837838E+009,5.782216356341906E-002,
1.485589843083083E+009,5.728243696985053E-002,
1.490574708328328E+009,5.651404239070419E-002,
1.495559573573574E+009,5.565993012147068E-002,
1.500544438818819E+009,5.481028411235030E-002,
1.505529304064064E+009,5.344767847265589E-002,
1.510514169309309E+009,5.165517207472577E-002,
1.515499034554555E+009,4.994744760738915E-002,
1.520483899799800E+009,4.834303715830394E-002,
1.525468765045045E+009,4.733958116056065E-002,
1.530453630290290E+009,4.708483102908776E-002,
1.535438495535536E+009,4.797876638235762E-002,
1.540423360780781E+009,4.877919462895997E-002,
1.545408226026026E+009,4.965509293061905E-002,
1.550393091271271E+009,5.078242444988232E-002,
1.555377956516516E+009,5.121700806323529E-002,
1.560362821761762E+009,5.264767011981050E-002,
1.565347687007007E+009,5.354357564981351E-002,
1.570332552252252E+009,5.374570977656035E-002,
1.575317417497498E+009,5.418539560477506E-002,
1.580302282742743E+009,5.384958389142670E-002,
1.585287147987988E+009,5.390025728059201E-002,
1.590272013233233E+009,5.364760126670873E-002,
1.595256878478478E+009,5.351008396270817E-002,
1.600241743723724E+009,5.251312129070830E-002,
1.605226608968969E+009,5.168461809688073E-002,
1.610211474214214E+009,5.113489995334574E-002,
1.615196339459460E+009,5.073177723269831E-002,
1.620181204704705E+009,5.001473674949761E-002,
1.625166069949950E+009,4.966963182607220E-002,
1.630150935195195E+009,4.904786539020063E-002,
1.635135800440440E+009,4.824134028760393E-002,
1.640120665685686E+009,4.772194817501599E-002,
1.645105530930931E+009,4.685454366129795E-002,
1.650090396176176E+009,4.595502110366772E-002,
1.655075261421422E+009,4.434398888464287E-002,
1.660060126666667E+009,4.312704791934396E-002,
1.665044991911912E+009,4.203356088539491E-002,
1.670029857157157E+009,4.014835165790715E-002,
1.675014722402402E+009,3.884465639454647E-002,
1.679999587647648E+009,3.726139911655359E-002,
1.684984452892893E+009,3.620575442245563E-002,
1.689969318138138E+009,3.467582692799923E-002,
1.694954183383384E+009,3.276664696484414E-002,
1.699939048628629E+009,3.115192531017234E-002,
1.704923913873874E+009,2.943098727518898E-002,
1.709908779119119E+009,2.859604446329529E-002,
1.714893644364364E+009,2.789650175469205E-002,
1.719878509609610E+009,2.679081815567111E-002,
1.724863374854855E+009,2.551267924894834E-002,
1.729848240100100E+009,2.441649728979017E-002,
1.734833105345345E+009,2.311957674808837E-002,
1.739817970590591E+009,2.236222435193147E-002,
1.744802835835836E+009,2.194947666483626E-002,
1.749787701081081E+009,2.214894891373509E-002,
1.754772566326326E+009,2.360207643360518E-002,
1.759757431571572E+009,2.591896551607884E-002,
1.764742296816817E+009,2.774247107466932E-002,
1.769727162062062E+009,2.924166816847622E-002,
1.774712027307307E+009,2.933973767111262E-002,
1.779696892552553E+009,2.885836138670541E-002,
1.784681757797798E+009,2.848317365544124E-002,
1.789666623043043E+009,2.748340708549545E-002,
1.794651488288288E+009,2.736532729969519E-002,
1.799636353533534E+009,2.790526224616121E-002,
1.804621218778779E+009,2.865160418394846E-002,
1.809606084024024E+009,2.853556745144270E-002,
1.814590949269269E+009,2.881119848744109E-002,
1.819575814514514E+009,2.837169793991331E-002,
1.824560679759760E+009,2.789764223302838E-002,
1.829545545005005E+009,2.731405825417141E-002,
1.834530410250250E+009,2.641823231091364E-002,
1.839515275495496E+009,2.621284562681106E-002,
1.844500140740741E+009,2.556521959851584E-002,
1.849485005985986E+009,2.570184787114271E-002,
1.854469871231231E+009,2.538201019664260E-002,
1.859454736476476E+009,2.549035079276864E-002,
1.864439601721722E+009,2.634990254537948E-002,
1.869424466966967E+009,2.703466440683186E-002,
1.874409332212212E+009,2.770304259739004E-002,
1.879394197457458E+009,2.752727630205288E-002,
1.884379062702703E+009,2.707974286038729E-002,
1.889363927947948E+009,2.626292958845466E-002,
1.894348793193193E+009,2.572610931073127E-002,
1.899333658438438E+009,2.540372250140243E-002,
1.904318523683684E+009,2.617227087788414E-002,
1.909303388928929E+009,2.626759195427823E-002,
1.914288254174174E+009,2.661395294247731E-002,
1.919273119419420E+009,2.691881239323343E-002,
1.924257984664665E+009,2.746324388279609E-002,
1.929242849909910E+009,2.839861481676612E-002,
1.934227715155155E+009,3.020045228966304E-002,
1.939212580400400E+009,3.065833754985883E-002,
1.944197445645646E+009,3.101272435419168E-002,
1.949182310890891E+009,3.132119319105214E-002,
1.954167176136136E+009,3.122039194239863E-002,
1.959152041381382E+009,3.169173508523868E-002,
1.964136906626627E+009,3.175937738267261E-002,
1.969121771871872E+009,3.171735761725795E-002,
1.974106637117117E+009,3.130953746804356E-002,
1.979091502362362E+009,3.085475635898079E-002,
1.984076367607608E+009,3.055997082174571E-002,
1.989061232852853E+009,3.029482034093530E-002,
1.994046098098098E+009,2.961664226061198E-002,
1.999030963343343E+009,2.901103751367868E-002,
2.004015828588589E+009,2.889773424790148E-002,
2.009000693833834E+009,2.846084952681538E-002,
2.013985559079079E+009,2.770033549976029E-002,
2.018970424324324E+009,2.747930342550342E-002,
2.023955289569570E+009,2.645091834425551E-002,
2.028940154814815E+009,2.565858086387174E-002,
2.033925020060060E+009,2.520421565263304E-002,
2.038909885305305E+009,2.475346334636197E-002,
2.043894750550551E+009,2.451119631858369E-002,
2.048879615795796E+009,2.380482817103341E-002,
2.053864481041041E+009,2.301885301697012E-002,
2.058849346286286E+009,2.180636754790596E-002,
2.063834211531532E+009,2.105180389146230E-002,
2.068819076776777E+009,2.072793106752556E-002,
2.073803942022022E+009,2.021527654322085E-002,
2.078788807267267E+009,1.956824058442195E-002,
2.083773672512512E+009,1.856397633731430E-002,
2.088758537757758E+009,1.749208822818758E-002,
2.093743403003003E+009,1.616852750533156E-002,
2.098728268248248E+009,1.506367981467456E-002,
2.103713133493494E+009,1.310630633462988E-002,
2.108697998738739E+009,1.207412055846460E-002,
2.113682863983984E+009,1.101056398316416E-002,
2.118667729229229E+009,1.065163714010351E-002,
2.123652594474474E+009,9.904426960236294E-003,
2.128637459719720E+009,9.589593329953535E-003,
2.133622324964965E+009,9.140848750387971E-003,
2.138607190210210E+009,8.297448846196921E-003,
2.143592055455456E+009,7.335997628410989E-003,
2.148576920700701E+009,6.098971725816120E-003,
2.153561785945946E+009,5.011128780540466E-003,
2.158546651191191E+009,3.889305446868239E-003,
2.163531516436437E+009,2.734040065728894E-003,
2.168516381681682E+009,1.902619200644696E-003,
2.173501246926927E+009,1.631625923826428E-003,
2.178486112172172E+009,2.421122017726346E-003,
2.183470977417418E+009,3.225520340222735E-003,
2.188455842662663E+009,3.996419953900848E-003,
2.193440707907908E+009,4.757813147411399E-003,
2.198425573153153E+009,5.436669108445992E-003,
2.203410438398398E+009,6.122178616239657E-003,
2.208395303643644E+009,6.769161671558312E-003,
2.213380168888889E+009,7.546341074712792E-003,
2.218365034134134E+009,8.347265361254110E-003,
2.223349899379379E+009,9.106975229199388E-003,
2.228334764624625E+009,9.749283571489116E-003,
2.233319629869870E+009,1.024248764108008E-002,
2.238304495115115E+009,1.053823617418439E-002,
2.243289360360360E+009,1.060752128362715E-002,
2.248274225605606E+009,1.108148190138850E-002,
2.253259090850851E+009,1.066442148594026E-002,
2.258243956096096E+009,1.000235336098407E-002,
2.263228821341342E+009,1.026507767248588E-002,
2.268213686586587E+009,1.002036810111067E-002,
2.273198551831832E+009,9.893802509038997E-003,
2.278183417077077E+009,1.052615416774701E-002,
2.283168282322322E+009,1.076019402583909E-002,
2.288153147567567E+009,1.194639314660581E-002,
2.293138012812813E+009,1.227710284727446E-002,
2.298122878058058E+009,1.339543765181472E-002,
2.303107743303303E+009,1.456116462609339E-002,
2.308092608548549E+009,1.680820309866914E-002,
2.313077473793794E+009,1.801292217973056E-002,
2.318062339039039E+009,2.033319166203189E-002,
2.323047204284284E+009,2.175715816762740E-002,
2.328032069529530E+009,2.334447444815581E-002,
2.333016934774775E+009,2.477139084844556E-002,
2.338001800020020E+009,2.591500821917127E-002,
2.342986665265266E+009,2.638767586089286E-002,
2.347971530510510E+009,2.788963445780042E-002,
2.352956395755756E+009,2.793490433575406E-002,
2.357941261001001E+009,2.826321097801028E-002,
2.362926126246246E+009,2.921447362861139E-002,
2.367910991491491E+009,2.903964206606131E-002,
2.372895856736737E+009,2.916255397342912E-002,
2.377880721981982E+009,2.961665429127324E-002,
2.382865587227227E+009,2.986734242732564E-002,
2.387850452472473E+009,3.023694004471114E-002,
2.392835317717718E+009,3.035916191834975E-002,
2.397820182962963E+009,3.130738241909813E-002,
2.402805048208208E+009,3.174773452904942E-002,
2.407789913453454E+009,3.209855534932914E-002,
2.412774778698699E+009,3.255585200812543E-002,
2.417759643943944E+009,3.246439539626877E-002,
2.422744509189189E+009,3.260212456045775E-002,
2.427729374434434E+009,3.286729410476740E-002,
2.432714239679680E+009,3.194666293920919E-002,
2.437699104924925E+009,3.189386913167005E-002,
2.442683970170170E+009,3.101946446499848E-002,
2.447668835415415E+009,2.980428995420700E-002,
2.452653700660661E+009,2.908594991355680E-002,
2.457638565905906E+009,2.907054982598581E-002,
2.462623431151151E+009,2.898145343495368E-002,
2.467608296396397E+009,2.828519451923711E-002,
2.472593161641642E+009,2.720816981593597E-002,
2.477578026886887E+009,2.630576195383109E-002,
2.482562892132132E+009,2.533072751246699E-002,
2.487547757377378E+009,2.473719202534458E-002,
2.492532622622623E+009,2.419371256874748E-002,
2.497517487867868E+009,2.326687774877537E-002,
2.502502353113113E+009,2.361630768296443E-002,
2.507487218358358E+009,2.323412622171759E-002,
2.512472083603604E+009,2.372843878502469E-002,
2.517456948848849E+009,2.434143019698551E-002,
2.522441814094094E+009,2.454555394687900E-002,
2.527426679339339E+009,2.434249245015330E-002,
2.532411544584585E+009,2.447362885105221E-002,
2.537396409829830E+009,2.449735345565970E-002,
2.542381275075075E+009,2.387401630417221E-002,
2.547366140320320E+009,2.292475562888864E-002,
2.552351005565566E+009,2.199338587246406E-002,
2.557335870810811E+009,2.165503262914133E-002,
2.562320736056056E+009,2.167712904893389E-002,
2.567305601301302E+009,2.170251382707346E-002,
2.572290466546547E+009,2.144533858025740E-002,
2.577275331791792E+009,2.156212228943435E-002,
2.582260197037037E+009,2.159548216237428E-002,
2.587245062282282E+009,2.199086458795651E-002,
2.592229927527527E+009,2.257945676420331E-002,
2.597214792772773E+009,2.310836263989681E-002,
2.602199658018018E+009,2.370170776595906E-002,
2.607184523263263E+009,2.432183744215762E-002,
2.612169388508509E+009,2.557462168306363E-002,
2.617154253753754E+009,2.706149678487197E-002,
2.622139118998999E+009,2.783958017128554E-002,
2.627123984244244E+009,2.961405055243748E-002,
2.632108849489490E+009,3.072769570165568E-002,
2.637093714734735E+009,3.187229661484833E-002,
2.642078579979980E+009,3.263378819162277E-002,
2.647063445225225E+009,3.327394814398017E-002,
2.652048310470470E+009,3.310583806640680E-002,
2.657033175715716E+009,3.319610014570439E-002,
2.662018040960961E+009,3.271272225439913E-002,
2.667002906206206E+009,3.300331458442312E-002,
2.671987771451451E+009,3.263928685566004E-002,
2.676972636696697E+009,3.311274484161364E-002,
2.681957501941942E+009,3.251329829468546E-002,
2.686942367187187E+009,3.293892507890157E-002,
2.691927232432433E+009,3.243413003898963E-002,
2.696912097677678E+009,3.284838201227725E-002,
2.701896962922923E+009,3.257409581994770E-002,
2.706881828168168E+009,3.238201503113275E-002,
2.711866693413414E+009,3.245682264651262E-002,
2.716851558658659E+009,3.190156567357186E-002,
2.721836423903904E+009,3.224070341453668E-002,
2.726821289149149E+009,3.234743165982570E-002,
2.731806154394394E+009,3.260465530781843E-002,
2.736791019639640E+009,3.208133902182005E-002,
2.741775884884885E+009,3.137466540302444E-002,
2.746760750130130E+009,3.146165094038404E-002,
2.751745615375375E+009,3.103711024751761E-002,
2.756730480620621E+009,3.112108468187796E-002,
2.761715345865866E+009,3.123374711704830E-002,
2.766700211111111E+009,3.154056316717700E-002,
2.771685076356356E+009,3.170472793727135E-002,
2.776669941601602E+009,3.299413101756948E-002,
2.781654806846847E+009,3.346973506447844E-002,
2.786639672092092E+009,3.419183298663976E-002,
2.791624537337338E+009,3.491035775456405E-002,
2.796609402582583E+009,3.543125920997151E-002,
2.801594267827828E+009,3.488636370623115E-002,
2.806579133073073E+009,3.451702603319309E-002,
2.811563998318318E+009,3.371246605116809E-002,
2.816548863563564E+009,3.356127672664981E-002,
2.821533728808809E+009,3.291691891619945E-002,
2.826518594054054E+009,3.250495955591887E-002,
2.831503459299299E+009,3.297184049946687E-002,
2.836488324544545E+009,3.312266687964850E-002,
2.841473189789790E+009,3.383789598757429E-002,
2.846458055035035E+009,3.419097236223377E-002,
2.851442920280280E+009,3.415605225358222E-002,
2.856427785525526E+009,3.375775888939479E-002,
2.861412650770771E+009,3.334903053949956E-002,
2.866397516016016E+009,3.224425515441817E-002,
2.871382381261262E+009,3.147183960019647E-002,
2.876367246506506E+009,3.084191478685634E-002,
2.881352111751752E+009,2.936183978391137E-002,
2.886336976996997E+009,2.762012594576077E-002,
2.891321842242242E+009,2.673566112630120E-002,
2.896306707487487E+009,2.558462357294757E-002,
2.901291572732733E+009,2.401269017383526E-002,
2.906276437977978E+009,2.316788169781851E-002,
2.911261303223223E+009,2.245255331806996E-002,
2.916246168468469E+009,2.249321024095174E-002,
2.921231033713714E+009,2.199605330383176E-002,
2.926215898958959E+009,2.127634351020515E-002,
2.931200764204204E+009,2.098090673900335E-002,
2.936185629449450E+009,2.080246483998443E-002,
2.941170494694695E+009,2.075150098329616E-002,
2.946155359939940E+009,2.026192898949704E-002,
2.951140225185185E+009,2.048912907201595E-002,
2.956125090430430E+009,2.093337256321343E-002,
2.961109955675676E+009,2.047208066334305E-002,
2.966094820920921E+009,2.006603851239773E-002,
2.971079686166166E+009,1.959644393630122E-002,
2.976064551411411E+009,1.873106438194026E-002,
2.981049416656657E+009,1.708366114329893E-002,
2.986034281901902E+009,1.603197026738075E-002,
2.991019147147147E+009,1.497711350507663E-002,
2.996004012392393E+009,1.410853521215920E-002,
3.000988877637638E+009,1.297345193723162E-002,
3.005973742882883E+009,1.249628417319814E-002,
3.010958608128128E+009,1.108699751715496E-002,
3.015943473373374E+009,1.048025547664645E-002,
3.020928338618619E+009,9.813782497574345E-003,
3.025913203863864E+009,9.147262189660645E-003,
3.030898069109109E+009,8.463739347110571E-003,
3.035882934354354E+009,7.897922091944076E-003,
3.040867799599600E+009,7.248780300798527E-003,
3.045852664844845E+009,6.667822320586493E-003,
3.050837530090090E+009,6.066910705818033E-003,
3.055822395335335E+009,5.542831761875157E-003,
3.060807260580581E+009,5.046815941170266E-003,
3.065792125825826E+009,4.666406488612675E-003,
3.070776991071071E+009,4.412234502207518E-003,
3.075761856316316E+009,4.257777218076441E-003,
3.080746721561562E+009,3.985074390890419E-003,
3.085731586806807E+009,3.839698655244279E-003,
3.090716452052052E+009,3.818163544649701E-003,
3.095701317297298E+009,3.801854665658210E-003,
3.100686182542543E+009,3.942827822078894E-003,
3.105671047787788E+009,3.923442244242219E-003,
3.110655913033033E+009,3.937313237912014E-003,
3.115640778278278E+009,3.889080103750829E-003,
3.120625643523523E+009,3.983014657107872E-003,
3.125610508768769E+009,4.262947194734472E-003,
3.130595374014014E+009,4.663283055606110E-003,
3.135580239259259E+009,4.956379522677148E-003,
3.140565104504505E+009,5.386410855007397E-003,
3.145549969749750E+009,5.959573603857192E-003,
3.150534834994995E+009,6.426594080520711E-003,
3.155519700240240E+009,7.050274751729439E-003,
3.160504565485486E+009,7.649966139822763E-003,
3.165489430730731E+009,8.227961164201865E-003,
3.170474295975976E+009,8.657917356085806E-003,
3.175459161221221E+009,9.047087568794127E-003,
3.180444026466466E+009,9.404307165989358E-003,
3.185428891711712E+009,9.894840649756676E-003,
3.190413756956957E+009,1.052183189623959E-002,
3.195398622202202E+009,1.092823163417500E-002,
3.200383487447447E+009,1.134400703364452E-002,
3.205368352692693E+009,1.164846697129979E-002,
3.210353217937938E+009,1.185539608482132E-002,
3.215338083183183E+009,1.209421578722494E-002,
3.220322948428429E+009,1.244425698553168E-002,
3.225307813673674E+009,1.281023807971527E-002,
3.230292678918919E+009,1.315154388945015E-002,
3.235277544164164E+009,1.351081150643230E-002,
3.240262409409410E+009,1.388073620021649E-002,
3.245247274654655E+009,1.421099717901942E-002,
3.250232139899900E+009,1.457167897806825E-002,
3.255217005145145E+009,1.507446952788305E-002,
3.260201870390390E+009,1.541258604323615E-002,
3.265186735635636E+009,1.565164828730052E-002,
3.270171600880881E+009,1.571363347393713E-002,
3.275156466126126E+009,1.557510115939496E-002,
3.280141331371371E+009,1.497418611905211E-002,
3.285126196616617E+009,1.495715630796056E-002,
3.290111061861862E+009,1.481224922185771E-002,
3.295095927107107E+009,1.403474066919086E-002,
3.300080792352352E+009,1.370473623106460E-002,
3.305065657597598E+009,1.373227061863867E-002,
3.310050522842843E+009,1.368143144107643E-002,
3.315035388088088E+009,1.297986642552879E-002,
3.320020253333334E+009,1.293420158822602E-002,
3.325005118578579E+009,1.287036464052134E-002,
3.329989983823824E+009,1.275533073710978E-002,
3.334974849069069E+009,1.263895990450511E-002,
3.339959714314314E+009,1.248878247999843E-002,
3.344944579559560E+009,1.235160224712488E-002,
3.349929444804805E+009,1.219122335500753E-002,
3.354914310050050E+009,1.233793185110827E-002,
3.359899175295295E+009,1.261534541774112E-002,
3.364884040540541E+009,1.275360881737240E-002,
3.369868905785786E+009,1.301993824734030E-002,
3.374853771031031E+009,1.323535269485634E-002,
3.379838636276276E+009,1.343127153446224E-002,
3.384823501521522E+009,1.350021820898554E-002,
3.389808366766767E+009,1.358632276701510E-002,
3.394793232012012E+009,1.359422486970599E-002,
3.399778097257258E+009,1.353476175676263E-002,
3.404762962502502E+009,1.320015132393981E-002,
3.409747827747748E+009,1.301885459012428E-002,
3.414732692992993E+009,1.274963126017799E-002,
3.419717558238238E+009,1.256045311793580E-002,
3.424702423483483E+009,1.228813177461982E-002,
3.429687288728729E+009,1.201381679779847E-002,
3.434672153973974E+009,1.177473847869123E-002,
3.439657019219219E+009,1.125570168526385E-002,
3.444641884464465E+009,1.080248165616148E-002,
3.449626749709710E+009,1.016762904848404E-002,
3.454611614954955E+009,9.648006171721471E-003,
3.459596480200200E+009,9.235091347823562E-003,
3.464581345445446E+009,8.804223818013194E-003,
3.469566210690691E+009,8.426435386911960E-003,
3.474551075935936E+009,7.965587029113288E-003,
3.479535941181181E+009,7.556602448693149E-003,
3.484520806426426E+009,7.308146227199970E-003,
3.489505671671672E+009,7.098175179923722E-003,
3.494490536916917E+009,6.793377003161533E-003,
3.499475402162162E+009,6.498310875589694E-003,
3.504460267407407E+009,6.348581220082292E-003,
3.509445132652653E+009,6.316424921729412E-003,
3.514429997897898E+009,6.597163952717025E-003,
3.519414863143143E+009,6.813817000110832E-003,
3.524399728388389E+009,7.090765967854197E-003,
3.529384593633634E+009,7.346351740890735E-003,
3.534369458878879E+009,7.755026626712920E-003,
3.539354324124124E+009,8.190177979704706E-003,
3.544339189369370E+009,8.564909005546652E-003,
3.549324054614615E+009,8.853845463723170E-003,
3.554308919859860E+009,9.171832627234934E-003,
3.559293785105105E+009,9.614061674219908E-003,
3.564278650350350E+009,1.008709092345446E-002,
3.569263515595596E+009,1.068305422298521E-002,
3.574248380840841E+009,1.130906038493413E-002,
3.579233246086086E+009,1.195898864461991E-002,
3.584218111331331E+009,1.252612242337399E-002,
3.589202976576577E+009,1.287640713363838E-002,
3.594187841821822E+009,1.318018696889646E-002,
3.599172707067067E+009,1.361501797141409E-002,
3.604157572312312E+009,1.379576981160232E-002,
3.609142437557558E+009,1.398649366212811E-002,
3.614127302802803E+009,1.408592046708648E-002,
3.619112168048048E+009,1.406217488367738E-002,
3.624097033293294E+009,1.410777224811033E-002,
3.629081898538539E+009,1.404211690636828E-002,
3.634066763783784E+009,1.411637751594502E-002,
3.639051629029029E+009,1.399044059560215E-002,
3.644036494274274E+009,1.405797680744715E-002,
3.649021359519519E+009,1.414865391006364E-002,
3.654006224764765E+009,1.452439186294230E-002,
3.658991090010010E+009,1.481167746345276E-002,
3.663975955255255E+009,1.528924492531165E-002,
3.668960820500501E+009,1.574611996880839E-002,
3.673945685745746E+009,1.633960793688879E-002,
3.678930550990991E+009,1.693724717530845E-002,
3.683915416236236E+009,1.750700820460355E-002,
3.688900281481482E+009,1.865482017480778E-002,
3.693885146726727E+009,1.908164368030152E-002,
3.698870011971972E+009,1.989292474860918E-002,
3.703854877217217E+009,2.118839306793693E-002,
3.708839742462462E+009,2.119468162110881E-002,
3.713824607707708E+009,2.122130526911105E-002,
3.718809472952953E+009,2.128773141175600E-002,
3.723794338198198E+009,2.173020967283899E-002,
3.728779203443443E+009,2.122071958773773E-002,
3.733764068688689E+009,2.071870421250563E-002,
3.738748933933934E+009,2.089938388357938E-002,
3.743733799179179E+009,2.085433374810808E-002,
3.748718664424425E+009,2.096700965992968E-002,
3.753703529669670E+009,2.121209588942960E-002,
3.758688394914915E+009,2.174123066077452E-002,
3.763673260160160E+009,2.123743684494680E-002,
3.768658125405406E+009,2.136249704398421E-002,
3.773642990650651E+009,2.232273323469221E-002,
3.778627855895896E+009,2.194491901555341E-002,
3.783612721141141E+009,2.180152170841931E-002,
3.788597586386386E+009,2.196443997637194E-002,
3.793582451631632E+009,2.181275232105695E-002,
3.798567316876877E+009,2.115885754223682E-002,
3.803552182122122E+009,2.129217137251505E-002,
3.808537047367367E+009,2.073011207567580E-002,
3.813521912612613E+009,2.063434850181355E-002,
3.818506777857858E+009,2.067449233633040E-002,
3.823491643103103E+009,2.024911448547274E-002,
3.828476508348349E+009,1.979453406859486E-002,
3.833461373593594E+009,2.042504031759094E-002,
3.838446238838839E+009,1.997637654641452E-002,
3.843431104084084E+009,1.956646161267125E-002,
3.848415969329330E+009,1.967459655078462E-002,
3.853400834574575E+009,1.917092225253154E-002,
3.858385699819820E+009,1.951150283756207E-002,
3.863370565065065E+009,1.938395550728359E-002,
3.868355430310310E+009,2.040728623751114E-002,
3.873340295555556E+009,1.994020233919834E-002,
3.878325160800801E+009,1.955641425535921E-002,
3.883310026046046E+009,1.966315721419497E-002,
3.888294891291291E+009,1.960544004564073E-002,
3.893279756536537E+009,1.881952479087204E-002,
3.898264621781782E+009,1.868895991265753E-002,
3.903249487027027E+009,1.822924148212474E-002,
3.908234352272272E+009,1.909973341880988E-002,
3.913219217517518E+009,1.812066984843295E-002,
3.918204082762763E+009,1.753040433017923E-002,
3.923188948008008E+009,1.700410009644935E-002,
3.928173813253254E+009,1.640631911567337E-002,
3.933158678498498E+009,1.608791946655740E-002,
3.938143543743744E+009,1.630022150740169E-002,
3.943128408988989E+009,1.611330912947203E-002,
3.948113274234234E+009,1.560330547252662E-002,
3.953098139479479E+009,1.616238624569538E-002,
3.958083004724725E+009,1.596682573724437E-002,
3.963067869969970E+009,1.672175618627017E-002,
3.968052735215215E+009,1.633845199353024E-002,
3.973037600460461E+009,1.605294665458407E-002,
3.978022465705706E+009,1.675389182474581E-002,
3.983007330950951E+009,1.540660546977471E-002,
3.987992196196196E+009,1.585165576180176E-002,
3.992977061441442E+009,1.498410233364753E-002,
3.997961926686687E+009,1.458535490959924E-002,
4.002946791931932E+009,1.516369813115802E-002,
4.007931657177177E+009,1.432944662635924E-002,
4.012916522422422E+009,1.359267067658513E-002,
4.017901387667668E+009,1.310946677556999E-002,
4.022886252912913E+009,1.273182729586789E-002,
4.027871118158158E+009,1.258623507228060E-002,
4.032855983403403E+009,1.265615137015141E-002,
4.037840848648649E+009,1.270392238138092E-002,
4.042825713893894E+009,1.291421011877510E-002,
4.047810579139139E+009,1.317629833719297E-002,
4.052795444384385E+009,1.340611586373052E-002,
4.057780309629630E+009,1.362455309213351E-002,
4.062765174874875E+009,1.373835982414438E-002,
4.067750040120120E+009,1.404803147372060E-002,
4.072734905365366E+009,1.396757806839235E-002,
4.077719770610611E+009,1.386135807304535E-002,
4.082704635855856E+009,1.351538714443264E-002,
4.087689501101101E+009,1.307598216768408E-002,
4.092674366346346E+009,1.272469013077766E-002,
4.097659231591592E+009,1.218784732712573E-002,
4.102644096836837E+009,1.169573670070757E-002,
4.107628962082082E+009,1.126117771885925E-002,
4.112613827327327E+009,1.073359248069009E-002,
4.117598692572573E+009,1.033784795240300E-002,
4.122583557817818E+009,9.968511644416344E-003,
4.127568423063063E+009,9.698093148688945E-003,
4.132553288308308E+009,9.555408738285785E-003,
4.137538153553554E+009,9.453330972985726E-003,
4.142523018798799E+009,9.505426107789280E-003,
4.147507884044044E+009,9.467528127342233E-003,
4.152492749289290E+009,9.575652989703814E-003,
4.157477614534535E+009,9.776009060341748E-003,
4.162462479779780E+009,9.995645694009502E-003,
4.167447345025025E+009,9.997299068436206E-003,
4.172432210270270E+009,1.001978389180609E-002,
4.177417075515515E+009,9.946308555286387E-003,
4.182401940760761E+009,9.803801052254868E-003,
4.187386806006006E+009,9.631776984181866E-003,
4.192371671251251E+009,9.437754971370787E-003,
4.197356536496497E+009,9.126571969714200E-003,
4.202341401741742E+009,8.817845425013711E-003,
4.207326266986987E+009,8.481703588960334E-003,
4.212311132232232E+009,8.220502052940242E-003,
4.217295997477478E+009,7.745764436503398E-003,
4.222280862722723E+009,7.497778462672355E-003,
4.227265727967968E+009,7.334331083759170E-003,
4.232250593213213E+009,7.164620535166179E-003,
4.237235458458458E+009,7.135567357852752E-003,
4.242220323703704E+009,6.909264012718732E-003,
4.247205188948949E+009,6.696270852515525E-003,
4.252190054194194E+009,6.560411823035782E-003,
4.257174919439439E+009,6.402495730973557E-003,
4.262159784684685E+009,6.380770405035822E-003,
4.267144649929930E+009,6.309841331425420E-003,
4.272129515175175E+009,6.241143888345116E-003,
4.277114380420421E+009,6.001285686953799E-003,
4.282099245665666E+009,5.674823917567653E-003,
4.287084110910911E+009,5.348426949332802E-003,
4.292068976156156E+009,4.934342331307366E-003,
4.297053841401402E+009,4.593242502731994E-003,
4.302038706646647E+009,4.224559202944162E-003,
4.307023571891892E+009,3.940118413431582E-003,
4.312008437137137E+009,3.642711767365261E-003,
4.316993302382382E+009,3.614194074957695E-003,
4.321978167627627E+009,3.525796242512453E-003,
4.326963032872873E+009,3.533199324869831E-003,
4.331947898118118E+009,3.581781764965831E-003,
4.336932763363363E+009,3.676270227635504E-003,
4.341917628608608E+009,3.857293647091819E-003,
4.346902493853854E+009,4.043738633860276E-003,
4.351887359099099E+009,4.277997039459028E-003,
4.356872224344344E+009,4.563010455364595E-003,
4.361857089589590E+009,4.991394828481563E-003,
4.366841954834835E+009,5.250660893491580E-003,
4.371826820080080E+009,5.565777042227088E-003,
4.376811685325325E+009,5.872019251898767E-003,
4.381796550570571E+009,6.137504016567748E-003,
4.386781415815816E+009,6.506448505479583E-003,
4.391766281061061E+009,6.774445125229617E-003,
4.396751146306306E+009,7.085248018318259E-003,
4.401736011551552E+009,7.164023020180257E-003,
4.406720876796797E+009,7.200430111726901E-003,
4.411705742042042E+009,7.351686291269141E-003,
4.416690607287288E+009,7.424355140936490E-003,
4.421675472532533E+009,7.398039444195383E-003,
4.426660337777778E+009,7.363737044216551E-003,
4.431645203023023E+009,7.153147962378094E-003,
4.436630068268269E+009,7.186935224248293E-003,
4.441614933513514E+009,7.091166912812304E-003,
4.446599798758759E+009,6.964370676587677E-003,
4.451584664004005E+009,6.846926594308032E-003,
4.456569529249250E+009,6.758476022254029E-003,
4.461554394494494E+009,6.697994833083267E-003,
4.466539259739739E+009,6.645025078636029E-003,
4.471524124984985E+009,6.747590711149392E-003,
4.476508990230230E+009,6.944854798229569E-003,
4.481493855475475E+009,7.046396549820063E-003,
4.486478720720720E+009,7.340871747725873E-003,
4.491463585965966E+009,7.531578001598964E-003,
4.496448451211211E+009,7.680524204822244E-003,
4.501433316456456E+009,7.868759314778073E-003,
4.506418181701702E+009,7.850838338935566E-003,
4.511403046946947E+009,7.869226398940445E-003,
4.516387912192192E+009,7.758272268481197E-003,
4.521372777437437E+009,7.753612311470205E-003,
4.526357642682683E+009,7.515746855161398E-003,
4.531342507927928E+009,7.281080613017054E-003,
4.536327373173173E+009,6.916686962269907E-003,
4.541312238418419E+009,6.502792189310348E-003,
4.546297103663664E+009,6.138828246636597E-003,
4.551281968908909E+009,5.758357650890243E-003,
4.556266834154154E+009,5.673859269470865E-003,
4.561251699399400E+009,5.460929425243244E-003,
4.566236564644645E+009,5.207327161325245E-003,
4.571221429889890E+009,5.123566775241822E-003,
4.576206295135135E+009,5.139514516288139E-003,
4.581191160380381E+009,5.088928001638503E-003,
4.586176025625626E+009,5.207253341043096E-003,
4.591160890870871E+009,5.188532961081321E-003,
4.596145756116117E+009,5.207857068399753E-003,
4.601130621361362E+009,5.229105666690111E-003,
4.606115486606607E+009,5.312924211073580E-003,
4.611100351851852E+009,5.196553995135425E-003,
4.616085217097097E+009,5.094307766683917E-003,
4.621070082342342E+009,4.761923785887762E-003,
4.626054947587587E+009,4.301272999908198E-003,
4.631039812832833E+009,3.809560564143929E-003,
4.636024678078078E+009,3.332735682418796E-003,
4.641009543323323E+009,3.022232790893454E-003,
4.645994408568568E+009,2.759129775215083E-003,
4.650979273813814E+009,2.396993256482745E-003,
4.655964139059059E+009,2.267341325818798E-003,
4.660949004304304E+009,2.252539182746071E-003,
4.665933869549550E+009,2.197645713813102E-003,
4.670918734794795E+009,2.308974074743731E-003,
4.675903600040040E+009,2.490537384489600E-003,
4.680888465285285E+009,2.481100024924506E-003,
4.685873330530531E+009,2.533436425429107E-003,
4.690858195775776E+009,2.696700166156466E-003,
4.695843061021021E+009,2.947720307417213E-003,
4.700827926266266E+009,3.212053357499972E-003,
4.705812791511512E+009,3.488061049159811E-003,
4.710797656756757E+009,3.684710203864369E-003,
4.715782522002002E+009,3.778267406327705E-003,
4.720767387247248E+009,3.847262869029877E-003,
4.725752252492493E+009,3.892916221273911E-003,
4.730737117737738E+009,3.931114078320116E-003,
4.735721982982983E+009,3.914576720915016E-003,
4.740706848228229E+009,3.987883485664218E-003,
4.745691713473474E+009,4.079062768763707E-003,
4.750676578718719E+009,4.157341663954505E-003,
4.755661443963965E+009,4.380771934636832E-003,
4.760646309209209E+009,4.584631127510870E-003,
4.765631174454454E+009,4.773001326922798E-003,
4.770616039699699E+009,5.105106495426983E-003,
4.775600904944945E+009,5.416775779873372E-003,
4.780585770190190E+009,5.660117493944970E-003,
4.785570635435435E+009,5.862275847216538E-003,
4.790555500680680E+009,6.248807315079273E-003,
4.795540365925926E+009,6.553364289044873E-003,
4.800525231171171E+009,7.061027168054989E-003,
4.805510096416416E+009,7.393652396458153E-003,
4.810494961661662E+009,7.908479415689382E-003,
4.815479826906907E+009,8.244635138965010E-003,
4.820464692152152E+009,8.517661493837756E-003,
4.825449557397397E+009,8.554077966146470E-003,
4.830434422642643E+009,8.533160813442393E-003,
4.835419287887888E+009,8.367268187160918E-003,
4.840404153133133E+009,8.246355793629803E-003,
4.845389018378379E+009,8.186761055283192E-003,
4.850373883623624E+009,7.948968833985430E-003,
4.855358748868869E+009,7.925110059847512E-003,
4.860343614114114E+009,7.785294103640239E-003,
4.865328479359360E+009,7.806830389346963E-003,
4.870313344604605E+009,7.799837234415311E-003,
4.875298209849850E+009,7.807254655511865E-003,
4.880283075095095E+009,8.014231038853355E-003,
4.885267940340341E+009,8.195314122030640E-003,
4.890252805585586E+009,8.265342135472472E-003,
4.895237670830831E+009,8.712871196370145E-003,
4.900222536076077E+009,8.976812828658377E-003,
4.905207401321322E+009,9.389978305992927E-003,
4.910192266566567E+009,9.599786518711280E-003,
4.915177131811811E+009,9.859531092281867E-003,
4.920161997057057E+009,9.998195300713417E-003,
4.925146862302302E+009,9.993991792660138E-003,
4.930131727547547E+009,9.990142978405293E-003,
4.935116592792793E+009,9.738061612472813E-003,
4.940101458038038E+009,9.544079657832483E-003,
4.945086323283283E+009,9.368630408350221E-003,
4.950071188528528E+009,9.137641344479485E-003,
4.955056053773774E+009,8.956958731675298E-003,
4.960040919019019E+009,8.853925031094735E-003,
4.965025784264264E+009,8.775061800747015E-003,
4.970010649509509E+009,8.622672902968902E-003,
4.974995514754755E+009,8.655519875353814E-003,
4.979980380000000E+009,8.824623228933150E-003,
