% Version 1.00
%
% Ref Impedances: Z01: 50, Z02: 50
% 
%freq[Hz];Trc1_S21[U];
1.000000000000000E+005,4.171181872276626E-005,
5.084865245245245E+006,3.325546435569819E-004,
1.006973049049049E+007,9.433163585714045E-004,
1.505459573573574E+007,1.944964692734693E-003,
2.003946098098098E+007,2.435435725422702E-003,
2.502432622622623E+007,3.440693143886534E-003,
3.000919147147147E+007,4.841640346119858E-003,
3.499405671671671E+007,8.035053355494844E-003,
3.997892196196196E+007,1.490600818436492E-002,
4.496378720720721E+007,4.269105755482470E-002,
4.994865245245245E+007,7.620459471000290E-002,
5.493351769769770E+007,3.085982645015114E-002,
5.991838294294295E+007,2.466879831506455E-002,
6.490324818818819E+007,1.691377372562478E-002,
6.988811343343343E+007,1.255928881288892E-002,
7.487297867867868E+007,1.003307807513864E-002,
7.985784392392393E+007,8.258530047201566E-003,
8.484270916916917E+007,8.313613170126419E-003,
8.982757441441442E+007,8.642503125002709E-003,
9.481243965965965E+007,9.422329819187352E-003,
9.979730490490490E+007,1.031813221463194E-002,
1.047821701501502E+008,1.176022909998062E-002,
1.097670353953954E+008,1.390568431073794E-002,
1.147519006406407E+008,1.643445126836321E-002,
1.197367658858859E+008,1.903968507028502E-002,
1.247216311311311E+008,2.263909881882665E-002,
1.297064963763764E+008,2.846307195844314E-002,
1.346913616216216E+008,3.650058331253887E-002,
1.396762268668669E+008,5.061995752950369E-002,
1.446610921121121E+008,7.700245743948957E-002,
1.496459573573574E+008,1.335864964958319E-001,
1.546308226026026E+008,1.735222881194951E-001,
1.596156878478479E+008,1.219817413552742E-001,
1.646005530930931E+008,9.419091370329652E-002,
1.695854183383384E+008,8.201272182174346E-002,
1.745702835835836E+008,6.471174815765891E-002,
1.795551488288288E+008,4.057476556201720E-002,
1.845400140740741E+008,2.471936813691349E-002,
1.895248793193193E+008,1.642851315617988E-002,
1.945097445645646E+008,1.214912838000945E-002,
1.994946098098098E+008,1.024703220310605E-002,
2.044794750550551E+008,7.988175566659853E-003,
2.094643403003003E+008,6.935261369603811E-003,
2.144492055455456E+008,5.996326640851709E-003,
2.194340707907908E+008,6.163297296073077E-003,
2.244189360360360E+008,6.802540120821326E-003,
2.294038012812813E+008,8.276656189927819E-003,
2.343886665265265E+008,1.075189169594372E-002,
2.393735317717718E+008,1.346361787444079E-002,
2.443583970170170E+008,1.708236249953982E-002,
2.493432622622623E+008,2.190491978472896E-002,
2.543281275075075E+008,2.909359958409271E-002,
2.593129927527528E+008,3.980086370493281E-002,
2.642978579979980E+008,5.649147592311474E-002,
2.692827232432432E+008,8.609120427360903E-002,
2.742675884884885E+008,1.475640849329336E-001,
2.792524537337337E+008,2.585571089654455E-001,
2.842373189789790E+008,1.868955930572016E-001,
2.892221842242242E+008,1.130816159751086E-001,
2.942070494694695E+008,7.879270645397984E-002,
2.991919147147147E+008,6.027045256993550E-002,
3.041767799599600E+008,4.861395176216413E-002,
3.091616452052052E+008,4.086171430806125E-002,
3.141465104504505E+008,3.516697828896137E-002,
3.191313756956957E+008,2.970940472419949E-002,
3.241162409409409E+008,2.594161427354091E-002,
3.291011061861862E+008,2.262418872284377E-002,
3.340859714314314E+008,1.956153047439731E-002,
3.390708366766767E+008,1.622088727682339E-002,
3.440557019219219E+008,1.426682774830363E-002,
3.490405671671672E+008,1.250816165992794E-002,
3.540254324124124E+008,1.111938930170656E-002,
3.590102976576577E+008,1.000643941749158E-002,
3.639951629029029E+008,9.294836783234449E-003,
3.689800281481482E+008,8.222803708562636E-003,
3.739648933933934E+008,7.649362855713276E-003,
3.789497586386386E+008,7.274307981739231E-003,
3.839346238838839E+008,7.439134868531607E-003,
3.889194891291291E+008,7.703897112815919E-003,
3.939043543743744E+008,8.393453609532111E-003,
3.988892196196196E+008,8.168470477525197E-003,
4.038740848648649E+008,8.080390086259734E-003,
4.088589501101101E+008,7.979500116828261E-003,
4.138438153553554E+008,7.538733974171861E-003,
4.188286806006006E+008,8.438431939738816E-003,
4.238135458458459E+008,1.143472256563024E-002,
4.287984110910911E+008,1.390228323016251E-002,
4.337832763363363E+008,1.437139859985374E-002,
4.387681415815816E+008,1.452071162175853E-002,
4.437530068268268E+008,1.462243884914169E-002,
4.487378720720721E+008,1.464890440413974E-002,
4.537227373173173E+008,1.468248686537843E-002,
4.587076025625626E+008,1.503493347745066E-002,
4.636924678078078E+008,1.576451575408608E-002,
4.686773330530531E+008,1.680931535553435E-002,
4.736621982982983E+008,1.832347926464483E-002,
4.786470635435436E+008,1.992374784765685E-002,
4.836319287887888E+008,2.159590948216943E-002,
4.886167940340340E+008,2.326495436280694E-002,
4.936016592792793E+008,2.459071066314506E-002,
4.985865245245245E+008,2.625765809970370E-002,
5.035713897697698E+008,2.735585463389206E-002,
5.085562550150150E+008,2.886294177395032E-002,
5.135411202602603E+008,3.035802090597371E-002,
5.185259855055055E+008,3.112577469878312E-002,
5.235108507507508E+008,3.193574825668966E-002,
5.284957159959960E+008,3.271919651485403E-002,
5.334805812412412E+008,3.348069299450251E-002,
5.384654464864864E+008,3.440374199068657E-002,
5.434503117317318E+008,3.542247806614470E-002,
5.484351769769770E+008,3.719983619334825E-002,
5.534200422222222E+008,3.878471414043297E-002,
5.584049074674674E+008,3.966987528657164E-002,
5.633897727127128E+008,4.077909787997668E-002,
5.683746379579580E+008,4.224846758122270E-002,
5.733595032032032E+008,4.284145216799535E-002,
5.783443684484484E+008,4.390732341688342E-002,
5.833292336936938E+008,4.380368273706484E-002,
5.883140989389390E+008,4.352418441204777E-002,
5.932989641841842E+008,4.358487883058247E-002,
5.982838294294294E+008,4.437689718810201E-002,
6.032686946746746E+008,4.516233397973863E-002,
6.082535599199200E+008,4.627367638798687E-002,
6.132384251651652E+008,4.730910385598227E-002,
6.182232904104104E+008,4.875609621154749E-002,
6.232081556556556E+008,4.978821440438584E-002,
6.281930209009010E+008,5.186970006552384E-002,
6.331778861461462E+008,5.401934877097143E-002,
6.381627513913914E+008,5.666822106545887E-002,
6.431476166366366E+008,5.973770335343399E-002,
6.481324818818818E+008,6.325828699803247E-002,
6.531173471271272E+008,6.833294684501041E-002,
6.581022123723724E+008,7.311319611457731E-002,
6.630870776176176E+008,7.822917499482944E-002,
6.680719428628628E+008,8.470090641935947E-002,
6.730568081081082E+008,9.054935107313707E-002,
6.780416733533534E+008,9.608018284477508E-002,
6.830265385985986E+008,1.005980106728124E-001,
6.880114038438438E+008,1.055914059583368E-001,
6.929962690890890E+008,1.107738922196847E-001,
6.979811343343344E+008,1.165468975680640E-001,
7.029659995795796E+008,1.221277576205662E-001,
7.079508648248248E+008,1.263381963229813E-001,
7.129357300700700E+008,1.295052749303245E-001,
7.179205953153154E+008,1.333436022593744E-001,
7.229054605605606E+008,1.358434210424627E-001,
7.278903258058058E+008,1.390896750630416E-001,
7.328751910510510E+008,1.412486085133652E-001,
7.378600562962964E+008,1.439468780984138E-001,
7.428449215415416E+008,1.476188781371442E-001,
7.478297867867868E+008,1.514814351674113E-001,
7.528146520320320E+008,1.556656527500205E-001,
7.577995172772772E+008,1.614525133547672E-001,
7.627843825225226E+008,1.661871751170848E-001,
7.677692477677678E+008,1.696324888530131E-001,
7.727541130130130E+008,1.709465697484439E-001,
7.777389782582582E+008,1.701606209533035E-001,
7.827238435035036E+008,1.652859695888774E-001,
7.877087087487488E+008,1.583803117986518E-001,
7.926935739939940E+008,1.522486329606673E-001,
7.976784392392392E+008,1.456782205787880E-001,
8.026633044844844E+008,1.415864863596160E-001,
8.076481697297298E+008,1.394068447024836E-001,
8.126330349749750E+008,1.375555260697693E-001,
8.176179002202202E+008,1.381743815306921E-001,
8.226027654654654E+008,1.416027541000591E-001,
8.275876307107108E+008,1.449758764933370E-001,
8.325724959559560E+008,1.490763043450382E-001,
8.375573612012012E+008,1.544260133480065E-001,
8.425422264464464E+008,1.595752303277797E-001,
8.475270916916918E+008,1.642924006998505E-001,
8.525119569369370E+008,1.666058640181320E-001,
8.574968221821822E+008,1.697155226554911E-001,
8.624816874274274E+008,1.717568756480949E-001,
8.674665526726726E+008,1.705685620102099E-001,
8.724514179179180E+008,1.691760043693330E-001,
8.774362831631632E+008,1.674390442710776E-001,
8.824211484084084E+008,1.637929272439897E-001,
8.874060136536536E+008,1.602245451205357E-001,
8.923908788988990E+008,1.577852777383740E-001,
8.973757441441442E+008,1.571749722701843E-001,
9.023606093893894E+008,1.582628066364298E-001,
9.073454746346346E+008,1.599900921806705E-001,
9.123303398798798E+008,1.615491175856342E-001,
9.173152051251252E+008,1.620668411346091E-001,
9.223000703703704E+008,1.631501953291163E-001,
9.272849356156156E+008,1.646942405077278E-001,
9.322698008608608E+008,1.653894971418364E-001,
9.372546661061062E+008,1.656154938461013E-001,
9.422395313513514E+008,1.666404484130061E-001,
9.472243965965966E+008,1.650846498903241E-001,
9.522092618418418E+008,1.622819186374841E-001,
9.571941270870872E+008,1.589589366182140E-001,
9.621789923323324E+008,1.565613051423128E-001,
9.671638575775776E+008,1.525375994185487E-001,
9.721487228228228E+008,1.499208619369315E-001,
9.771335880680680E+008,1.475662682699140E-001,
9.821184533133134E+008,1.436813963429130E-001,
9.871033185585586E+008,1.396435775503975E-001,
9.920881838038038E+008,1.356977700890065E-001,
9.970730490490490E+008,1.329740538934859E-001,
1.002057914294294E+009,1.313004459172717E-001,
1.007042779539540E+009,1.308040986656227E-001,
1.012027644784785E+009,1.307003294060449E-001,
1.017012510030030E+009,1.303411134059162E-001,
1.021997375275275E+009,1.309538139647105E-001,
1.026982240520521E+009,1.311095894670027E-001,
1.031967105765766E+009,1.300645795534437E-001,
1.036951971011011E+009,1.265552365587263E-001,
1.041936836256256E+009,1.220317134490903E-001,
1.046921701501502E+009,1.177766058875943E-001,
1.051906566746747E+009,1.135709125462125E-001,
1.056891431991992E+009,1.103446230753857E-001,
1.061876297237237E+009,1.066367965901467E-001,
1.066861162482482E+009,1.037691788678472E-001,
1.071846027727728E+009,1.024912804826049E-001,
1.076830892972973E+009,1.024280451724420E-001,
1.081815758218218E+009,1.018693895847405E-001,
1.086800623463464E+009,1.024668533443760E-001,
1.091785488708709E+009,1.038035765150694E-001,
1.096770353953954E+009,1.061954292772847E-001,
1.101755219199199E+009,1.082975044422862E-001,
1.106740084444444E+009,1.092859215474623E-001,
1.111724949689690E+009,1.101981863193586E-001,
1.116709814934935E+009,1.101399388820729E-001,
1.121694680180180E+009,1.110767798939358E-001,
1.126679545425426E+009,1.115256963025088E-001,
1.131664410670671E+009,1.102656400458400E-001,
1.136649275915916E+009,1.080924515125075E-001,
1.141634141161161E+009,1.045366401324350E-001,
1.146619006406406E+009,1.002574173515944E-001,
1.151603871651652E+009,9.639142122316162E-002,
1.156588736896897E+009,9.280411076864577E-002,
1.161573602142142E+009,8.957705128325602E-002,
1.166558467387388E+009,8.760679509194695E-002,
1.171543332632633E+009,8.606838737388964E-002,
1.176528197877878E+009,8.507703374797429E-002,
1.181513063123123E+009,8.525551767580591E-002,
1.186497928368368E+009,8.521931946990670E-002,
1.191482793613614E+009,8.484662207527532E-002,
1.196467658858859E+009,8.499192229836222E-002,
1.201452524104104E+009,8.491237634054033E-002,
1.206437389349349E+009,8.528495737063198E-002,
1.211422254594595E+009,8.591609608808329E-002,
1.216407119839840E+009,8.585136743806500E-002,
1.221391985085085E+009,8.587161514394502E-002,
1.226376850330330E+009,8.537276866807039E-002,
1.231361715575576E+009,8.443440071702602E-002,
1.236346580820821E+009,8.384989956635035E-002,
1.241331446066066E+009,8.225223421541904E-002,
1.246316311311311E+009,8.079952584118412E-002,
1.251301176556557E+009,7.939312683877936E-002,
1.256286041801802E+009,7.806048457958144E-002,
1.261270907047047E+009,7.718179532412053E-002,
1.266255772292292E+009,7.722161254770957E-002,
1.271240637537538E+009,7.862525359567289E-002,
1.276225502782783E+009,7.922799638241812E-002,
1.281210368028028E+009,8.059688171458680E-002,
1.286195233273273E+009,8.189983281616273E-002,
1.291180098518518E+009,8.323011373459653E-002,
1.296164963763764E+009,8.402464690666878E-002,
1.301149829009009E+009,8.456751714480439E-002,
1.306134694254254E+009,8.507128058266633E-002,
1.311119559499500E+009,8.335196763734473E-002,
1.316104424744745E+009,8.103961512570654E-002,
1.321089289989990E+009,7.776232729187239E-002,
1.326074155235235E+009,7.438344824006180E-002,
1.331059020480480E+009,7.087414410587639E-002,
1.336043885725726E+009,6.732115859186710E-002,
1.341028750970971E+009,6.470764553474742E-002,
1.346013616216216E+009,6.197167952654615E-002,
1.350998481461462E+009,5.956532888586569E-002,
1.355983346706707E+009,5.830612671482356E-002,
1.360968211951952E+009,5.737594998003488E-002,
1.365953077197197E+009,5.709684113617845E-002,
1.370937942442442E+009,5.735938044857385E-002,
1.375922807687688E+009,5.782912221314186E-002,
1.380907672932933E+009,5.817779145774601E-002,
1.385892538178178E+009,5.841955087155860E-002,
1.390877403423424E+009,5.812848047779541E-002,
1.395862268668669E+009,5.834562215799729E-002,
1.400847133913914E+009,5.876764544236381E-002,
1.405831999159159E+009,5.861161916684012E-002,
1.410816864404404E+009,5.723678937530604E-002,
1.415801729649650E+009,5.662881839622854E-002,
1.420786594894895E+009,5.649221763819772E-002,
1.425771460140140E+009,5.629012999320590E-002,
1.430756325385386E+009,5.658951993086418E-002,
1.435741190630631E+009,5.691525446550911E-002,
1.440726055875876E+009,5.677972038873743E-002,
1.445710921121121E+009,5.719106642677226E-002,
1.450695786366366E+009,5.782267094325670E-002,
1.455680651611612E+009,5.850858039290720E-002,
1.460665516856857E+009,5.851726213963761E-002,
1.465650382102102E+009,5.896613553981329E-002,
1.470635247347347E+009,5.899464982660557E-002,
1.475620112592593E+009,5.868613684335998E-002,
1.480604977837838E+009,5.838466622120498E-002,
1.485589843083083E+009,5.794032440902651E-002,
1.490574708328328E+009,5.709126095525067E-002,
1.495559573573574E+009,5.567052268166995E-002,
1.500544438818819E+009,5.449751462684471E-002,
1.505529304064064E+009,5.289428157474017E-002,
1.510514169309309E+009,5.063865330361934E-002,
1.515499034554555E+009,4.898744979370574E-002,
1.520483899799800E+009,4.760848415360015E-002,
1.525468765045045E+009,4.596734090748168E-002,
1.530453630290290E+009,4.497739434970689E-002,
1.535438495535536E+009,4.477070215138316E-002,
1.540423360780781E+009,4.420969138902547E-002,
1.545408226026026E+009,4.406067069939833E-002,
1.550393091271271E+009,4.529468559272899E-002,
1.555377956516516E+009,4.570955434356748E-002,
1.560362821761762E+009,4.691606023139204E-002,
1.565347687007007E+009,4.771090495941779E-002,
1.570332552252252E+009,4.839670833147082E-002,
1.575317417497498E+009,4.860647577270993E-002,
1.580302282742743E+009,4.861805460423072E-002,
1.585287147987988E+009,4.822166029836036E-002,
1.590272013233233E+009,4.783585472506773E-002,
1.595256878478478E+009,4.726039754911690E-002,
1.600241743723724E+009,4.687209807764451E-002,
1.605226608968969E+009,4.652362018170989E-002,
1.610211474214214E+009,4.635691761128306E-002,
1.615196339459460E+009,4.656081291895833E-002,
1.620181204704705E+009,4.707908149193018E-002,
1.625166069949950E+009,4.675528359764843E-002,
1.630150935195195E+009,4.677263776328380E-002,
1.635135800440440E+009,4.591378405035716E-002,
1.640120665685686E+009,4.517195159321205E-002,
1.645105530930931E+009,4.412268482934648E-002,
1.650090396176176E+009,4.337332826930281E-002,
1.655075261421422E+009,4.206792136449303E-002,
1.660060126666667E+009,4.099951361960370E-002,
1.665044991911912E+009,3.963702772394048E-002,
1.670029857157157E+009,3.840748868336599E-002,
1.675014722402402E+009,3.741420412333100E-002,
1.679999587647648E+009,3.611699427837439E-002,
1.684984452892893E+009,3.526254643394337E-002,
1.689969318138138E+009,3.431385776678545E-002,
1.694954183383384E+009,3.265310937610122E-002,
1.699939048628629E+009,3.144952914008523E-002,
1.704923913873874E+009,2.968646317623393E-002,
1.709908779119119E+009,2.896237918037710E-002,
1.714893644364364E+009,2.803276375704682E-002,
1.719878509609610E+009,2.666837215447093E-002,
1.724863374854855E+009,2.562134062773407E-002,
1.729848240100100E+009,2.467104537460270E-002,
1.734833105345345E+009,2.418785489759308E-002,
1.739817970590591E+009,2.353847539062475E-002,
1.744802835835836E+009,2.300875812672181E-002,
1.749787701081081E+009,2.356966688584482E-002,
1.754772566326326E+009,2.494678913720536E-002,
1.759757431571572E+009,2.696370254951598E-002,
1.764742296816817E+009,2.889858730865546E-002,
1.769727162062062E+009,3.069253129337535E-002,
1.774712027307307E+009,3.172968477540741E-002,
1.779696892552553E+009,3.223144960983013E-002,
1.784681757797798E+009,3.229395678788188E-002,
1.789666623043043E+009,3.268549197920129E-002,
1.794651488288288E+009,3.369236753895907E-002,
1.799636353533534E+009,3.423270768320604E-002,
1.804621218778779E+009,3.493594470947502E-002,
1.809606084024024E+009,3.590489803390595E-002,
1.814590949269269E+009,3.588451358454430E-002,
1.819575814514514E+009,3.565143653348520E-002,
1.824560679759760E+009,3.513367155762081E-002,
1.829545545005005E+009,3.469340913464923E-002,
1.834530410250250E+009,3.346989939141132E-002,
1.839515275495496E+009,3.240157247448768E-002,
1.844500140740741E+009,3.161308171665694E-002,
1.849485005985986E+009,3.050659713584053E-002,
1.854469871231231E+009,3.012859592518091E-002,
1.859454736476476E+009,2.986003097489162E-002,
1.864439601721722E+009,2.958057859411252E-002,
1.869424466966967E+009,2.994117208279858E-002,
1.874409332212212E+009,3.011109020269777E-002,
1.879394197457458E+009,2.938444781555241E-002,
1.884379062702703E+009,2.830224801343485E-002,
1.889363927947948E+009,2.748534928895943E-002,
1.894348793193193E+009,2.665794499924694E-002,
1.899333658438438E+009,2.643027025495880E-002,
1.904318523683684E+009,2.713993888155083E-002,
1.909303388928929E+009,2.723260128419505E-002,
1.914288254174174E+009,2.696090716430729E-002,
1.919273119419420E+009,2.729836417421649E-002,
1.924257984664665E+009,2.804353001019882E-002,
1.929242849909910E+009,2.907142755472236E-002,
1.934227715155155E+009,2.927453118564130E-002,
1.939212580400400E+009,2.966471389586988E-002,
1.944197445645646E+009,2.959741200863212E-002,
1.949182310890891E+009,2.925333276212773E-002,
1.954167176136136E+009,2.941671675190341E-002,
1.959152041381382E+009,2.907745568131137E-002,
1.964136906626627E+009,2.905577507985350E-002,
1.969121771871872E+009,2.919611691354104E-002,
1.974106637117117E+009,2.961604346294686E-002,
1.979091502362362E+009,2.951436692701083E-002,
1.984076367607608E+009,2.987854421429722E-002,
1.989061232852853E+009,2.958586970840617E-002,
1.994046098098098E+009,2.939914265650706E-002,
1.999030963343343E+009,2.962421573884817E-002,
2.004015828588589E+009,2.905415496816023E-002,
2.009000693833834E+009,2.890515855497429E-002,
2.013985559079079E+009,2.846758609467778E-002,
2.018970424324324E+009,2.786993737745619E-002,
2.023955289569570E+009,2.782786586350661E-002,
2.028940154814815E+009,2.668104003426394E-002,
2.033925020060060E+009,2.576012161654970E-002,
2.038909885305305E+009,2.502550286766067E-002,
2.043894750550551E+009,2.410776786501010E-002,
2.048879615795796E+009,2.292787710585875E-002,
2.053864481041041E+009,2.126780396522050E-002,
2.058849346286286E+009,1.938175432826897E-002,
2.063834211531532E+009,1.791410302120498E-002,
2.068819076776777E+009,1.668012142584432E-002,
2.073803942022022E+009,1.519798596947511E-002,
2.078788807267267E+009,1.465369460441234E-002,
2.083773672512512E+009,1.319901891989550E-002,
2.088758537757758E+009,1.221652058441459E-002,
2.093743403003003E+009,1.062131877028886E-002,
2.098728268248248E+009,9.557326405550109E-003,
2.103713133493494E+009,7.745433678855189E-003,
2.108697998738739E+009,6.275429159868395E-003,
2.113682863983984E+009,4.801056110560952E-003,
2.118667729229229E+009,3.553993166778085E-003,
2.123652594474474E+009,2.292575360816803E-003,
2.128637459719720E+009,1.129325790812122E-003,
2.133622324964965E+009,1.942439000542100E-004,
2.138607190210210E+009,1.028492663731437E-003,
2.143592055455456E+009,2.114830409564969E-003,
2.148576920700701E+009,3.264049836523569E-003,
2.153561785945946E+009,4.265854534058520E-003,
2.158546651191191E+009,5.177296615590039E-003,
2.163531516436437E+009,6.044264757583843E-003,
2.168516381681682E+009,6.654890861247749E-003,
2.173501246926927E+009,7.271091534265422E-003,
2.178486112172172E+009,7.903002082900956E-003,
2.183470977417418E+009,8.324416181833178E-003,
2.188455842662663E+009,8.830686536452316E-003,
2.193440707907908E+009,9.512017937668418E-003,
2.198425573153153E+009,1.007122265939226E-002,
2.203410438398398E+009,1.019761538908751E-002,
2.208395303643644E+009,1.067932727409876E-002,
2.213380168888889E+009,1.076095444863102E-002,
2.218365034134134E+009,1.100094039965715E-002,
2.223349899379379E+009,1.097922164019111E-002,
2.228334764624625E+009,1.114197944815306E-002,
2.233319629869870E+009,1.072544555437524E-002,
2.238304495115115E+009,1.063747891195331E-002,
2.243289360360360E+009,1.054291177746190E-002,
2.248274225605606E+009,1.040515390951826E-002,
2.253259090850851E+009,1.036073549806708E-002,
2.258243956096096E+009,1.032519968964100E-002,
2.263228821341342E+009,1.002656619544187E-002,
2.268213686586587E+009,1.023820253092218E-002,
2.273198551831832E+009,1.053122683550407E-002,
2.278183417077077E+009,1.080549141173937E-002,
2.283168282322322E+009,1.088224877542088E-002,
2.288153147567567E+009,1.134548480725094E-002,
2.293138012812813E+009,1.110276177053788E-002,
2.298122878058058E+009,1.167976625037386E-002,
2.303107743303303E+009,1.229322231417295E-002,
2.308092608548549E+009,1.258629717421744E-002,
2.313077473793794E+009,1.333067748665316E-002,
2.318062339039039E+009,1.482577862959686E-002,
2.323047204284284E+009,1.568918359148190E-002,
2.328032069529530E+009,1.739093135240433E-002,
2.333016934774775E+009,1.833132294030398E-002,
2.338001800020020E+009,1.962730290585955E-002,
2.342986665265266E+009,2.036294970036076E-002,
2.347971530510510E+009,2.130923485934642E-002,
2.352956395755756E+009,2.252040806709843E-002,
2.357941261001001E+009,2.295395051717534E-002,
2.362926126246246E+009,2.333540916374587E-002,
2.367910991491491E+009,2.369721896673767E-002,
2.372895856736737E+009,2.452872781201492E-002,
2.377880721981982E+009,2.495947016078721E-002,
2.382865587227227E+009,2.531934456299461E-002,
2.387850452472473E+009,2.571191419558509E-002,
2.392835317717718E+009,2.559708083630926E-002,
2.397820182962963E+009,2.580483170082839E-002,
2.402805048208208E+009,2.614994027778490E-002,
2.407789913453454E+009,2.631597876062639E-002,
2.412774778698699E+009,2.576928808226888E-002,
2.417759643943944E+009,2.576477808889663E-002,
2.422744509189189E+009,2.596772105782851E-002,
2.427729374434434E+009,2.625159760264505E-002,
2.432714239679680E+009,2.640907920371425E-002,
2.437699104924925E+009,2.602201295019537E-002,
2.442683970170170E+009,2.543015694983551E-002,
2.447668835415415E+009,2.452793661138983E-002,
2.452653700660661E+009,2.446829140394753E-002,
2.457638565905906E+009,2.371693770295435E-002,
2.462623431151151E+009,2.357885037819291E-002,
2.467608296396397E+009,2.291386979563538E-002,
2.472593161641642E+009,2.238726999662734E-002,
2.477578026886887E+009,2.162833628503206E-002,
2.482562892132132E+009,2.098342432195708E-002,
2.487547757377378E+009,2.078368736651121E-002,
2.492532622622623E+009,2.038766944104445E-002,
2.497517487867868E+009,2.020419410471323E-002,
2.502502353113113E+009,2.038892352068082E-002,
2.507487218358358E+009,2.139514030132213E-002,
2.512472083603604E+009,2.199721675454410E-002,
2.517456948848849E+009,2.280131639701622E-002,
2.522441814094094E+009,2.351185769408265E-002,
2.527426679339339E+009,2.373185835423764E-002,
2.532411544584585E+009,2.434073858867807E-002,
2.537396409829830E+009,2.473167976043346E-002,
2.542381275075075E+009,2.508796133610342E-002,
2.547366140320320E+009,2.469012687612120E-002,
2.552351005565566E+009,2.397555369961908E-002,
2.557335870810811E+009,2.369896578254846E-002,
2.562320736056056E+009,2.339344863737332E-002,
2.567305601301302E+009,2.317660448984560E-002,
2.572290466546547E+009,2.291046601643765E-002,
2.577275331791792E+009,2.258948340811641E-002,
2.582260197037037E+009,2.264267479721768E-002,
2.587245062282282E+009,2.273422217851291E-002,
2.592229927527527E+009,2.335758708140374E-002,
2.597214792772773E+009,2.436992621613763E-002,
2.602199658018018E+009,2.509751927868458E-002,
2.607184523263263E+009,2.530167515118814E-002,
2.612169388508509E+009,2.607003326690624E-002,
2.617154253753754E+009,2.618371273465020E-002,
2.622139118998999E+009,2.719081866017118E-002,
2.627123984244244E+009,2.871042520074535E-002,
2.632108849489490E+009,3.005914346658256E-002,
2.637093714734735E+009,3.155626921009291E-002,
2.642078579979980E+009,3.250899439671912E-002,
2.647063445225225E+009,3.382205092346155E-002,
2.652048310470470E+009,3.441735748012364E-002,
2.657033175715716E+009,3.469164261064938E-002,
2.662018040960961E+009,3.515321886331069E-002,
2.667002906206206E+009,3.535212352420839E-002,
2.671987771451451E+009,3.627090963564601E-002,
2.676972636696697E+009,3.612517600550583E-002,
2.681957501941942E+009,3.625627517761324E-002,
2.686942367187187E+009,3.635023310812867E-002,
2.691927232432433E+009,3.714940123432446E-002,
2.696912097677678E+009,3.752067809362251E-002,
2.701896962922923E+009,3.734590434491368E-002,
2.706881828168168E+009,3.784325783388444E-002,
2.711866693413414E+009,3.796592300523444E-002,
2.716851558658659E+009,3.825398244875002E-002,
2.721836423903904E+009,3.789415332482402E-002,
2.726821289149149E+009,3.718721657564410E-002,
2.731806154394394E+009,3.672790020611267E-002,
2.736791019639640E+009,3.592474835128351E-002,
2.741775884884885E+009,3.491661900216892E-002,
2.746760750130130E+009,3.397405985459612E-002,
2.751745615375375E+009,3.326045676327146E-002,
2.756730480620621E+009,3.235638204831075E-002,
2.761715345865866E+009,3.192571080272049E-002,
2.766700211111111E+009,3.143166997658678E-002,
2.771685076356356E+009,3.108128521187040E-002,
2.776669941601602E+009,3.070335531165956E-002,
2.781654806846847E+009,3.102604115783135E-002,
2.786639672092092E+009,3.163052744646316E-002,
2.791624537337338E+009,3.140420163843449E-002,
2.796609402582583E+009,3.102545954948146E-002,
2.801594267827828E+009,3.150230210386801E-002,
2.806579133073073E+009,3.172319150345095E-002,
2.811563998318318E+009,3.117337632236831E-002,
2.816548863563564E+009,3.114836291810450E-002,
2.821533728808809E+009,3.078724525327774E-002,
2.826518594054054E+009,3.114430431947331E-002,
2.831503459299299E+009,3.122427125922202E-002,
2.836488324544545E+009,3.135147664773698E-002,
2.841473189789790E+009,3.096578605762787E-002,
2.846458055035035E+009,3.170949887481365E-002,
2.851442920280280E+009,3.141399576701987E-002,
2.856427785525526E+009,3.159134227354032E-002,
2.861412650770771E+009,3.138077835806652E-002,
2.866397516016016E+009,3.115098084111003E-002,
2.871382381261262E+009,3.028561715303120E-002,
2.876367246506506E+009,2.926054907265260E-002,
2.881352111751752E+009,2.854199653192526E-002,
2.886336976996997E+009,2.702163803282622E-002,
2.891321842242242E+009,2.550622311393139E-002,
2.896306707487487E+009,2.378721025594349E-002,
2.901291572732733E+009,2.196504075319818E-002,
2.906276437977978E+009,2.010440898681664E-002,
2.911261303223223E+009,1.894942779645102E-002,
2.916246168468469E+009,1.773218346146453E-002,
2.921231033713714E+009,1.754533434344103E-002,
2.926215898958959E+009,1.668362822074795E-002,
2.931200764204204E+009,1.621774936231946E-002,
2.936185629449450E+009,1.567150096760099E-002,
2.941170494694695E+009,1.563689820047670E-002,
2.946155359939940E+009,1.504457079118929E-002,
2.951140225185185E+009,1.495659680687659E-002,
2.956125090430430E+009,1.440481004060775E-002,
2.961109955675676E+009,1.381941270028322E-002,
2.966094820920921E+009,1.377580849841714E-002,
2.971079686166166E+009,1.289065652256831E-002,
2.976064551411411E+009,1.261292660465191E-002,
2.981049416656657E+009,1.162619833391123E-002,
2.986034281901902E+009,1.104297444500529E-002,
2.991019147147147E+009,9.777174084319410E-003,
2.996004012392393E+009,9.044131239774314E-003,
3.000988877637638E+009,8.204301384526788E-003,
3.005973742882883E+009,7.408697775934847E-003,
3.010958608128128E+009,6.694060611497474E-003,
3.015943473373374E+009,6.056761741620137E-003,
3.020928338618619E+009,5.424360502701210E-003,
3.025913203863864E+009,4.959959859251214E-003,
3.030898069109109E+009,4.501172826703556E-003,
3.035882934354354E+009,4.059645209217057E-003,
3.040867799599600E+009,3.785606863975950E-003,
3.045852664844845E+009,3.497909313490043E-003,
3.050837530090090E+009,3.235956039950873E-003,
3.055822395335335E+009,3.111181882748585E-003,
3.060807260580581E+009,3.065881862851337E-003,
3.065792125825826E+009,3.235146596474272E-003,
3.070776991071071E+009,3.426197508591676E-003,
3.075761856316316E+009,3.754667592318362E-003,
3.080746721561562E+009,4.195573710027483E-003,
3.085731586806807E+009,4.664049496026499E-003,
3.090716452052052E+009,5.161129796816356E-003,
3.095701317297298E+009,5.686638223022885E-003,
3.100686182542543E+009,6.149639684144024E-003,
3.105671047787788E+009,6.569214200318857E-003,
3.110655913033033E+009,6.765850960531948E-003,
3.115640778278278E+009,6.932687558103497E-003,
3.120625643523523E+009,7.226997633345696E-003,
3.125610508768769E+009,7.503601550018266E-003,
3.130595374014014E+009,7.830234983120748E-003,
3.135580239259259E+009,8.123593635749509E-003,
3.140565104504505E+009,8.290991339879966E-003,
3.145549969749750E+009,8.506072397758142E-003,
3.150534834994995E+009,8.688502158650857E-003,
3.155519700240240E+009,9.004876735571286E-003,
3.160504565485486E+009,9.290533120290680E-003,
3.165489430730731E+009,9.569458751641169E-003,
3.170474295975976E+009,9.865997385173015E-003,
3.175459161221221E+009,1.021623635844663E-002,
3.180444026466466E+009,1.031605318159210E-002,
3.185428891711712E+009,1.046490779647629E-002,
3.190413756956957E+009,1.078268411680620E-002,
3.195398622202202E+009,1.077569467240591E-002,
3.200383487447447E+009,1.076644288186627E-002,
3.205368352692693E+009,1.071416162086627E-002,
3.210353217937938E+009,1.055787523213571E-002,
3.215338083183183E+009,1.047364757351720E-002,
3.220322948428429E+009,1.032970379693941E-002,
3.225307813673674E+009,1.041015249311640E-002,
3.230292678918919E+009,1.051473035900382E-002,
3.235277544164164E+009,1.066269655617156E-002,
3.240262409409410E+009,1.102497471485596E-002,
3.245247274654655E+009,1.128679934818514E-002,
3.250232139899900E+009,1.158865851045484E-002,
3.255217005145145E+009,1.198323081566337E-002,
3.260201870390390E+009,1.241518408086000E-002,
3.265186735635636E+009,1.292133823252008E-002,
3.270171600880881E+009,1.320818706158447E-002,
3.275156466126126E+009,1.342279989799297E-002,
3.280141331371371E+009,1.365654943034375E-002,
3.285126196616617E+009,1.396225414785813E-002,
3.290111061861862E+009,1.414360212063199E-002,
3.295095927107107E+009,1.424158399216690E-002,
3.300080792352352E+009,1.412047911506526E-002,
3.305065657597598E+009,1.417008841909326E-002,
3.310050522842843E+009,1.392964265513601E-002,
3.315035388088088E+009,1.381223759034256E-002,
3.320020253333334E+009,1.368803089000262E-002,
3.325005118578579E+009,1.364802578333877E-002,
3.329989983823824E+009,1.339137188353066E-002,
3.334974849069069E+009,1.308175049877237E-002,
3.339959714314314E+009,1.274983998797976E-002,
3.344944579559560E+009,1.249662399826136E-002,
3.349929444804805E+009,1.226728739668809E-002,
3.354914310050050E+009,1.212119153271782E-002,
3.359899175295295E+009,1.192484029034483E-002,
3.364884040540541E+009,1.174875812456870E-002,
3.369868905785786E+009,1.138575465630247E-002,
3.374853771031031E+009,1.105340260549863E-002,
3.379838636276276E+009,1.074538331602206E-002,
3.384823501521522E+009,1.057433780255246E-002,
3.389808366766767E+009,1.027633809752482E-002,
3.394793232012012E+009,9.948650109689438E-003,
3.399778097257258E+009,9.760057253297420E-003,
3.404762962502502E+009,9.589727296507760E-003,
3.409747827747748E+009,9.631227222655683E-003,
3.414732692992993E+009,9.545569176555909E-003,
3.419717558238238E+009,9.595647932620542E-003,
3.424702423483483E+009,9.549264972554041E-003,
3.429687288728729E+009,9.737456003477795E-003,
3.434672153973974E+009,9.773382198118808E-003,
3.439657019219219E+009,9.770953464382315E-003,
3.444641884464465E+009,9.892478697195213E-003,
3.449626749709710E+009,1.010397994732270E-002,
3.454611614954955E+009,1.031156700623748E-002,
3.459596480200200E+009,1.049238417924289E-002,
3.464581345445446E+009,1.067631000400820E-002,
3.469566210690691E+009,1.078274910484512E-002,
3.474551075935936E+009,1.074045324238036E-002,
3.479535941181181E+009,1.076697730707293E-002,
3.484520806426426E+009,1.087137508342049E-002,
3.489505671671672E+009,1.095967481958355E-002,
3.494490536916917E+009,1.100528730997611E-002,
3.499475402162162E+009,1.109862542841305E-002,
3.504460267407407E+009,1.112552703866871E-002,
3.509445132652653E+009,1.112955872265751E-002,
3.514429997897898E+009,1.122888283153447E-002,
3.519414863143143E+009,1.122101517424799E-002,
3.524399728388389E+009,1.126151736349520E-002,
3.529384593633634E+009,1.102556038351488E-002,
3.534369458878879E+009,1.092972047218000E-002,
3.539354324124124E+009,1.098879533889785E-002,
3.544339189369370E+009,1.109619775677124E-002,
3.549324054614615E+009,1.134210241490238E-002,
3.554308919859860E+009,1.150291351190015E-002,
3.559293785105105E+009,1.177723969662035E-002,
3.564278650350350E+009,1.246619561009140E-002,
3.569263515595596E+009,1.311395253200318E-002,
3.574248380840841E+009,1.388296624760359E-002,
3.579233246086086E+009,1.476741280413742E-002,
3.584218111331331E+009,1.547699219518024E-002,
3.589202976576577E+009,1.609629173692461E-002,
3.594187841821822E+009,1.676995244092117E-002,
3.599172707067067E+009,1.737758656504762E-002,
3.604157572312312E+009,1.772356962326071E-002,
3.609142437557558E+009,1.836735228010294E-002,
3.614127302802803E+009,1.865740289228289E-002,
3.619112168048048E+009,1.881743888886711E-002,
3.624097033293294E+009,1.961517366158381E-002,
3.629081898538539E+009,1.913404727241314E-002,
3.634066763783784E+009,1.968122784261703E-002,
3.639051629029029E+009,1.928477958337272E-002,
3.644036494274274E+009,1.860418843330899E-002,
3.649021359519519E+009,1.887789845275980E-002,
3.654006224764765E+009,1.897521293583861E-002,
3.658991090010010E+009,1.887219809586126E-002,
3.663975955255255E+009,1.835011052656588E-002,
3.668960820500501E+009,1.785104800134934E-002,
3.673945685745746E+009,1.876238983554243E-002,
3.678930550990991E+009,1.858839942156979E-002,
3.683915416236236E+009,1.891175595177936E-002,
3.688900281481482E+009,1.885691769825188E-002,
3.693885146726727E+009,1.861668852800430E-002,
3.698870011971972E+009,1.944394945362383E-002,
3.703854877217217E+009,2.080928609362026E-002,
3.708839742462462E+009,2.106295483391017E-002,
3.713824607707708E+009,2.064666019768702E-002,
3.718809472952953E+009,2.058733739987678E-002,
3.723794338198198E+009,2.079294429883960E-002,
3.728779203443443E+009,2.094836328384532E-002,
3.733764068688689E+009,2.043278147293398E-002,
3.738748933933934E+009,2.073282973993137E-002,
3.743733799179179E+009,2.016544859188733E-002,
3.748718664424425E+009,2.078491656893847E-002,
3.753703529669670E+009,2.065806247874448E-002,
3.758688394914915E+009,2.096930884264696E-002,
3.763673260160160E+009,2.079632954087017E-002,
3.768658125405406E+009,2.127628130270522E-002,
3.773642990650651E+009,2.209720251716301E-002,
3.778627855895896E+009,2.202402582041175E-002,
3.783612721141141E+009,2.200583840629823E-002,
3.788597586386386E+009,2.239469049092662E-002,
3.793582451631632E+009,2.180443257489739E-002,
3.798567316876877E+009,2.183840445959762E-002,
3.803552182122122E+009,2.179222197595103E-002,
3.808537047367367E+009,2.106433317624537E-002,
3.813521912612613E+009,2.119225572191917E-002,
3.818506777857858E+009,2.020015615551125E-002,
3.823491643103103E+009,1.913525355884149E-002,
3.828476508348349E+009,1.838136163142514E-002,
3.833461373593594E+009,1.946811893968601E-002,
3.838446238838839E+009,1.846514154849002E-002,
3.843431104084084E+009,1.900421981099816E-002,
3.848415969329330E+009,1.872933698638298E-002,
3.853400834574575E+009,1.816028640986038E-002,
3.858385699819820E+009,1.833954956142646E-002,
3.863370565065065E+009,1.875915787823127E-002,
3.868355430310310E+009,1.874002920758277E-002,
3.873340295555556E+009,1.774249838820040E-002,
3.878325160800801E+009,1.798983282394795E-002,
3.883310026046046E+009,1.867701725527836E-002,
3.888294891291291E+009,1.766440980948426E-002,
3.893279756536537E+009,1.770166315537406E-002,
3.898264621781782E+009,1.767882246647521E-002,
3.903249487027027E+009,1.793724024708647E-002,
3.908234352272272E+009,1.721895191545471E-002,
3.913219217517518E+009,1.671436235532787E-002,
3.918204082762763E+009,1.682532141265307E-002,
3.923188948008008E+009,1.643137310476409E-002,
3.928173813253254E+009,1.660302332433844E-002,
3.933158678498498E+009,1.604162991988510E-002,
3.938143543743744E+009,1.572600704953059E-002,
3.943128408988989E+009,1.518008509378272E-002,
3.948113274234234E+009,1.553444260571489E-002,
3.953098139479479E+009,1.555734695899854E-002,
3.958083004724725E+009,1.560121408063050E-002,
3.963067869969970E+009,1.545432424585088E-002,
3.968052735215215E+009,1.590912092954437E-002,
3.973037600460461E+009,1.582167706321026E-002,
3.978022465705706E+009,1.562688222493864E-002,
3.983007330950951E+009,1.590009170300996E-002,
3.987992196196196E+009,1.489240129487272E-002,
3.992977061441442E+009,1.448648910551896E-002,
3.997961926686687E+009,1.497163393020965E-002,
4.002946791931932E+009,1.348597957895202E-002,
4.007931657177177E+009,1.319233070584822E-002,
4.012916522422422E+009,1.305580991160310E-002,
4.017901387667668E+009,1.292846298984904E-002,
4.022886252912913E+009,1.280599523694606E-002,
4.027871118158158E+009,1.273402988904319E-002,
4.032855983403403E+009,1.279336604272631E-002,
4.037840848648649E+009,1.278716921523936E-002,
4.042825713893894E+009,1.272835774069228E-002,
4.047810579139139E+009,1.282681673694120E-002,
4.052795444384385E+009,1.283227084259571E-002,
4.057780309629630E+009,1.286958760507902E-002,
4.062765174874875E+009,1.299775352609563E-002,
4.067750040120120E+009,1.306912697506101E-002,
4.072734905365366E+009,1.309505426992712E-002,
4.077719770610611E+009,1.325348811330503E-002,
4.082704635855856E+009,1.329957231477605E-002,
4.087689501101101E+009,1.332435589967188E-002,
4.092674366346346E+009,1.311393581283243E-002,
4.097659231591592E+009,1.289411894112602E-002,
4.102644096836837E+009,1.249792993562817E-002,
4.107628962082082E+009,1.206678359026961E-002,
4.112613827327327E+009,1.170164737851626E-002,
4.117598692572573E+009,1.133510301746135E-002,
4.122583557817818E+009,1.100961645058221E-002,
4.127568423063063E+009,1.079310636744361E-002,
4.132553288308308E+009,1.071831846506768E-002,
4.137538153553554E+009,1.061772239714823E-002,
4.142523018798799E+009,1.069003812477146E-002,
4.147507884044044E+009,1.079272853520063E-002,
4.152492749289290E+009,1.087362223733693E-002,
4.157477614534535E+009,1.090645649891765E-002,
4.162462479779780E+009,1.106377343248461E-002,
4.167447345025025E+009,1.120048432799945E-002,
4.172432210270270E+009,1.112328763416220E-002,
4.177417075515515E+009,1.110596642210711E-002,
4.182401940760761E+009,1.083153611130015E-002,
4.187386806006006E+009,1.056545600333300E-002,
4.192371671251251E+009,1.019952960551214E-002,
4.197356536496497E+009,9.722085063042951E-003,
4.202341401741742E+009,9.339762213451982E-003,
4.207326266986987E+009,8.859166495175328E-003,
4.212311132232232E+009,8.397970180606191E-003,
4.217295997477478E+009,7.891718208602110E-003,
4.222280862722723E+009,7.547348921534552E-003,
4.227265727967968E+009,7.168854302423273E-003,
4.232250593213213E+009,6.906365485362941E-003,
4.237235458458458E+009,6.710568044169911E-003,
4.242220323703704E+009,6.445116528485400E-003,
4.247205188948949E+009,6.175262252789419E-003,
4.252190054194194E+009,6.024027048466157E-003,
4.257174919439439E+009,5.949432483009509E-003,
4.262159784684685E+009,5.897576854840603E-003,
4.267144649929930E+009,5.871466879123005E-003,
4.272129515175175E+009,5.831303930313845E-003,
4.277114380420421E+009,5.692675754542150E-003,
4.282099245665666E+009,5.673241115158898E-003,
4.287084110910911E+009,5.578368826790931E-003,
4.292068976156156E+009,5.578505982477590E-003,
4.297053841401402E+009,5.531285819066085E-003,
4.302038706646647E+009,5.583971054990521E-003,
4.307023571891892E+009,5.439897353192161E-003,
4.312008437137137E+009,5.461863343451484E-003,
4.316993302382382E+009,5.402147892072139E-003,
4.321978167627627E+009,5.193689502504761E-003,
4.326963032872873E+009,5.033294028035130E-003,
4.331947898118118E+009,4.916924637963673E-003,
4.336932763363363E+009,4.811054491331786E-003,
4.341917628608608E+009,4.777684479132968E-003,
4.346902493853854E+009,4.721469335874225E-003,
4.351887359099099E+009,4.754604399794300E-003,
4.356872224344344E+009,4.792382378502490E-003,
4.361857089589590E+009,4.869818457002894E-003,
4.366841954834835E+009,4.926248672568819E-003,
4.371826820080080E+009,5.027053772375216E-003,
4.376811685325325E+009,5.097115023961468E-003,
4.381796550570571E+009,5.378382794002798E-003,
4.386781415815816E+009,5.430690726433427E-003,
4.391766281061061E+009,5.673119774471235E-003,
4.396751146306306E+009,5.751695575581194E-003,
4.401736011551552E+009,5.784213945815023E-003,
4.406720876796797E+009,5.848171225150826E-003,
4.411705742042042E+009,5.897993517092844E-003,
4.416690607287288E+009,6.014072697702019E-003,
4.421675472532533E+009,6.027147399767853E-003,
4.426660337777778E+009,6.063723930717727E-003,
4.431645203023023E+009,6.024588380787523E-003,
4.436630068268269E+009,5.995821692839970E-003,
4.441614933513514E+009,5.870861236713804E-003,
4.446599798758759E+009,5.864016081846650E-003,
4.451584664004005E+009,5.811990553721968E-003,
4.456569529249250E+009,5.721493790475099E-003,
4.461554394494494E+009,5.851259321042514E-003,
4.466539259739739E+009,5.923257737615751E-003,
4.471524124984985E+009,6.086893063532952E-003,
4.476508990230230E+009,6.150881799437481E-003,
4.481493855475475E+009,6.280946394724624E-003,
4.486478720720720E+009,6.348069551422132E-003,
4.491463585965966E+009,6.449986282483079E-003,
4.496448451211211E+009,6.465334445763298E-003,
4.501433316456456E+009,6.504457875289809E-003,
4.506418181701702E+009,6.452858140913002E-003,
4.511403046946947E+009,6.368410587161106E-003,
4.516387912192192E+009,6.168872768175584E-003,
4.521372777437437E+009,5.970376472768846E-003,
4.526357642682683E+009,5.632123501463636E-003,
4.531342507927928E+009,5.174489194858971E-003,
4.536327373173173E+009,4.790830806395092E-003,
4.541312238418419E+009,4.498841120912279E-003,
4.546297103663664E+009,4.093745959197000E-003,
4.551281968908909E+009,3.788354868873088E-003,
4.556266834154154E+009,3.499165227349808E-003,
4.561251699399400E+009,3.355782451008470E-003,
4.566236564644645E+009,3.160266641603714E-003,
4.571221429889890E+009,2.990332436272473E-003,
4.576206295135135E+009,2.890824513093236E-003,
4.581191160380381E+009,2.828655742064950E-003,
4.586176025625626E+009,2.696850119343180E-003,
4.591160890870871E+009,2.701130766807875E-003,
4.596145756116117E+009,2.666613197971722E-003,
4.601130621361362E+009,2.589420030250648E-003,
4.606115486606607E+009,2.408786281178294E-003,
4.611100351851852E+009,2.181178764281715E-003,
4.616085217097097E+009,1.975253302326788E-003,
4.621070082342342E+009,1.733518142690299E-003,
4.626054947587587E+009,1.472127238435752E-003,
4.631039812832833E+009,1.145925883526399E-003,
4.636024678078078E+009,9.317412301554506E-004,
4.641009543323323E+009,9.008131060740386E-004,
4.645994408568568E+009,8.985795519015792E-004,
4.650979273813814E+009,1.079525224165436E-003,
4.655964139059059E+009,1.190183641717738E-003,
4.660949004304304E+009,1.296633684778979E-003,
4.665933869549550E+009,1.388816413988305E-003,
4.670918734794795E+009,1.515789282041284E-003,
4.675903600040040E+009,1.742974369431418E-003,
4.680888465285285E+009,1.958716835468232E-003,
4.685873330530531E+009,2.308139736620436E-003,
4.690858195775776E+009,2.651786843292425E-003,
4.695843061021021E+009,3.080853099660233E-003,
4.700827926266266E+009,3.560918144695974E-003,
4.705812791511512E+009,3.987604358911962E-003,
4.710797656756757E+009,4.346594672145468E-003,
4.715782522002002E+009,4.625875047677721E-003,
4.720767387247248E+009,4.805188944440260E-003,
4.725752252492493E+009,4.879958434199981E-003,
4.730737117737738E+009,4.885220026158710E-003,
4.735721982982983E+009,4.953384122560859E-003,
4.740706848228229E+009,4.960366578049080E-003,
4.745691713473474E+009,4.942955391545724E-003,
4.750676578718719E+009,5.017139573729911E-003,
4.755661443963965E+009,5.007072016510607E-003,
4.760646309209209E+009,5.148276319330058E-003,
4.765631174454454E+009,5.396774453209794E-003,
4.770616039699699E+009,5.550915056745738E-003,
4.775600904944945E+009,5.737414739183263E-003,
4.780585770190190E+009,5.844889649258166E-003,
4.785570635435435E+009,6.107097178906965E-003,
4.790555500680680E+009,6.525294832944110E-003,
4.795540365925926E+009,6.973399252512587E-003,
4.800525231171171E+009,7.426051861285102E-003,
4.805510096416416E+009,7.862877529063804E-003,
4.810494961661662E+009,8.191128341295128E-003,
4.815479826906907E+009,8.365458180279813E-003,
4.820464692152152E+009,8.487476394075048E-003,
4.825449557397397E+009,8.484423377071174E-003,
4.830434422642643E+009,8.401174007541281E-003,
4.835419287887888E+009,8.127066643428375E-003,
4.840404153133133E+009,7.809370018734272E-003,
4.845389018378379E+009,7.704734171264302E-003,
4.850373883623624E+009,7.523508972985121E-003,
4.855358748868869E+009,7.394791170429008E-003,
4.860343614114114E+009,7.224456472298121E-003,
4.865328479359360E+009,7.363438721597023E-003,
4.870313344604605E+009,7.374039918510508E-003,
4.875298209849850E+009,7.432134251907459E-003,
4.880283075095095E+009,7.707185118867715E-003,
4.885267940340341E+009,8.104493305917844E-003,
4.890252805585586E+009,8.570126144076446E-003,
4.895237670830831E+009,8.900996932662849E-003,
4.900222536076077E+009,9.303196582519673E-003,
4.905207401321322E+009,9.703961669264122E-003,
4.910192266566567E+009,9.940947509056698E-003,
4.915177131811811E+009,1.018305607995147E-002,
4.920161997057057E+009,1.039521818064939E-002,
4.925146862302302E+009,1.059041916093479E-002,
4.930131727547547E+009,1.050468302177455E-002,
4.935116592792793E+009,1.040116937647693E-002,
4.940101458038038E+009,1.016292130644891E-002,
4.945086323283283E+009,9.876741061145141E-003,
4.950071188528528E+009,9.782190032602847E-003,
4.955056053773774E+009,9.420352173267827E-003,
4.960040919019019E+009,9.287384574921160E-003,
4.965025784264264E+009,9.076693669160902E-003,
4.970010649509509E+009,8.921800684237124E-003,
4.974995514754755E+009,8.898029331781391E-003,
4.979980380000000E+009,8.876635443148533E-003,
