% Version 1.00
%
% Ref Impedances: Z01: 50, Z02: 50
% 
%freq[Hz];Trc1_S21[U];
1.000000000000000E+005,2.652668096226951E-005,
5.084865245245245E+006,5.603354940471383E-004,
1.006973049049049E+007,8.983928117216819E-004,
1.505459573573574E+007,1.995369803853732E-003,
2.003946098098098E+007,2.427562872427772E-003,
2.502432622622623E+007,3.483660426360744E-003,
3.000919147147147E+007,4.771690008422288E-003,
3.499405671671671E+007,8.563257440725716E-003,
3.997892196196196E+007,1.475534481832765E-002,
4.496378720720721E+007,4.285406691774425E-002,
4.994865245245245E+007,7.312799005652061E-002,
5.493351769769770E+007,3.079801540047848E-002,
5.991838294294295E+007,2.460289457122680E-002,
6.490324818818819E+007,1.693471685672290E-002,
6.988811343343343E+007,1.247278328051931E-002,
7.487297867867868E+007,9.682605097713088E-003,
7.985784392392393E+007,8.134245642133622E-003,
8.484270916916917E+007,8.491459391354660E-003,
8.982757441441442E+007,9.330503411017353E-003,
9.481243965965965E+007,9.493825408399284E-003,
9.979730490490490E+007,1.080522124833848E-002,
1.047821701501502E+008,1.241605623446575E-002,
1.097670353953954E+008,1.464087293420908E-002,
1.147519006406407E+008,1.676733559377540E-002,
1.197367658858859E+008,1.956065556672666E-002,
1.247216311311311E+008,2.351105076493237E-002,
1.297064963763764E+008,2.937252478054932E-002,
1.346913616216216E+008,3.765867248137160E-002,
1.396762268668669E+008,5.228206267405596E-002,
1.446610921121121E+008,7.827053282114847E-002,
1.496459573573574E+008,1.359879254841055E-001,
1.546308226026026E+008,1.816119862495250E-001,
1.596156878478479E+008,1.279501615375880E-001,
1.646005530930931E+008,9.688436487755477E-002,
1.695854183383384E+008,8.277272642339825E-002,
1.745702835835836E+008,6.264568152480116E-002,
1.795551488288288E+008,3.852711884882436E-002,
1.845400140740741E+008,2.352464449432736E-002,
1.895248793193193E+008,1.591453962053317E-002,
1.945097445645646E+008,1.186234973398931E-002,
1.994946098098098E+008,1.009109384034655E-002,
2.044794750550551E+008,7.937033548726560E-003,
2.094643403003003E+008,6.471272321910492E-003,
2.144492055455456E+008,5.413406205903263E-003,
2.194340707907908E+008,5.214020339863376E-003,
2.244189360360360E+008,5.794149990165845E-003,
2.294038012812813E+008,7.145294792559475E-003,
2.343886665265265E+008,9.387979101835689E-003,
2.393735317717718E+008,1.218911285241340E-002,
2.443583970170170E+008,1.551791992759996E-002,
2.493432622622623E+008,2.068148354539217E-002,
2.543281275075075E+008,2.761739835262177E-002,
2.593129927527528E+008,3.900388227354909E-002,
2.642978579979980E+008,5.657681522442273E-002,
2.692827232432432E+008,8.853029422824058E-002,
2.742675884884885E+008,1.577628505732273E-001,
2.792524537337337E+008,2.517148217816294E-001,
2.842373189789790E+008,1.628422155230423E-001,
2.892221842242242E+008,1.017808439733066E-001,
2.942070494694695E+008,7.271763379248536E-002,
2.991919147147147E+008,5.631148246538459E-002,
3.041767799599600E+008,4.594498229502006E-002,
3.091616452052052E+008,3.882065289647150E-002,
3.141465104504505E+008,3.330767089268644E-002,
3.191313756956957E+008,2.900177835275057E-002,
3.241162409409409E+008,2.481505813834472E-002,
3.291011061861862E+008,2.187384075795562E-002,
3.340859714314314E+008,1.900065347466887E-002,
3.390708366766767E+008,1.617619220204613E-002,
3.440557019219219E+008,1.420533095862424E-002,
3.490405671671672E+008,1.267698222031866E-002,
3.540254324124124E+008,1.112682719696610E-002,
3.590102976576577E+008,1.007283199720806E-002,
3.639951629029029E+008,8.781387983370161E-003,
3.689800281481482E+008,8.175188352659644E-003,
3.739648933933934E+008,7.280865739150943E-003,
3.789497586386386E+008,6.888886407816414E-003,
3.839346238838839E+008,7.429904992612319E-003,
3.889194891291291E+008,7.638027892625228E-003,
3.939043543743744E+008,8.142610088182303E-003,
3.988892196196196E+008,8.211115246307181E-003,
4.038740848648649E+008,8.181068091633017E-003,
4.088589501101101E+008,7.927691114490638E-003,
4.138438153553554E+008,8.034061528224229E-003,
4.188286806006006E+008,8.484759259440445E-003,
4.238135458458459E+008,1.102514970259302E-002,
4.287984110910911E+008,1.319881393786135E-002,
4.337832763363363E+008,1.365889386060916E-002,
4.387681415815816E+008,1.382659709722452E-002,
4.437530068268268E+008,1.393313985827584E-002,
4.487378720720721E+008,1.411153750751260E-002,
4.537227373173173E+008,1.441256472421613E-002,
4.587076025625626E+008,1.440421948178473E-002,
4.636924678078078E+008,1.561677318121514E-002,
4.686773330530531E+008,1.651955887712775E-002,
4.736621982982983E+008,1.790692648640320E-002,
4.786470635435436E+008,1.928322456158998E-002,
4.836319287887888E+008,2.087311350057142E-002,
4.886167940340340E+008,2.265108121324236E-002,
4.936016592792793E+008,2.442334067113685E-002,
4.985865245245245E+008,2.579094791110524E-002,
5.035713897697698E+008,2.715732353077806E-002,
5.085562550150150E+008,2.833318841089170E-002,
5.135411202602603E+008,3.000777771186675E-002,
5.185259855055055E+008,3.073047863709620E-002,
5.235108507507508E+008,3.173862669719115E-002,
5.284957159959960E+008,3.216535587503765E-002,
5.334805812412412E+008,3.260536507602775E-002,
5.384654464864864E+008,3.378076545966913E-002,
5.434503117317318E+008,3.496837377594421E-002,
5.484351769769770E+008,3.670213178784582E-002,
5.534200422222222E+008,3.812846402022600E-002,
5.584049074674674E+008,3.918912342968029E-002,
5.633897727127128E+008,4.076158358072973E-002,
5.683746379579580E+008,4.177023188870115E-002,
5.733595032032032E+008,4.269436927087195E-002,
5.783443684484484E+008,4.373345711868287E-002,
5.833292336936938E+008,4.355669605644041E-002,
5.883140989389390E+008,4.371985848733163E-002,
5.932989641841842E+008,4.392673786853397E-002,
5.982838294294294E+008,4.491586097766540E-002,
6.032686946746746E+008,4.626980962040050E-002,
6.082535599199200E+008,4.770852630729320E-002,
6.132384251651652E+008,4.923999048454467E-002,
6.182232904104104E+008,5.068167199901103E-002,
6.232081556556556E+008,5.167798027864503E-002,
6.281930209009010E+008,5.322657833075288E-002,
6.331778861461462E+008,5.490834819285816E-002,
6.381627513913914E+008,5.761662319068207E-002,
6.431476166366366E+008,5.976466851460085E-002,
6.481324818818818E+008,6.227540770592397E-002,
6.531173471271272E+008,6.643747413066301E-002,
6.581022123723724E+008,6.984055554811153E-002,
6.630870776176176E+008,7.475570571430276E-002,
6.680719428628628E+008,8.055888388389892E-002,
6.730568081081082E+008,8.655255498956115E-002,
6.780416733533534E+008,9.166079232583753E-002,
6.830265385985986E+008,9.683527199442323E-002,
6.880114038438438E+008,1.019604667982380E-001,
6.929962690890890E+008,1.070634989611227E-001,
6.979811343343344E+008,1.120710723714415E-001,
7.029659995795796E+008,1.180961708508834E-001,
7.079508648248248E+008,1.223812172878782E-001,
7.129357300700700E+008,1.261747005638590E-001,
7.179205953153154E+008,1.307359063748252E-001,
7.229054605605606E+008,1.337844994858541E-001,
7.278903258058058E+008,1.375999103031348E-001,
7.328751910510510E+008,1.403874526779151E-001,
7.378600562962964E+008,1.436585084648674E-001,
7.428449215415416E+008,1.482779310414977E-001,
7.478297867867868E+008,1.532587945422622E-001,
7.528146520320320E+008,1.573234884570914E-001,
7.577995172772772E+008,1.634084637825860E-001,
7.627843825225226E+008,1.685717859211993E-001,
7.677692477677678E+008,1.726401064050701E-001,
7.727541130130130E+008,1.747985707095302E-001,
7.777389782582582E+008,1.738078028841180E-001,
7.827238435035036E+008,1.694839318279710E-001,
7.877087087487488E+008,1.619811516315291E-001,
7.926935739939940E+008,1.540880743061542E-001,
7.976784392392392E+008,1.471914805268607E-001,
8.026633044844844E+008,1.422471185497846E-001,
8.076481697297298E+008,1.398692066940318E-001,
8.126330349749750E+008,1.371723594536969E-001,
8.176179002202202E+008,1.378622451163343E-001,
8.226027654654654E+008,1.424008592744320E-001,
8.275876307107108E+008,1.461927949509681E-001,
8.325724959559560E+008,1.512302141072103E-001,
8.375573612012012E+008,1.563516518864810E-001,
8.425422264464464E+008,1.618878775900435E-001,
8.475270916916918E+008,1.669548922098693E-001,
8.525119569369370E+008,1.696211073654607E-001,
8.574968221821822E+008,1.722998322935055E-001,
8.624816874274274E+008,1.736333840933547E-001,
8.674665526726726E+008,1.726162382886433E-001,
8.724514179179180E+008,1.709277956539796E-001,
8.774362831631632E+008,1.687564481396598E-001,
8.824211484084084E+008,1.651221726191132E-001,
8.874060136536536E+008,1.618159128100923E-001,
8.923908788988990E+008,1.600525500462935E-001,
8.973757441441442E+008,1.597395205568029E-001,
9.023606093893894E+008,1.603886902081269E-001,
9.073454746346346E+008,1.622152761548036E-001,
9.123303398798798E+008,1.637375671449241E-001,
9.173152051251252E+008,1.653074961094072E-001,
9.223000703703704E+008,1.668240246262095E-001,
9.272849356156156E+008,1.682962693235165E-001,
9.322698008608608E+008,1.682063577680887E-001,
9.372546661061062E+008,1.683598309491619E-001,
9.422395313513514E+008,1.686956126345493E-001,
9.472243965965966E+008,1.675510303029349E-001,
9.522092618418418E+008,1.641471276236131E-001,
9.571941270870872E+008,1.609287845644907E-001,
9.621789923323324E+008,1.573300404951204E-001,
9.671638575775776E+008,1.536362135065407E-001,
9.721487228228228E+008,1.504927338001080E-001,
9.771335880680680E+008,1.474364427721112E-001,
9.821184533133134E+008,1.430886562902940E-001,
9.871033185585586E+008,1.383138120004687E-001,
9.920881838038038E+008,1.346684953620851E-001,
9.970730490490490E+008,1.311134442841267E-001,
1.002057914294294E+009,1.290815862540888E-001,
1.007042779539540E+009,1.273029233741575E-001,
1.012027644784785E+009,1.273985672821581E-001,
1.017012510030030E+009,1.275761077142520E-001,
1.021997375275275E+009,1.284413397608853E-001,
1.026982240520521E+009,1.295839603876137E-001,
1.031967105765766E+009,1.297159003746929E-001,
1.036951971011011E+009,1.274319805836212E-001,
1.041936836256256E+009,1.233954730387989E-001,
1.046921701501502E+009,1.195238040164457E-001,
1.051906566746747E+009,1.157469851820306E-001,
1.056891431991992E+009,1.119406640468188E-001,
1.061876297237237E+009,1.078686281571679E-001,
1.066861162482482E+009,1.046900676194326E-001,
1.071846027727728E+009,1.045851408730224E-001,
1.076830892972973E+009,1.046837559801974E-001,
1.081815758218218E+009,1.055052051644896E-001,
1.086800623463464E+009,1.067236885103727E-001,
1.091785488708709E+009,1.089988107331368E-001,
1.096770353953954E+009,1.114500362651042E-001,
1.101755219199199E+009,1.132322106494854E-001,
1.106740084444444E+009,1.140802182151001E-001,
1.111724949689690E+009,1.129154994945880E-001,
1.116709814934935E+009,1.119762273473886E-001,
1.121694680180180E+009,1.113418808406406E-001,
1.126679545425426E+009,1.109692836213433E-001,
1.131664410670671E+009,1.096568156963891E-001,
1.136649275915916E+009,1.081586764426091E-001,
1.141634141161161E+009,1.046378786413026E-001,
1.146619006406406E+009,1.003099357436321E-001,
1.151603871651652E+009,9.655972705018488E-002,
1.156588736896897E+009,9.265423911076162E-002,
1.161573602142142E+009,8.839804673461536E-002,
1.166558467387388E+009,8.518726773964154E-002,
1.171543332632633E+009,8.345716803293067E-002,
1.176528197877878E+009,8.226949875219568E-002,
1.181513063123123E+009,8.211064061639649E-002,
1.186497928368368E+009,8.187697259987581E-002,
1.191482793613614E+009,8.205609642038665E-002,
1.196467658858859E+009,8.267135187616943E-002,
1.201452524104104E+009,8.298508914190730E-002,
1.206437389349349E+009,8.340228670393611E-002,
1.211422254594595E+009,8.464171144786017E-002,
1.216407119839840E+009,8.422406925313843E-002,
1.221391985085085E+009,8.421700847408421E-002,
1.226376850330330E+009,8.418164630347351E-002,
1.231361715575576E+009,8.356378525872640E-002,
1.236346580820821E+009,8.321185307329439E-002,
1.241331446066066E+009,8.197772446309892E-002,
1.246316311311311E+009,8.100658167050805E-002,
1.251301176556557E+009,7.967470430519497E-002,
1.256286041801802E+009,7.889285882005985E-002,
1.261270907047047E+009,7.826799297001691E-002,
1.266255772292292E+009,7.843986984502577E-002,
1.271240637537538E+009,7.956038829887638E-002,
1.276225502782783E+009,7.995106801874612E-002,
1.281210368028028E+009,8.016448822797830E-002,
1.286195233273273E+009,8.076190259560309E-002,
1.291180098518518E+009,8.084058453831447E-002,
1.296164963763764E+009,8.138282342676383E-002,
1.301149829009009E+009,8.151781752008792E-002,
1.306134694254254E+009,8.151567854502416E-002,
1.311119559499500E+009,7.995771453935367E-002,
1.316104424744745E+009,7.744199586981615E-002,
1.321089289989990E+009,7.453692500673965E-002,
1.326074155235235E+009,7.051742590978366E-002,
1.331059020480480E+009,6.735345707257719E-002,
1.336043885725726E+009,6.437559451315487E-002,
1.341028750970971E+009,6.172506221202689E-002,
1.346013616216216E+009,5.937593208606977E-002,
1.350998481461462E+009,5.703405988117725E-002,
1.355983346706707E+009,5.645501531946144E-002,
1.360968211951952E+009,5.568932968427166E-002,
1.365953077197197E+009,5.623950175897096E-002,
1.370937942442442E+009,5.682065820655782E-002,
1.375922807687688E+009,5.755093329362890E-002,
1.380907672932933E+009,5.802160898451449E-002,
1.385892538178178E+009,5.822755153050525E-002,
1.390877403423424E+009,5.832367195665186E-002,
1.395862268668669E+009,5.793870575418961E-002,
1.400847133913914E+009,5.856934163020690E-002,
1.405831999159159E+009,5.850780179641106E-002,
1.410816864404404E+009,5.756284959176391E-002,
1.415801729649650E+009,5.714932379969602E-002,
1.420786594894895E+009,5.723152243407487E-002,
1.425771460140140E+009,5.627731318854125E-002,
1.430756325385386E+009,5.659990426578648E-002,
1.435741190630631E+009,5.638534163992289E-002,
1.440726055875876E+009,5.602086338159024E-002,
1.445710921121121E+009,5.581587321850112E-002,
1.450695786366366E+009,5.620944820722227E-002,
1.455680651611612E+009,5.623928331002324E-002,
1.460665516856857E+009,5.625267483199795E-002,
1.465650382102102E+009,5.640017605515491E-002,
1.470635247347347E+009,5.577013776350626E-002,
1.475620112592593E+009,5.573015658536915E-002,
1.480604977837838E+009,5.534304523750901E-002,
1.485589843083083E+009,5.494735473694900E-002,
1.490574708328328E+009,5.397712254612524E-002,
1.495559573573574E+009,5.262841596153710E-002,
1.500544438818819E+009,5.192248402374355E-002,
1.505529304064064E+009,5.091868158976706E-002,
1.510514169309309E+009,4.921910056294385E-002,
1.515499034554555E+009,4.771573526514587E-002,
1.520483899799800E+009,4.605234756973951E-002,
1.525468765045045E+009,4.493971287626876E-002,
1.530453630290290E+009,4.426121951166834E-002,
1.535438495535536E+009,4.451065161769995E-002,
1.540423360780781E+009,4.521840395363728E-002,
1.545408226026026E+009,4.526299264506906E-002,
1.550393091271271E+009,4.608509855332819E-002,
1.555377956516516E+009,4.715323343460096E-002,
1.560362821761762E+009,4.850331873866580E-002,
1.565347687007007E+009,4.965560273609045E-002,
1.570332552252252E+009,5.016318333027654E-002,
1.575317417497498E+009,5.081759820185824E-002,
1.580302282742743E+009,5.044534777878812E-002,
1.585287147987988E+009,5.045502605537183E-002,
1.590272013233233E+009,5.012828438805837E-002,
1.595256878478478E+009,5.017448718583734E-002,
1.600241743723724E+009,4.917235337334894E-002,
1.605226608968969E+009,4.870217274733291E-002,
1.610211474214214E+009,4.818979020350835E-002,
1.615196339459460E+009,4.805768813199143E-002,
1.620181204704705E+009,4.788376986816350E-002,
1.625166069949950E+009,4.763148234416031E-002,
1.630150935195195E+009,4.720699197424531E-002,
1.635135800440440E+009,4.694378000706682E-002,
1.640120665685686E+009,4.651948684694977E-002,
1.645105530930931E+009,4.574274483697068E-002,
1.650090396176176E+009,4.460335091925905E-002,
1.655075261421422E+009,4.406962428801529E-002,
1.660060126666667E+009,4.279674681257151E-002,
1.665044991911912E+009,4.178863693795164E-002,
1.670029857157157E+009,4.033167576923900E-002,
1.675014722402402E+009,3.914870253820804E-002,
1.679999587647648E+009,3.825849468826240E-002,
1.684984452892893E+009,3.671814501726239E-002,
1.689969318138138E+009,3.535892591947357E-002,
1.694954183383384E+009,3.355037672994687E-002,
1.699939048628629E+009,3.215551111257535E-002,
1.704923913873874E+009,3.127675902512072E-002,
1.709908779119119E+009,3.085678265389075E-002,
1.714893644364364E+009,3.095331998844083E-002,
1.719878509609610E+009,2.966343211121577E-002,
1.724863374854855E+009,2.889179328550234E-002,
1.729848240100100E+009,2.828634110816779E-002,
1.734833105345345E+009,2.790732828657139E-002,
1.739817970590591E+009,2.764482016218382E-002,
1.744802835835836E+009,2.809215364927371E-002,
1.749787701081081E+009,2.914130617923985E-002,
1.754772566326326E+009,3.131497017350901E-002,
1.759757431571572E+009,3.369194995872894E-002,
1.764742296816817E+009,3.570865236010383E-002,
1.769727162062062E+009,3.733534219482982E-002,
1.774712027307307E+009,3.829831451281136E-002,
1.779696892552553E+009,3.810877680003357E-002,
1.784681757797798E+009,3.794736331941025E-002,
1.789666623043043E+009,3.715108409780032E-002,
1.794651488288288E+009,3.705663928145497E-002,
1.799636353533534E+009,3.736049050477711E-002,
1.804621218778779E+009,3.703576518611329E-002,
1.809606084024024E+009,3.749355779379010E-002,
1.814590949269269E+009,3.776818287204520E-002,
1.819575814514514E+009,3.754853792844028E-002,
1.824560679759760E+009,3.692406104868588E-002,
1.829545545005005E+009,3.610433655341647E-002,
1.834530410250250E+009,3.557164645986405E-002,
1.839515275495496E+009,3.486687014885844E-002,
1.844500140740741E+009,3.397743180230690E-002,
1.849485005985986E+009,3.328712088024877E-002,
1.854469871231231E+009,3.278777020811063E-002,
1.859454736476476E+009,3.221804279269669E-002,
1.864439601721722E+009,3.265472201486767E-002,
1.869424466966967E+009,3.341178997847871E-002,
1.874409332212212E+009,3.390746100375643E-002,
1.879394197457458E+009,3.308913967150997E-002,
1.884379062702703E+009,3.230984967051091E-002,
1.889363927947948E+009,3.167757914309354E-002,
1.894348793193193E+009,3.060339821045623E-002,
1.899333658438438E+009,3.020505205450855E-002,
1.904318523683684E+009,2.967385808064873E-002,
1.909303388928929E+009,2.951482506098763E-002,
1.914288254174174E+009,2.884102991675033E-002,
1.919273119419420E+009,2.879547951839985E-002,
1.924257984664665E+009,2.888077542453245E-002,
1.929242849909910E+009,2.952460292835332E-002,
1.934227715155155E+009,3.077421057136440E-002,
1.939212580400400E+009,3.145060429108946E-002,
1.944197445645646E+009,3.120260528379640E-002,
1.949182310890891E+009,3.137659153271185E-002,
1.954167176136136E+009,3.132079950876348E-002,
1.959152041381382E+009,3.109528143338597E-002,
1.964136906626627E+009,3.126614968486100E-002,
1.969121771871872E+009,3.012760936290184E-002,
1.974106637117117E+009,2.960312019163390E-002,
1.979091502362362E+009,2.915073405636368E-002,
1.984076367607608E+009,2.831787465919020E-002,
1.989061232852853E+009,2.811788187198210E-002,
1.994046098098098E+009,2.762980020148367E-002,
1.999030963343343E+009,2.664409293466322E-002,
2.004015828588589E+009,2.608829924482099E-002,
2.009000693833834E+009,2.554416206467782E-002,
2.013985559079079E+009,2.485817621227406E-002,
2.018970424324324E+009,2.385958728276449E-002,
2.023955289569570E+009,2.294726391061227E-002,
2.028940154814815E+009,2.212700631905629E-002,
2.033925020060060E+009,2.125359355481690E-002,
2.038909885305305E+009,2.058546539368236E-002,
2.043894750550551E+009,1.936335385258818E-002,
2.048879615795796E+009,1.847317088064899E-002,
2.053864481041041E+009,1.718530148468835E-002,
2.058849346286286E+009,1.590464386509290E-002,
2.063834211531532E+009,1.481473399226976E-002,
2.068819076776777E+009,1.421792639521182E-002,
2.073803942022022E+009,1.342552164804456E-002,
2.078788807267267E+009,1.305007711358354E-002,
2.083773672512512E+009,1.213182245724368E-002,
2.088758537757758E+009,1.144787723041312E-002,
2.093743403003003E+009,1.036294960394146E-002,
2.098728268248248E+009,9.360737342628465E-003,
2.103713133493494E+009,8.240788436709352E-003,
2.108697998738739E+009,6.742452111609069E-003,
2.113682863983984E+009,5.566518646890394E-003,
2.118667729229229E+009,4.711577644597295E-003,
2.123652594474474E+009,4.017356347658509E-003,
2.128637459719720E+009,3.638352371314248E-003,
2.133622324964965E+009,3.656003898064047E-003,
2.138607190210210E+009,4.014910157566668E-003,
2.143592055455456E+009,4.493164354458044E-003,
2.148576920700701E+009,5.109457857486837E-003,
2.153561785945946E+009,5.748281396953516E-003,
2.158546651191191E+009,6.353016513180026E-003,
2.163531516436437E+009,7.187428116054514E-003,
2.168516381681682E+009,7.903748032345828E-003,
2.173501246926927E+009,8.724389287116231E-003,
2.178486112172172E+009,9.363830162175272E-003,
2.183470977417418E+009,9.953035218296158E-003,
2.188455842662663E+009,1.053779747242371E-002,
2.193440707907908E+009,1.121503174742932E-002,
2.198425573153153E+009,1.188708399238412E-002,
2.203410438398398E+009,1.213422819093822E-002,
2.208395303643644E+009,1.239090595148613E-002,
2.213380168888889E+009,1.388435943376133E-002,
2.218365034134134E+009,1.398727612593438E-002,
2.223349899379379E+009,1.453438960783032E-002,
2.228334764624625E+009,1.513047872360872E-002,
2.233319629869870E+009,1.509358697486787E-002,
2.238304495115115E+009,1.481469969710289E-002,
2.243289360360360E+009,1.441390507839495E-002,
2.248274225605606E+009,1.392463093357603E-002,
2.253259090850851E+009,1.364411770631723E-002,
2.258243956096096E+009,1.335496796521159E-002,
2.263228821341342E+009,1.267966280041787E-002,
2.268213686586587E+009,1.269443383232366E-002,
2.273198551831832E+009,1.187254327422029E-002,
2.278183417077077E+009,1.113528185423822E-002,
2.283168282322322E+009,1.080547485307071E-002,
2.288153147567567E+009,1.038893746823221E-002,
2.293138012812813E+009,1.003628317110898E-002,
2.298122878058058E+009,9.600564647946942E-003,
2.303107743303303E+009,9.862129403272857E-003,
2.308092608548549E+009,1.045067402159628E-002,
2.313077473793794E+009,1.155402221720670E-002,
2.318062339039039E+009,1.376725806913936E-002,
2.323047204284284E+009,1.611611276975384E-002,
2.328032069529530E+009,1.817198223030710E-002,
2.333016934774775E+009,1.997099000964814E-002,
2.338001800020020E+009,2.186882259766864E-002,
2.342986665265266E+009,2.325199046033975E-002,
2.347971530510510E+009,2.481537869060893E-002,
2.352956395755756E+009,2.586121357604097E-002,
2.357941261001001E+009,2.680794341698529E-002,
2.362926126246246E+009,2.712893008624885E-002,
2.367910991491491E+009,2.797323765774052E-002,
2.372895856736737E+009,2.833030291134282E-002,
2.377880721981982E+009,2.839786532106870E-002,
2.382865587227227E+009,2.820102770733097E-002,
2.387850452472473E+009,2.887935559029498E-002,
2.392835317717718E+009,2.931184610654795E-002,
2.397820182962963E+009,3.035708177288634E-002,
2.402805048208208E+009,3.077454683209336E-002,
2.407789913453454E+009,3.113066406698135E-002,
2.412774778698699E+009,3.141792781364454E-002,
2.417759643943944E+009,3.124024700167957E-002,
2.422744509189189E+009,3.119704984704858E-002,
2.427729374434434E+009,3.135088613197314E-002,
2.432714239679680E+009,3.120413475741954E-002,
2.437699104924925E+009,3.100394279596862E-002,
2.442683970170170E+009,2.970062254241224E-002,
2.447668835415415E+009,2.894796967190872E-002,
2.452653700660661E+009,2.835769094227050E-002,
2.457638565905906E+009,2.782713108873213E-002,
2.462623431151151E+009,2.736481564399191E-002,
2.467608296396397E+009,2.684289021737793E-002,
2.472593161641642E+009,2.599909872235564E-002,
2.477578026886887E+009,2.495876576206736E-002,
2.482562892132132E+009,2.444413739816502E-002,
2.487547757377378E+009,2.334427820805485E-002,
2.492532622622623E+009,2.294191142571121E-002,
2.497517487867868E+009,2.250377937329875E-002,
2.502502353113113E+009,2.258770629621300E-002,
2.507487218358358E+009,2.264685097434654E-002,
2.512472083603604E+009,2.317634326435801E-002,
2.517456948848849E+009,2.368980435039102E-002,
2.522441814094094E+009,2.367577589188854E-002,
2.527426679339339E+009,2.390696349906185E-002,
2.532411544584585E+009,2.364925148174657E-002,
2.537396409829830E+009,2.361580372394651E-002,
2.542381275075075E+009,2.305979640844788E-002,
2.547366140320320E+009,2.239069309445844E-002,
2.552351005565566E+009,2.149795830013432E-002,
2.557335870810811E+009,2.101720466485990E-002,
2.562320736056056E+009,2.112284638957511E-002,
2.567305601301302E+009,2.100206114136830E-002,
2.572290466546547E+009,2.202078486503492E-002,
2.577275331791792E+009,2.179062747362246E-002,
2.582260197037037E+009,2.200411848546323E-002,
2.587245062282282E+009,2.264566337361341E-002,
2.592229927527527E+009,2.368929283961046E-002,
2.597214792772773E+009,2.488315473560821E-002,
2.602199658018018E+009,2.504524875461082E-002,
2.607184523263263E+009,2.609529281978505E-002,
2.612169388508509E+009,2.761076655785169E-002,
2.617154253753754E+009,2.861455115291850E-002,
2.622139118998999E+009,3.045790158423112E-002,
2.627123984244244E+009,3.144285177950337E-002,
2.632108849489490E+009,3.278162093039462E-002,
2.637093714734735E+009,3.382458651709596E-002,
2.642078579979980E+009,3.497082292937603E-002,
2.647063445225225E+009,3.490841077196920E-002,
2.652048310470470E+009,3.504400231283022E-002,
2.657033175715716E+009,3.447957859641684E-002,
2.662018040960961E+009,3.402037116039526E-002,
2.667002906206206E+009,3.393387679205309E-002,
2.671987771451451E+009,3.396461778364758E-002,
2.676972636696697E+009,3.329257457309111E-002,
2.681957501941942E+009,3.305808213633115E-002,
2.686942367187187E+009,3.327005839814373E-002,
2.691927232432433E+009,3.306007197791321E-002,
2.696912097677678E+009,3.263223747977472E-002,
2.701896962922923E+009,3.256117474014308E-002,
2.706881828168168E+009,3.201167294296130E-002,
2.711866693413414E+009,3.163626592824117E-002,
2.716851558658659E+009,3.124137134635473E-002,
2.721836423903904E+009,3.106205958035794E-002,
2.726821289149149E+009,3.044553486265468E-002,
2.731806154394394E+009,3.034541962823412E-002,
2.736791019639640E+009,2.983298004235314E-002,
2.741775884884885E+009,2.876907637410354E-002,
2.746760750130130E+009,2.783090845276053E-002,
2.751745615375375E+009,2.736751675097515E-002,
2.756730480620621E+009,2.725085474172022E-002,
2.761715345865866E+009,2.686388938961516E-002,
2.766700211111111E+009,2.665267265443730E-002,
2.771685076356356E+009,2.740639798446723E-002,
2.776669941601602E+009,2.764453357328481E-002,
2.781654806846847E+009,2.867525197675039E-002,
2.786639672092092E+009,2.969954750989720E-002,
2.791624537337338E+009,2.993987808442685E-002,
2.796609402582583E+009,2.996229737765188E-002,
2.801594267827828E+009,3.007338767302695E-002,
2.806579133073073E+009,2.978430982684176E-002,
2.811563998318318E+009,2.880803322054296E-002,
2.816548863563564E+009,2.824627419542717E-002,
2.821533728808809E+009,2.792776712246870E-002,
2.826518594054054E+009,2.761565237462525E-002,
2.831503459299299E+009,2.789414561767985E-002,
2.836488324544545E+009,2.810699189390586E-002,
2.841473189789790E+009,2.773417691595777E-002,
2.846458055035035E+009,2.802036732065333E-002,
2.851442920280280E+009,2.760693771252151E-002,
2.856427785525526E+009,2.718505967607879E-002,
2.861412650770771E+009,2.642429831299624E-002,
2.866397516016016E+009,2.535060236988153E-002,
2.871382381261262E+009,2.438533890924534E-002,
2.876367246506506E+009,2.293553267652118E-002,
2.881352111751752E+009,2.100835083963809E-002,
2.886336976996997E+009,1.964615161082625E-002,
2.891321842242242E+009,1.844979123147115E-002,
2.896306707487487E+009,1.720298239319057E-002,
2.901291572732733E+009,1.570130795626366E-002,
2.906276437977978E+009,1.480587133466412E-002,
2.911261303223223E+009,1.407178357021290E-002,
2.916246168468469E+009,1.343532280670578E-002,
2.921231033713714E+009,1.301062373903818E-002,
2.926215898958959E+009,1.279857136038070E-002,
2.931200764204204E+009,1.258529373900854E-002,
2.936185629449450E+009,1.205742402012562E-002,
2.941170494694695E+009,1.185205398482321E-002,
2.946155359939940E+009,1.101273047236304E-002,
2.951140225185185E+009,1.103575447228412E-002,
2.956125090430430E+009,1.068222645212548E-002,
2.961109955675676E+009,1.009626744731911E-002,
2.966094820920921E+009,9.721370837476512E-003,
2.971079686166166E+009,9.135774824261932E-003,
2.976064551411411E+009,8.448858598447571E-003,
2.981049416656657E+009,7.597896394423886E-003,
2.986034281901902E+009,6.859032635884361E-003,
2.991019147147147E+009,6.048289514716222E-003,
2.996004012392393E+009,5.201222326067981E-003,
3.000988877637638E+009,4.498388840572743E-003,
3.005973742882883E+009,4.046444396416293E-003,
3.010958608128128E+009,3.622497523782575E-003,
3.015943473373374E+009,3.389306094019881E-003,
3.020928338618619E+009,3.188633532409006E-003,
3.025913203863864E+009,3.118351607351511E-003,
3.030898069109109E+009,3.134332001980665E-003,
3.035882934354354E+009,3.426977461181743E-003,
3.040867799599600E+009,3.832321122909641E-003,
3.045852664844845E+009,4.322440660155089E-003,
3.050837530090090E+009,4.818475542776401E-003,
3.055822395335335E+009,5.513671145548601E-003,
3.060807260580581E+009,6.043722082586960E-003,
3.065792125825826E+009,6.693336889487533E-003,
3.070776991071071E+009,7.418619663875917E-003,
3.075761856316316E+009,8.104789222291721E-003,
3.080746721561562E+009,8.670819337062768E-003,
3.085731586806807E+009,9.202286645689549E-003,
3.090716452052052E+009,9.663412641771098E-003,
3.095701317297298E+009,9.901378520062204E-003,
3.100686182542543E+009,1.021208977345277E-002,
3.105671047787788E+009,1.029363895148889E-002,
3.110655913033033E+009,1.021929195204921E-002,
3.115640778278278E+009,1.010979543258848E-002,
3.120625643523523E+009,1.006124855709265E-002,
3.125610508768769E+009,1.018501230767235E-002,
3.130595374014014E+009,1.049630960801196E-002,
3.135580239259259E+009,1.069861056267818E-002,
3.140565104504505E+009,1.101945798649273E-002,
3.145549969749750E+009,1.145889867419858E-002,
3.150534834994995E+009,1.190184545582016E-002,
3.155519700240240E+009,1.243743132249758E-002,
3.160504565485486E+009,1.298035516598927E-002,
3.165489430730731E+009,1.343971471719213E-002,
3.170474295975976E+009,1.383735254283006E-002,
3.175459161221221E+009,1.407715794493759E-002,
3.180444026466466E+009,1.440067253873919E-002,
3.185428891711712E+009,1.477774194804983E-002,
3.190413756956957E+009,1.520178197344878E-002,
3.195398622202202E+009,1.534495408928359E-002,
3.200383487447447E+009,1.567342033757721E-002,
3.205368352692693E+009,1.567437354835887E-002,
3.210353217937938E+009,1.549174680892550E-002,
3.215338083183183E+009,1.637310076690807E-002,
3.220322948428429E+009,1.544930694270678E-002,
3.225307813673674E+009,1.638008421683651E-002,
3.230292678918919E+009,1.629351181236905E-002,
3.235277544164164E+009,1.635347974491877E-002,
3.240262409409410E+009,1.736610565238899E-002,
3.245247274654655E+009,1.762502984521985E-002,
3.250232139899900E+009,1.795239513932550E-002,
3.255217005145145E+009,1.814546922769055E-002,
3.260201870390390E+009,1.916904428910494E-002,
3.265186735635636E+009,1.948088803805896E-002,
3.270171600880881E+009,1.912752968670093E-002,
3.275156466126126E+009,1.888457388487588E-002,
3.280141331371371E+009,1.851624933640776E-002,
3.285126196616617E+009,1.800438600585757E-002,
3.290111061861862E+009,1.722657902239514E-002,
3.295095927107107E+009,1.727010044568397E-002,
3.300080792352352E+009,1.670438196580489E-002,
3.305065657597598E+009,1.626867101453326E-002,
3.310050522842843E+009,1.615149773901358E-002,
3.315035388088088E+009,1.584763689906349E-002,
3.320020253333334E+009,1.599098907428074E-002,
3.325005118578579E+009,1.554726308147219E-002,
3.329989983823824E+009,1.480379845193874E-002,
3.334974849069069E+009,1.474803121952227E-002,
3.339959714314314E+009,1.454929235934029E-002,
3.344944579559560E+009,1.461083994294699E-002,
3.349929444804805E+009,1.441577010270316E-002,
3.354914310050050E+009,1.386897957323591E-002,
3.359899175295295E+009,1.384550857217822E-002,
3.364884040540541E+009,1.416051716113027E-002,
3.369868905785786E+009,1.490412338801614E-002,
3.374853771031031E+009,1.447581492809021E-002,
3.379838636276276E+009,1.470105575886704E-002,
3.384823501521522E+009,1.502495470114469E-002,
3.389808366766767E+009,1.503634986254889E-002,
3.394793232012012E+009,1.420414992053420E-002,
3.399778097257258E+009,1.452934649842005E-002,
3.404762962502502E+009,1.460021911946177E-002,
3.409747827747748E+009,1.400423944894891E-002,
3.414732692992993E+009,1.419629108223020E-002,
3.419717558238238E+009,1.431255824907260E-002,
3.424702423483483E+009,1.442653325465877E-002,
3.429687288728729E+009,1.391167646688380E-002,
3.434672153973974E+009,1.341062515033121E-002,
3.439657019219219E+009,1.288803325687778E-002,
3.444641884464465E+009,1.231177472249949E-002,
3.449626749709710E+009,1.190351291434404E-002,
3.454611614954955E+009,1.150205496648758E-002,
3.459596480200200E+009,1.120212955483605E-002,
3.464581345445446E+009,1.092324822507352E-002,
3.469566210690691E+009,1.062713244103446E-002,
3.474551075935936E+009,1.034925487646713E-002,
3.479535941181181E+009,1.019514263002296E-002,
3.484520806426426E+009,1.004158440678533E-002,
3.489505671671672E+009,9.957398902831410E-003,
3.494490536916917E+009,9.764440141412126E-003,
3.499475402162162E+009,9.521322797241398E-003,
3.504460267407407E+009,9.409977872011487E-003,
3.509445132652653E+009,9.395064826699211E-003,
3.514429997897898E+009,9.565352978610046E-003,
3.519414863143143E+009,9.847508549954451E-003,
3.524399728388389E+009,9.988037870980930E-003,
3.529384593633634E+009,1.021164260644016E-002,
3.534369458878879E+009,1.051780931878774E-002,
3.539354324124124E+009,1.080317933803451E-002,
3.544339189369370E+009,1.107884291086611E-002,
3.549324054614615E+009,1.130682342876971E-002,
3.554308919859860E+009,1.166587789341855E-002,
3.559293785105105E+009,1.212865922274318E-002,
3.564278650350350E+009,1.261084309053454E-002,
3.569263515595596E+009,1.311966286676382E-002,
3.574248380840841E+009,1.384370665185682E-002,
3.579233246086086E+009,1.446065973385287E-002,
3.584218111331331E+009,1.501207703780891E-002,
3.589202976576577E+009,1.550668250073765E-002,
3.594187841821822E+009,1.592940671578378E-002,
3.599172707067067E+009,1.636597562441486E-002,
3.604157572312312E+009,1.658124578753482E-002,
3.609142437557558E+009,1.676435163552464E-002,
3.614127302802803E+009,1.674048715694578E-002,
3.619112168048048E+009,1.669080940784849E-002,
3.624097033293294E+009,1.650294372686696E-002,
3.629081898538539E+009,1.637470494096021E-002,
3.634066763783784E+009,1.626391294647917E-002,
3.639051629029029E+009,1.598111617022979E-002,
3.644036494274274E+009,1.575905744200979E-002,
3.649021359519519E+009,1.567761072157970E-002,
3.654006224764765E+009,1.572698151458693E-002,
3.658991090010010E+009,1.597320099617521E-002,
3.663975955255255E+009,1.624414184131751E-002,
3.668960820500501E+009,1.664656615054408E-002,
3.673945685745746E+009,1.710642315444597E-002,
3.678930550990991E+009,1.762712243188148E-002,
3.683915416236236E+009,1.817952167390851E-002,
3.688900281481482E+009,1.869858210017161E-002,
3.693885146726727E+009,1.971815719703091E-002,
3.698870011971972E+009,1.995771802163990E-002,
3.703854877217217E+009,2.109910194081678E-002,
3.708839742462462E+009,2.104378713556347E-002,
3.713824607707708E+009,2.127680017290383E-002,
3.718809472952953E+009,2.165312938662001E-002,
3.723794338198198E+009,2.039718147698269E-002,
3.728779203443443E+009,2.056266251133565E-002,
3.733764068688689E+009,2.059284148734922E-002,
3.738748933933934E+009,2.089411735012207E-002,
3.743733799179179E+009,2.050959490354622E-002,
3.748718664424425E+009,2.001595750529260E-002,
3.753703529669670E+009,1.963661403767006E-002,
3.758688394914915E+009,2.029159738147683E-002,
3.763673260160160E+009,2.050032657830463E-002,
3.768658125405406E+009,1.994098648703149E-002,
3.773642990650651E+009,2.077979638043486E-002,
3.778627855895896E+009,2.046469184142115E-002,
3.783612721141141E+009,2.032137352236523E-002,
3.788597586386386E+009,2.007822498187196E-002,
3.793582451631632E+009,2.014071322391259E-002,
3.798567316876877E+009,1.932838534541245E-002,
3.803552182122122E+009,1.917082951089862E-002,
3.808537047367367E+009,1.916815667903531E-002,
3.813521912612613E+009,1.823890314190290E-002,
3.818506777857858E+009,1.774343152694077E-002,
3.823491643103103E+009,1.692742954356413E-002,
3.828476508348349E+009,1.711126753685737E-002,
3.833461373593594E+009,1.695984580846694E-002,
3.838446238838839E+009,1.665283676280744E-002,
3.843431104084084E+009,1.667751675390315E-002,
3.848415969329330E+009,1.614244263754131E-002,
3.853400834574575E+009,1.611460426851718E-002,
3.858385699819820E+009,1.535702683918343E-002,
3.863370565065065E+009,1.564738887901614E-002,
3.868355430310310E+009,1.608989384910239E-002,
3.873340295555556E+009,1.569274502320018E-002,
3.878325160800801E+009,1.578812377117147E-002,
3.883310026046046E+009,1.614632392955398E-002,
3.888294891291291E+009,1.509518706693109E-002,
3.893279756536537E+009,1.504201588134675E-002,
3.898264621781782E+009,1.479181432732874E-002,
3.903249487027027E+009,1.465870367094626E-002,
3.908234352272272E+009,1.432831340386759E-002,
3.913219217517518E+009,1.402773579260988E-002,
3.918204082762763E+009,1.377580236678267E-002,
3.923188948008008E+009,1.334042160424330E-002,
3.928173813253254E+009,1.316124544396341E-002,
3.933158678498498E+009,1.280221027446382E-002,
3.938143543743744E+009,1.268161192754072E-002,
3.943128408988989E+009,1.243884190863893E-002,
3.948113274234234E+009,1.239398242552438E-002,
3.953098139479479E+009,1.237484100357733E-002,
3.958083004724725E+009,1.239985481740244E-002,
3.963067869969970E+009,1.248006377888348E-002,
3.968052735215215E+009,1.261146029832478E-002,
3.973037600460461E+009,1.256997285208582E-002,
3.978022465705706E+009,1.258490721119712E-002,
3.983007330950951E+009,1.243362505607142E-002,
3.987992196196196E+009,1.215548697757145E-002,
3.992977061441442E+009,1.187958678805347E-002,
3.997961926686687E+009,1.152047078128154E-002,
4.002946791931932E+009,1.129079163403059E-002,
4.007931657177177E+009,1.091425932648229E-002,
4.012916522422422E+009,1.085878797267204E-002,
4.017901387667668E+009,1.066903368853089E-002,
4.022886252912913E+009,1.048267660749010E-002,
4.027871118158158E+009,1.024342578145331E-002,
4.032855983403403E+009,1.028140825819938E-002,
4.037840848648649E+009,1.036802970514406E-002,
4.042825713893894E+009,1.054775297866449E-002,
4.047810579139139E+009,1.089955938614236E-002,
4.052795444384385E+009,1.134242422719161E-002,
4.057780309629630E+009,1.158927238165974E-002,
4.062765174874875E+009,1.190130625779790E-002,
4.067750040120120E+009,1.217921949675615E-002,
4.072734905365366E+009,1.234106568501340E-002,
4.077719770610611E+009,1.229208037040878E-002,
4.082704635855856E+009,1.211701672820814E-002,
4.087689501101101E+009,1.198021696102352E-002,
4.092674366346346E+009,1.152118067077784E-002,
4.097659231591592E+009,1.129350682484250E-002,
4.102644096836837E+009,1.080053806244512E-002,
4.107628962082082E+009,1.031900436856369E-002,
4.112613827327327E+009,9.858767664683956E-003,
4.117598692572573E+009,9.483310628707489E-003,
4.122583557817818E+009,9.145200167395395E-003,
4.127568423063063E+009,8.932816020251365E-003,
4.132553288308308E+009,8.760202167891022E-003,
4.137538153553554E+009,8.676397138943245E-003,
4.142523018798799E+009,8.797347461884564E-003,
4.147507884044044E+009,8.735981442935482E-003,
4.152492749289290E+009,8.790058118864526E-003,
4.157477614534535E+009,8.883844012854776E-003,
4.162462479779780E+009,8.932111668899487E-003,
4.167447345025025E+009,8.868670390274325E-003,
4.172432210270270E+009,8.857402271386627E-003,
4.177417075515515E+009,8.681250871113903E-003,
4.182401940760761E+009,8.309912083038907E-003,
4.187386806006006E+009,7.981231093266475E-003,
4.192371671251251E+009,7.698083970760486E-003,
4.197356536496497E+009,7.279378268550210E-003,
4.202341401741742E+009,6.878200262185997E-003,
4.207326266986987E+009,6.541961959537006E-003,
4.212311132232232E+009,6.196368052377237E-003,
4.217295997477478E+009,5.757052147017565E-003,
4.222280862722723E+009,5.466921181617087E-003,
4.227265727967968E+009,5.192780522775244E-003,
4.232250593213213E+009,4.895645860989350E-003,
4.237235458458458E+009,4.762694303776588E-003,
4.242220323703704E+009,4.634212160176012E-003,
4.247205188948949E+009,4.346532051718588E-003,
4.252190054194194E+009,4.069268745931190E-003,
4.257174919439439E+009,3.680679163557878E-003,
4.262159784684685E+009,3.436044550539268E-003,
4.267144649929930E+009,3.280200133829504E-003,
4.272129515175175E+009,3.084808759653517E-003,
4.277114380420421E+009,2.878562840298768E-003,
4.282099245665666E+009,2.608996307110572E-003,
4.287084110910911E+009,2.207962524827335E-003,
4.292068976156156E+009,1.740382112075397E-003,
4.297053841401402E+009,1.284040733538745E-003,
4.302038706646647E+009,8.015388728487217E-004,
4.307023571891892E+009,4.880903608170333E-004,
4.312008437137137E+009,4.167144767049265E-004,
4.316993302382382E+009,7.462357643964661E-004,
4.321978167627627E+009,1.070456125575551E-003,
4.326963032872873E+009,1.405435203690630E-003,
4.331947898118118E+009,1.804016163712115E-003,
4.336932763363363E+009,2.128824161739536E-003,
4.341917628608608E+009,2.519854411400221E-003,
4.346902493853854E+009,2.734829272322218E-003,
4.351887359099099E+009,3.087297747267918E-003,
4.356872224344344E+009,3.360809505248011E-003,
4.361857089589590E+009,3.661555172345898E-003,
4.366841954834835E+009,4.012630088504209E-003,
4.371826820080080E+009,4.265033957290811E-003,
4.376811685325325E+009,4.644034344980861E-003,
4.381796550570571E+009,4.829481957954799E-003,
4.386781415815816E+009,5.093550403208760E-003,
4.391766281061061E+009,5.346527604261913E-003,
4.396751146306306E+009,5.439225086396264E-003,
4.401736011551552E+009,5.463832629894389E-003,
4.406720876796797E+009,5.584450503767715E-003,
4.411705742042042E+009,5.485813981744508E-003,
4.416690607287288E+009,5.338559189468095E-003,
4.421675472532533E+009,5.333899512358224E-003,
4.426660337777778E+009,5.267999096484358E-003,
4.431645203023023E+009,5.105545253922901E-003,
4.436630068268269E+009,5.040481252619584E-003,
4.441614933513514E+009,4.926117927922668E-003,
4.446599798758759E+009,4.946952680675035E-003,
4.451584664004005E+009,4.925765989066891E-003,
4.456569529249250E+009,4.801520852771822E-003,
4.461554394494494E+009,4.664517204575956E-003,
4.466539259739739E+009,4.599620160776806E-003,
4.471524124984985E+009,4.559985226650725E-003,
4.476508990230230E+009,4.564129697481040E-003,
4.481493855475475E+009,4.647525913762182E-003,
4.486478720720720E+009,4.637518445844536E-003,
4.491463585965966E+009,4.715675443166160E-003,
4.496448451211211E+009,4.705644900536419E-003,
4.501433316456456E+009,4.710257861998745E-003,
4.506418181701702E+009,4.764709716412688E-003,
4.511403046946947E+009,4.744761015462385E-003,
4.516387912192192E+009,4.521278839313083E-003,
4.521372777437437E+009,4.497176530667541E-003,
4.526357642682683E+009,4.307681995264106E-003,
4.531342507927928E+009,4.000009260730352E-003,
4.536327373173173E+009,3.688721471994472E-003,
4.541312238418419E+009,3.300815624849215E-003,
4.546297103663664E+009,2.960995990244836E-003,
4.551281968908909E+009,2.747461701622693E-003,
4.556266834154154E+009,2.513865445005484E-003,
4.561251699399400E+009,2.398130863917063E-003,
4.566236564644645E+009,2.280859159142995E-003,
4.571221429889890E+009,2.038405985870902E-003,
4.576206295135135E+009,1.907665388934372E-003,
4.581191160380381E+009,1.793902558565263E-003,
4.586176025625626E+009,1.609852760696975E-003,
4.591160890870871E+009,1.302644189007842E-003,
4.596145756116117E+009,1.137708638429775E-003,
4.601130621361362E+009,1.004116621980293E-003,
4.606115486606607E+009,8.954009357135450E-004,
4.611100351851852E+009,6.700605685823900E-004,
4.616085217097097E+009,4.857904978131519E-004,
4.621070082342342E+009,5.765166974216620E-004,
4.626054947587587E+009,1.100883352619152E-003,
4.631039812832833E+009,1.402560238628644E-003,
4.636024678078078E+009,1.819040792032159E-003,
4.641009543323323E+009,2.131692152425964E-003,
4.645994408568568E+009,2.341312951362998E-003,
4.650979273813814E+009,2.690349471146726E-003,
4.655964139059059E+009,2.841389771310843E-003,
4.660949004304304E+009,3.079114568740265E-003,
4.665933869549550E+009,3.183534750572769E-003,
4.670918734794795E+009,3.451252851273956E-003,
4.675903600040040E+009,3.627227485421959E-003,
4.680888465285285E+009,3.914184868596431E-003,
4.685873330530531E+009,4.290253081748876E-003,
4.690858195775776E+009,4.501423525619137E-003,
4.695843061021021E+009,4.735745947508104E-003,
4.700827926266266E+009,5.119471122078364E-003,
4.705812791511512E+009,5.640066059929386E-003,
4.710797656756757E+009,5.910921689434258E-003,
4.715782522002002E+009,6.201008361876952E-003,
4.720767387247248E+009,6.281311597528133E-003,
4.725752252492493E+009,6.445123747508801E-003,
4.730737117737738E+009,6.374939725357308E-003,
4.735721982982983E+009,6.235187136872731E-003,
4.740706848228229E+009,6.058658649201379E-003,
4.745691713473474E+009,5.920512988592265E-003,
4.750676578718719E+009,5.866208662108905E-003,
4.755661443963965E+009,5.671874616302470E-003,
4.760646309209209E+009,5.771864854720563E-003,
4.765631174454454E+009,6.000143092843415E-003,
4.770616039699699E+009,6.120705960771143E-003,
4.775600904944945E+009,6.493018699324991E-003,
4.780585770190190E+009,6.834502179567908E-003,
4.785570635435435E+009,7.183378248026127E-003,
4.790555500680680E+009,7.504052376925712E-003,
4.795540365925926E+009,7.879313024399556E-003,
4.800525231171171E+009,8.284263017307909E-003,
4.805510096416416E+009,8.666078420755636E-003,
4.810494961661662E+009,9.109902472485051E-003,
4.815479826906907E+009,9.354980400028676E-003,
4.820464692152152E+009,9.541249443677530E-003,
4.825449557397397E+009,9.600965179171547E-003,
4.830434422642643E+009,9.445599349628712E-003,
4.835419287887888E+009,9.195110134860469E-003,
4.840404153133133E+009,8.949552533433150E-003,
4.845389018378379E+009,8.727960121595055E-003,
4.850373883623624E+009,8.489001947863497E-003,
4.855358748868869E+009,8.413117932663876E-003,
4.860343614114114E+009,8.418373350632433E-003,
4.865328479359360E+009,8.409367662966457E-003,
4.870313344604605E+009,8.422641166999739E-003,
4.875298209849850E+009,8.539416480013724E-003,
4.880283075095095E+009,8.693219423682624E-003,
4.885267940340341E+009,8.855653660719892E-003,
4.890252805585586E+009,9.133818326191166E-003,
4.895237670830831E+009,9.472546685903919E-003,
4.900222536076077E+009,9.819953018471841E-003,
4.905207401321322E+009,1.025340437769249E-002,
4.910192266566567E+009,1.053614492312804E-002,
4.915177131811811E+009,1.084512832804419E-002,
4.920161997057057E+009,1.098944677484529E-002,
4.925146862302302E+009,1.101238837145217E-002,
4.930131727547547E+009,1.096731515529362E-002,
4.935116592792793E+009,1.073744656560117E-002,
4.940101458038038E+009,1.049136298172795E-002,
4.945086323283283E+009,1.025896059078372E-002,
4.950071188528528E+009,9.973362062606211E-003,
4.955056053773774E+009,9.682934949046766E-003,
4.960040919019019E+009,9.517495249467824E-003,
4.965025784264264E+009,9.407877603746367E-003,
4.970010649509509E+009,9.318751721894301E-003,
4.974995514754755E+009,9.280737873053722E-003,
4.979980380000000E+009,9.266106361132969E-003,
