% Version 1.00
%
% Ref Impedances: Z01: 50, Z02: 50
% 
%freq[Hz];Trc1_S21[U];
1.000000000000000E+005,3.999113871454451E-005,
5.084865245245245E+006,4.048282918460965E-004,
1.006973049049049E+007,8.839410002125467E-004,
1.505459573573574E+007,1.979896921476327E-003,
2.003946098098098E+007,2.444930508836956E-003,
2.502432622622623E+007,3.452251050030643E-003,
3.000919147147147E+007,4.778433430743438E-003,
3.499405671671671E+007,8.600141702363100E-003,
3.997892196196196E+007,1.526795163210972E-002,
4.496378720720721E+007,4.297649763428669E-002,
4.994865245245245E+007,7.209429763262666E-002,
5.493351769769770E+007,3.047478747555032E-002,
5.991838294294295E+007,2.495937547343658E-002,
6.490324818818819E+007,1.727093772120182E-002,
6.988811343343343E+007,1.250883702328408E-002,
7.487297867867868E+007,9.762511045526978E-003,
7.985784392392393E+007,8.843091923300217E-003,
8.484270916916917E+007,8.611971577607730E-003,
8.982757441441442E+007,9.285074844542159E-003,
9.481243965965965E+007,9.635830436830096E-003,
9.979730490490490E+007,1.107629849674403E-002,
1.047821701501502E+008,1.242343789697725E-002,
1.097670353953954E+008,1.446305499380140E-002,
1.147519006406407E+008,1.691581864478256E-002,
1.197367658858859E+008,1.963247217478286E-002,
1.247216311311311E+008,2.376766665076812E-002,
1.297064963763764E+008,2.954265525167572E-002,
1.346913616216216E+008,3.788457404209048E-002,
1.396762268668669E+008,5.233134249854376E-002,
1.446610921121121E+008,7.835873155419315E-002,
1.496459573573574E+008,1.359580755566729E-001,
1.546308226026026E+008,1.819820722428679E-001,
1.596156878478479E+008,1.285193335611876E-001,
1.646005530930931E+008,9.751445150787003E-002,
1.695854183383384E+008,8.274837669593335E-002,
1.745702835835836E+008,6.381642637622276E-002,
1.795551488288288E+008,3.921071581782170E-002,
1.845400140740741E+008,2.410986215968115E-002,
1.895248793193193E+008,1.638410448241686E-002,
1.945097445645646E+008,1.220155558028135E-002,
1.994946098098098E+008,1.016584913520583E-002,
2.044794750550551E+008,8.098271144640973E-003,
2.094643403003003E+008,6.389812005091509E-003,
2.144492055455456E+008,5.424402953093615E-003,
2.194340707907908E+008,5.045958739118606E-003,
2.244189360360360E+008,5.430181341352115E-003,
2.294038012812813E+008,6.646229470148836E-003,
2.343886665265265E+008,8.536520588464210E-003,
2.393735317717718E+008,1.099893177327133E-002,
2.443583970170170E+008,1.459229465535976E-002,
2.493432622622623E+008,1.896383966018955E-002,
2.543281275075075E+008,2.624774890656291E-002,
2.593129927527528E+008,3.656592890088115E-002,
2.642978579979980E+008,5.324125946278706E-002,
2.692827232432432E+008,8.309396365966576E-002,
2.742675884884885E+008,1.469352244418243E-001,
2.792524537337337E+008,2.431289466357505E-001,
2.842373189789790E+008,1.640857283635680E-001,
2.892221842242242E+008,1.015345313720899E-001,
2.942070494694695E+008,7.231356697842396E-002,
2.991919147147147E+008,5.575458979537999E-002,
3.041767799599600E+008,4.484573631630843E-002,
3.091616452052052E+008,3.818318445561220E-002,
3.141465104504505E+008,3.316404999140844E-002,
3.191313756956957E+008,2.813497566981310E-002,
3.241162409409409E+008,2.423921000057475E-002,
3.291011061861862E+008,2.141384805435693E-002,
3.340859714314314E+008,1.856535954155783E-002,
3.390708366766767E+008,1.568957916659173E-002,
3.440557019219219E+008,1.381819644850866E-002,
3.490405671671672E+008,1.231274060232110E-002,
3.540254324124124E+008,1.111673256903966E-002,
3.590102976576577E+008,9.876933519368015E-003,
3.639951629029029E+008,8.111114588909290E-003,
3.689800281481482E+008,7.780594840117022E-003,
3.739648933933934E+008,7.274979891055858E-003,
3.789497586386386E+008,6.372263374316648E-003,
3.839346238838839E+008,6.682937573687145E-003,
3.889194891291291E+008,7.167670722748668E-003,
3.939043543743744E+008,7.776926456868980E-003,
3.988892196196196E+008,8.128547925492165E-003,
4.038740848648649E+008,7.808492768901515E-003,
4.088589501101101E+008,7.735502623105158E-003,
4.138438153553554E+008,7.875840470602104E-003,
4.188286806006006E+008,8.406980172418272E-003,
4.238135458458459E+008,1.110658990535279E-002,
4.287984110910911E+008,1.320451572821104E-002,
4.337832763363363E+008,1.386586954562562E-002,
4.387681415815816E+008,1.424567800997829E-002,
4.437530068268268E+008,1.425189860663133E-002,
4.487378720720721E+008,1.413658783551452E-002,
4.537227373173173E+008,1.419948902156463E-002,
4.587076025625626E+008,1.488119469849196E-002,
4.636924678078078E+008,1.588433289314840E-002,
4.686773330530531E+008,1.691479713608789E-002,
4.736621982982983E+008,1.769560472407283E-002,
4.786470635435436E+008,1.973167804602585E-002,
4.836319287887888E+008,2.120621347404078E-002,
4.886167940340340E+008,2.294547163119541E-002,
4.936016592792793E+008,2.462416031816820E-002,
4.985865245245245E+008,2.596569175419997E-002,
5.035713897697698E+008,2.744804975794300E-002,
5.085562550150150E+008,2.895163534405857E-002,
5.135411202602603E+008,3.015923872148853E-002,
5.185259855055055E+008,3.104094377266752E-002,
5.235108507507508E+008,3.180437861555826E-002,
5.284957159959960E+008,3.262467193624614E-002,
5.334805812412412E+008,3.310313017512501E-002,
5.384654464864864E+008,3.375296183264488E-002,
5.434503117317318E+008,3.492581703495316E-002,
5.484351769769770E+008,3.708203898939427E-002,
5.534200422222222E+008,3.811363966426783E-002,
5.584049074674674E+008,3.935149020814932E-002,
5.633897727127128E+008,4.073212876716520E-002,
5.683746379579580E+008,4.135543906928586E-002,
5.733595032032032E+008,4.239704750285785E-002,
5.783443684484484E+008,4.320953811123385E-002,
5.833292336936938E+008,4.341923697898784E-002,
5.883140989389390E+008,4.350484743847295E-002,
5.932989641841842E+008,4.361897025539849E-002,
5.982838294294294E+008,4.465812661330065E-002,
6.032686946746746E+008,4.580472695642833E-002,
6.082535599199200E+008,4.741483642766624E-002,
6.132384251651652E+008,4.874706873022312E-002,
6.182232904104104E+008,4.986482057191666E-002,
6.232081556556556E+008,5.068484286592235E-002,
6.281930209009010E+008,5.175733294605543E-002,
6.331778861461462E+008,5.344683012608070E-002,
6.381627513913914E+008,5.553086782129189E-002,
6.431476166366366E+008,5.747302750265416E-002,
6.481324818818818E+008,5.966984281301985E-002,
6.531173471271272E+008,6.304790073017716E-002,
6.581022123723724E+008,6.740997706880116E-002,
6.630870776176176E+008,7.235846792972206E-002,
6.680719428628628E+008,7.877110962763027E-002,
6.730568081081082E+008,8.467810631983100E-002,
6.780416733533534E+008,9.061472104582481E-002,
6.830265385985986E+008,9.547467938772022E-002,
6.880114038438438E+008,1.001302517332873E-001,
6.929962690890890E+008,1.056726470991232E-001,
6.979811343343344E+008,1.111943675083731E-001,
7.029659995795796E+008,1.165857401933474E-001,
7.079508648248248E+008,1.213526260974047E-001,
7.129357300700700E+008,1.251838358276864E-001,
7.179205953153154E+008,1.297758925968608E-001,
7.229054605605606E+008,1.332598291845473E-001,
7.278903258058058E+008,1.364654917316959E-001,
7.328751910510510E+008,1.396316399652847E-001,
7.378600562962964E+008,1.430414841212317E-001,
7.428449215415416E+008,1.476564784265212E-001,
7.478297867867868E+008,1.521130974355774E-001,
7.528146520320320E+008,1.568250793577548E-001,
7.577995172772772E+008,1.623293957510010E-001,
7.627843825225226E+008,1.679230644741127E-001,
7.677692477677678E+008,1.719924580226950E-001,
7.727541130130130E+008,1.743347968625579E-001,
7.777389782582582E+008,1.739896294563296E-001,
7.827238435035036E+008,1.693888819738737E-001,
7.877087087487488E+008,1.623810531519657E-001,
7.926935739939940E+008,1.546783112862372E-001,
7.976784392392392E+008,1.470850547941288E-001,
8.026633044844844E+008,1.421096809075576E-001,
8.076481697297298E+008,1.386690158054519E-001,
8.126330349749750E+008,1.358818114547300E-001,
8.176179002202202E+008,1.363581933858163E-001,
8.226027654654654E+008,1.402826482132436E-001,
8.275876307107108E+008,1.441163706324694E-001,
8.325724959559560E+008,1.483754112229645E-001,
8.375573612012012E+008,1.538751270205463E-001,
8.425422264464464E+008,1.592637861102595E-001,
8.475270916916918E+008,1.643714656138619E-001,
8.525119569369370E+008,1.669785527854728E-001,
8.574968221821822E+008,1.697714423489266E-001,
8.624816874274274E+008,1.708582199760163E-001,
8.674665526726726E+008,1.697562457300998E-001,
8.724514179179180E+008,1.686001126082937E-001,
8.774362831631632E+008,1.662006845861974E-001,
8.824211484084084E+008,1.629267655239031E-001,
8.874060136536536E+008,1.602254812834358E-001,
8.923908788988990E+008,1.588543331332307E-001,
8.973757441441442E+008,1.598262190271125E-001,
9.023606093893894E+008,1.614422120240104E-001,
9.073454746346346E+008,1.639059593393909E-001,
9.123303398798798E+008,1.658307231262687E-001,
9.173152051251252E+008,1.672505997395042E-001,
9.223000703703704E+008,1.692793869514730E-001,
9.272849356156156E+008,1.706377004446985E-001,
9.322698008608608E+008,1.711715190406036E-001,
9.372546661061062E+008,1.710217161888953E-001,
9.422395313513514E+008,1.712598709287207E-001,
9.472243965965966E+008,1.694472847610921E-001,
9.522092618418418E+008,1.663137110266466E-001,
9.571941270870872E+008,1.629757749534481E-001,
9.621789923323324E+008,1.596997706510657E-001,
9.671638575775776E+008,1.552095002262469E-001,
9.721487228228228E+008,1.520188206887148E-001,
9.771335880680680E+008,1.491892164867312E-001,
9.821184533133134E+008,1.449094329391530E-001,
9.871033185585586E+008,1.402052887893184E-001,
9.920881838038038E+008,1.365048516051374E-001,
9.970730490490490E+008,1.328245890335761E-001,
1.002057914294294E+009,1.303722637615876E-001,
1.007042779539540E+009,1.288518471761839E-001,
1.012027644784785E+009,1.281233069719695E-001,
1.017012510030030E+009,1.279287222075794E-001,
1.021997375275275E+009,1.280990149875882E-001,
1.026982240520521E+009,1.290287810103857E-001,
1.031967105765766E+009,1.286595541361374E-001,
1.036951971011011E+009,1.257113005513169E-001,
1.041936836256256E+009,1.214680199733707E-001,
1.046921701501502E+009,1.173274648442183E-001,
1.051906566746747E+009,1.132043822796820E-001,
1.056891431991992E+009,1.093624264824393E-001,
1.061876297237237E+009,1.055878885618679E-001,
1.066861162482482E+009,1.030525372345229E-001,
1.071846027727728E+009,1.023876575131672E-001,
1.076830892972973E+009,1.031371395606305E-001,
1.081815758218218E+009,1.040448224177445E-001,
1.086800623463464E+009,1.056270492961007E-001,
1.091785488708709E+009,1.083469562296994E-001,
1.096770353953954E+009,1.105910691185006E-001,
1.101755219199199E+009,1.127203386865344E-001,
1.106740084444444E+009,1.133106634610501E-001,
1.111724949689690E+009,1.126869935711673E-001,
1.116709814934935E+009,1.121907417448484E-001,
1.121694680180180E+009,1.116997451207544E-001,
1.126679545425426E+009,1.114888624216028E-001,
1.131664410670671E+009,1.105366875702020E-001,
1.136649275915916E+009,1.086179986061410E-001,
1.141634141161161E+009,1.049790421299759E-001,
1.146619006406406E+009,1.013161811130722E-001,
1.151603871651652E+009,9.736812802675102E-002,
1.156588736896897E+009,9.333270866671423E-002,
1.161573602142142E+009,8.878536077371890E-002,
1.166558467387388E+009,8.567242885236616E-002,
1.171543332632633E+009,8.323011443176648E-002,
1.176528197877878E+009,8.202434567052586E-002,
1.181513063123123E+009,8.155852457207836E-002,
1.186497928368368E+009,8.181016025575913E-002,
1.191482793613614E+009,8.225583001660147E-002,
1.196467658858859E+009,8.264614882423604E-002,
1.201452524104104E+009,8.327272935740966E-002,
1.206437389349349E+009,8.366777700544677E-002,
1.211422254594595E+009,8.446653622832903E-002,
1.216407119839840E+009,8.485856120872516E-002,
1.221391985085085E+009,8.440461440263096E-002,
1.226376850330330E+009,8.399770648120189E-002,
1.231361715575576E+009,8.355959723096348E-002,
1.236346580820821E+009,8.283772732238894E-002,
1.241331446066066E+009,8.164905573066206E-002,
1.246316311311311E+009,8.056399016368120E-002,
1.251301176556557E+009,7.932558785364158E-002,
1.256286041801802E+009,7.878244034908413E-002,
1.261270907047047E+009,7.804860930735109E-002,
1.266255772292292E+009,7.815977139531206E-002,
1.271240637537538E+009,7.942118966743426E-002,
1.276225502782783E+009,8.001510392774873E-002,
1.281210368028028E+009,8.062325294617688E-002,
1.286195233273273E+009,8.102372818476526E-002,
1.291180098518518E+009,8.163431040785504E-002,
1.296164963763764E+009,8.207308729266098E-002,
1.301149829009009E+009,8.253014699054843E-002,
1.306134694254254E+009,8.223847598258252E-002,
1.311119559499500E+009,8.109323130344760E-002,
1.316104424744745E+009,7.816593601328654E-002,
1.321089289989990E+009,7.484582849370597E-002,
1.326074155235235E+009,7.126628165627412E-002,
1.331059020480480E+009,6.810218969534539E-002,
1.336043885725726E+009,6.466036197129008E-002,
1.341028750970971E+009,6.208588721739104E-002,
1.346013616216216E+009,5.972508472300685E-002,
1.350998481461462E+009,5.786026736689950E-002,
1.355983346706707E+009,5.698413493904172E-002,
1.360968211951952E+009,5.650854940741429E-002,
1.365953077197197E+009,5.675027724109220E-002,
1.370937942442442E+009,5.777434045780005E-002,
1.375922807687688E+009,5.870631289362246E-002,
1.380907672932933E+009,5.904902480802042E-002,
1.385892538178178E+009,5.913503261874512E-002,
1.390877403423424E+009,5.903623283640405E-002,
1.395862268668669E+009,5.901834777956315E-002,
1.400847133913914E+009,5.972055302471000E-002,
1.405831999159159E+009,6.024503221185274E-002,
1.410816864404404E+009,6.000283618768242E-002,
1.415801729649650E+009,5.918357301476231E-002,
1.420786594894895E+009,5.895272798356823E-002,
1.425771460140140E+009,5.915419689720546E-002,
1.430756325385386E+009,5.900468259012946E-002,
1.435741190630631E+009,5.845972484515655E-002,
1.440726055875876E+009,5.810941397829840E-002,
1.445710921121121E+009,5.736790990153458E-002,
1.450695786366366E+009,5.742378672079031E-002,
1.455680651611612E+009,5.814048040396070E-002,
1.460665516856857E+009,5.752369677480981E-002,
1.465650382102102E+009,5.723493275840434E-002,
1.470635247347347E+009,5.693260520218502E-002,
1.475620112592593E+009,5.723930094020280E-002,
1.480604977837838E+009,5.681236558895127E-002,
1.485589843083083E+009,5.652670314449374E-002,
1.490574708328328E+009,5.553210044816211E-002,
1.495559573573574E+009,5.455957398732125E-002,
1.500544438818819E+009,5.390985417050137E-002,
1.505529304064064E+009,5.244852196585129E-002,
1.510514169309309E+009,5.051028330308394E-002,
1.515499034554555E+009,4.865205956335721E-002,
1.520483899799800E+009,4.707042414680256E-002,
1.525468765045045E+009,4.576125789610293E-002,
1.530453630290290E+009,4.579248906307808E-002,
1.535438495535536E+009,4.575127882366301E-002,
1.540423360780781E+009,4.643894836549876E-002,
1.545408226026026E+009,4.744010455314208E-002,
1.550393091271271E+009,4.796225127062218E-002,
1.555377956516516E+009,4.873164232381447E-002,
1.560362821761762E+009,5.017231887388955E-002,
1.565347687007007E+009,5.125115485716935E-002,
1.570332552252252E+009,5.174147055864041E-002,
1.575317417497498E+009,5.155147814508615E-002,
1.580302282742743E+009,5.165924401910726E-002,
1.585287147987988E+009,5.152157668265343E-002,
1.590272013233233E+009,5.135419812320986E-002,
1.595256878478478E+009,5.126112888499579E-002,
1.600241743723724E+009,5.054920208578505E-002,
1.605226608968969E+009,4.978193814750644E-002,
1.610211474214214E+009,4.958238844726227E-002,
1.615196339459460E+009,4.936803675212008E-002,
1.620181204704705E+009,4.879634569043768E-002,
1.625166069949950E+009,4.858584044477542E-002,
1.630150935195195E+009,4.815707861049026E-002,
1.635135800440440E+009,4.751000520247062E-002,
1.640120665685686E+009,4.696329370006210E-002,
1.645105530930931E+009,4.580500540020457E-002,
1.650090396176176E+009,4.513182127068335E-002,
1.655075261421422E+009,4.413589031915352E-002,
1.660060126666667E+009,4.306931596155531E-002,
1.665044991911912E+009,4.123190443926576E-002,
1.670029857157157E+009,4.019343647992774E-002,
1.675014722402402E+009,3.860333493911451E-002,
1.679999587647648E+009,3.713589491232132E-002,
1.684984452892893E+009,3.558029384949336E-002,
1.689969318138138E+009,3.392370224152439E-002,
1.694954183383384E+009,3.214874012379852E-002,
1.699939048628629E+009,3.024646960484797E-002,
1.704923913873874E+009,2.865375874507469E-002,
1.709908779119119E+009,2.760908866469906E-002,
1.714893644364364E+009,2.697626525176707E-002,
1.719878509609610E+009,2.559805428257443E-002,
1.724863374854855E+009,2.433333854479489E-002,
1.729848240100100E+009,2.320812640734234E-002,
1.734833105345345E+009,2.252096171843369E-002,
1.739817970590591E+009,2.221312014028034E-002,
1.744802835835836E+009,2.143441112446641E-002,
1.749787701081081E+009,2.249150129557763E-002,
1.754772566326326E+009,2.352886930084129E-002,
1.759757431571572E+009,2.645260466515616E-002,
1.764742296816817E+009,2.817395158292985E-002,
1.769727162062062E+009,2.988150107033352E-002,
1.774712027307307E+009,3.066073733606181E-002,
1.779696892552553E+009,3.038012397239063E-002,
1.784681757797798E+009,2.964218054671616E-002,
1.789666623043043E+009,2.861144427544531E-002,
1.794651488288288E+009,2.871957048560491E-002,
1.799636353533534E+009,2.941383435641385E-002,
1.804621218778779E+009,2.957348137887633E-002,
1.809606084024024E+009,2.945019764527669E-002,
1.814590949269269E+009,2.979110346928236E-002,
1.819575814514514E+009,2.938920039436582E-002,
1.824560679759760E+009,2.867908292012048E-002,
1.829545545005005E+009,2.786173976407854E-002,
1.834530410250250E+009,2.745045437983484E-002,
1.839515275495496E+009,2.674559055879696E-002,
1.844500140740741E+009,2.596636494308844E-002,
1.849485005985986E+009,2.520125545961804E-002,
1.854469871231231E+009,2.491159622306819E-002,
1.859454736476476E+009,2.516465737639443E-002,
1.864439601721722E+009,2.555518138671453E-002,
1.869424466966967E+009,2.675774873370803E-002,
1.874409332212212E+009,2.724960310345650E-002,
1.879394197457458E+009,2.689789051592998E-002,
1.884379062702703E+009,2.603139111334473E-002,
1.889363927947948E+009,2.510091259964666E-002,
1.894348793193193E+009,2.529629725592553E-002,
1.899333658438438E+009,2.522557515029616E-002,
1.904318523683684E+009,2.563634608244981E-002,
1.909303388928929E+009,2.624492504267471E-002,
1.914288254174174E+009,2.661360631659659E-002,
1.919273119419420E+009,2.697264496736830E-002,
1.924257984664665E+009,2.832673420834488E-002,
1.929242849909910E+009,2.957021531468006E-002,
1.934227715155155E+009,3.093961237240231E-002,
1.939212580400400E+009,3.146171813903560E-002,
1.944197445645646E+009,3.194541105198422E-002,
1.949182310890891E+009,3.181059131074165E-002,
1.954167176136136E+009,3.214970971096263E-002,
1.959152041381382E+009,3.215533474573149E-002,
1.964136906626627E+009,3.220615248307771E-002,
1.969121771871872E+009,3.216309861003185E-002,
1.974106637117117E+009,3.167185503555477E-002,
1.979091502362362E+009,3.158890055342627E-002,
1.984076367607608E+009,3.160289376000193E-002,
1.989061232852853E+009,3.112073303357818E-002,
1.994046098098098E+009,3.089284147119268E-002,
1.999030963343343E+009,3.015527224615413E-002,
2.004015828588589E+009,2.992276546418096E-002,
2.009000693833834E+009,2.929858028599739E-002,
2.013985559079079E+009,2.895983727285954E-002,
2.018970424324324E+009,2.843248019605996E-002,
2.023955289569570E+009,2.720802336116466E-002,
2.028940154814815E+009,2.654216757447928E-002,
2.033925020060060E+009,2.596549869784552E-002,
2.038909885305305E+009,2.580511572466500E-002,
2.043894750550551E+009,2.500787855465180E-002,
2.048879615795796E+009,2.401643260154067E-002,
2.053864481041041E+009,2.306657931014969E-002,
2.058849346286286E+009,2.196794280004791E-002,
2.063834211531532E+009,2.148191685557723E-002,
2.068819076776777E+009,2.080992757714660E-002,
2.073803942022022E+009,2.013620203009343E-002,
2.078788807267267E+009,1.939624778995716E-002,
2.083773672512512E+009,1.835735632530375E-002,
2.088758537757758E+009,1.760911187310396E-002,
2.093743403003003E+009,1.669171963354225E-002,
2.098728268248248E+009,1.520472533993172E-002,
2.103713133493494E+009,1.337911058549330E-002,
2.108697998738739E+009,1.207359759001489E-002,
2.113682863983984E+009,1.101358041103969E-002,
2.118667729229229E+009,9.889788416095790E-003,
2.123652594474474E+009,9.653691681303490E-003,
2.128637459719720E+009,9.178463469111149E-003,
2.133622324964965E+009,8.452616906852275E-003,
2.138607190210210E+009,7.854802119827831E-003,
2.143592055455456E+009,6.544297234502007E-003,
2.148576920700701E+009,5.428079992503465E-003,
2.153561785945946E+009,4.361028154013264E-003,
2.158546651191191E+009,3.251025615053310E-003,
2.163531516436437E+009,2.327169313383415E-003,
2.168516381681682E+009,1.739377422011367E-003,
2.173501246926927E+009,1.860671438481317E-003,
2.178486112172172E+009,2.629304833802440E-003,
2.183470977417418E+009,3.390068016915727E-003,
2.188455842662663E+009,4.032987502902360E-003,
2.193440707907908E+009,4.746468248753738E-003,
2.198425573153153E+009,5.419450089674255E-003,
2.203410438398398E+009,6.051135663984376E-003,
2.208395303643644E+009,6.642902996243430E-003,
2.213380168888889E+009,7.368061372760153E-003,
2.218365034134134E+009,8.174462580247734E-003,
2.223349899379379E+009,8.951012966945364E-003,
2.228334764624625E+009,9.498652069673146E-003,
2.233319629869870E+009,1.010709637592939E-002,
2.238304495115115E+009,1.071024759866274E-002,
2.243289360360360E+009,1.059123144397194E-002,
2.248274225605606E+009,1.038755657988047E-002,
2.253259090850851E+009,1.046147217168929E-002,
2.258243956096096E+009,1.032037328490384E-002,
2.263228821341342E+009,1.018338422279875E-002,
2.268213686586587E+009,1.029259984757138E-002,
2.273198551831832E+009,1.052847768617737E-002,
2.278183417077077E+009,1.100408772486181E-002,
2.283168282322322E+009,1.116776550009007E-002,
2.288153147567567E+009,1.188602525530763E-002,
2.293138012812813E+009,1.266342875689539E-002,
2.298122878058058E+009,1.368096749322531E-002,
2.303107743303303E+009,1.462095061152246E-002,
2.308092608548549E+009,1.640955920413207E-002,
2.313077473793794E+009,1.818928472602248E-002,
2.318062339039039E+009,1.971206732604411E-002,
2.323047204284284E+009,2.118228820527895E-002,
2.328032069529530E+009,2.254541266049198E-002,
2.333016934774775E+009,2.397077821847146E-002,
2.338001800020020E+009,2.501439792497296E-002,
2.342986665265266E+009,2.632321631424270E-002,
2.347971530510510E+009,2.668573747080123E-002,
2.352956395755756E+009,2.751756559687318E-002,
2.357941261001001E+009,2.761749064649165E-002,
2.362926126246246E+009,2.848940807192242E-002,
2.367910991491491E+009,2.830353774713525E-002,
2.372895856736737E+009,2.841444425192984E-002,
2.377880721981982E+009,2.836933412282788E-002,
2.382865587227227E+009,2.884096198448467E-002,
2.387850452472473E+009,2.915191760920493E-002,
2.392835317717718E+009,2.958858113219980E-002,
2.397820182962963E+009,3.064914393278454E-002,
2.402805048208208E+009,3.139168929197125E-002,
2.407789913453454E+009,3.127635444985814E-002,
2.412774778698699E+009,3.138435648159278E-002,
2.417759643943944E+009,3.162153198083451E-002,
2.422744509189189E+009,3.167686713071795E-002,
2.427729374434434E+009,3.193506116975120E-002,
2.432714239679680E+009,3.192941171431848E-002,
2.437699104924925E+009,3.141984162868627E-002,
2.442683970170170E+009,3.038322652363905E-002,
2.447668835415415E+009,2.981352420233770E-002,
2.452653700660661E+009,2.935974063404277E-002,
2.457638565905906E+009,2.900519649691173E-002,
2.462623431151151E+009,2.858594027831026E-002,
2.467608296396397E+009,2.780652496046329E-002,
2.472593161641642E+009,2.738814754724479E-002,
2.477578026886887E+009,2.649804633386360E-002,
2.482562892132132E+009,2.559873011088029E-002,
2.487547757377378E+009,2.505548135241678E-002,
2.492532622622623E+009,2.440878836208447E-002,
2.497517487867868E+009,2.370076264647221E-002,
2.502502353113113E+009,2.367280418554012E-002,
2.507487218358358E+009,2.362397035266069E-002,
2.512472083603604E+009,2.426816366807791E-002,
2.517456948848849E+009,2.450094092563334E-002,
2.522441814094094E+009,2.472497016597791E-002,
2.527426679339339E+009,2.468275110268429E-002,
2.532411544584585E+009,2.412291222689111E-002,
2.537396409829830E+009,2.460760766980411E-002,
2.542381275075075E+009,2.372318594876228E-002,
2.547366140320320E+009,2.278981372132213E-002,
2.552351005565566E+009,2.185549372489775E-002,
2.557335870810811E+009,2.097355417575260E-002,
2.562320736056056E+009,2.076641497670974E-002,
2.567305601301302E+009,2.102151486112398E-002,
2.572290466546547E+009,2.078862172019190E-002,
2.577275331791792E+009,2.082070893904675E-002,
2.582260197037037E+009,2.107836790162653E-002,
2.587245062282282E+009,2.133826623932882E-002,
2.592229927527527E+009,2.220375607866811E-002,
2.597214792772773E+009,2.270358073262076E-002,
2.602199658018018E+009,2.335959870611315E-002,
2.607184523263263E+009,2.369834720039722E-002,
2.612169388508509E+009,2.478649684612052E-002,
2.617154253753754E+009,2.562207505117878E-002,
2.622139118998999E+009,2.777257335022457E-002,
2.627123984244244E+009,2.881481798873246E-002,
2.632108849489490E+009,2.997277422309476E-002,
2.637093714734735E+009,3.172669303365572E-002,
2.642078579979980E+009,3.227693683020547E-002,
2.647063445225225E+009,3.277146382575834E-002,
2.652048310470470E+009,3.251922041431132E-002,
2.657033175715716E+009,3.266643356989622E-002,
2.662018040960961E+009,3.252384238879580E-002,
2.667002906206206E+009,3.254576158392564E-002,
2.671987771451451E+009,3.245683466930165E-002,
2.676972636696697E+009,3.247079410898447E-002,
2.681957501941942E+009,3.216660651266463E-002,
2.686942367187187E+009,3.215252717214556E-002,
2.691927232432433E+009,3.254231747249218E-002,
2.696912097677678E+009,3.286397820188595E-002,
2.701896962922923E+009,3.239067884317454E-002,
2.706881828168168E+009,3.229696205717972E-002,
2.711866693413414E+009,3.284428400817017E-002,
2.716851558658659E+009,3.187433950643563E-002,
2.721836423903904E+009,3.249496458149538E-002,
2.726821289149149E+009,3.249758966881922E-002,
2.731806154394394E+009,3.248847638356739E-002,
2.736791019639640E+009,3.151157075089020E-002,
2.741775884884885E+009,3.143620039215930E-002,
2.746760750130130E+009,3.035602218565058E-002,
2.751745615375375E+009,3.004932187457034E-002,
2.756730480620621E+009,3.006505099672684E-002,
2.761715345865866E+009,2.979513709596854E-002,
2.766700211111111E+009,3.029522819266396E-002,
2.771685076356356E+009,3.084560791820472E-002,
2.776669941601602E+009,3.164017071122950E-002,
2.781654806846847E+009,3.267207658929036E-002,
2.786639672092092E+009,3.336911916733023E-002,
2.791624537337338E+009,3.382954134796756E-002,
2.796609402582583E+009,3.401472873503910E-002,
2.801594267827828E+009,3.402033788521379E-002,
2.806579133073073E+009,3.373569199012225E-002,
2.811563998318318E+009,3.321480770611780E-002,
2.816548863563564E+009,3.329939394343758E-002,
2.821533728808809E+009,3.266798186615338E-002,
2.826518594054054E+009,3.235518527350571E-002,
2.831503459299299E+009,3.249714152205794E-002,
2.836488324544545E+009,3.227259173892946E-002,
2.841473189789790E+009,3.299698139481845E-002,
2.846458055035035E+009,3.364130450978172E-002,
2.851442920280280E+009,3.345329119965167E-002,
2.856427785525526E+009,3.287733068443955E-002,
2.861412650770771E+009,3.234993501164099E-002,
2.866397516016016E+009,3.163034620354260E-002,
2.871382381261262E+009,3.081292907982759E-002,
2.876367246506506E+009,2.971546503163546E-002,
2.881352111751752E+009,2.817121536998976E-002,
2.886336976996997E+009,2.681528866770703E-002,
2.891321842242242E+009,2.575806835973509E-002,
2.896306707487487E+009,2.425831563721324E-002,
2.901291572732733E+009,2.314809805934405E-002,
2.906276437977978E+009,2.259538822977811E-002,
2.911261303223223E+009,2.142984532710087E-002,
2.916246168468469E+009,2.118800773961034E-002,
2.921231033713714E+009,2.081679313229090E-002,
2.926215898958959E+009,1.987673193318176E-002,
2.931200764204204E+009,2.011738527884333E-002,
2.936185629449450E+009,1.996628493314152E-002,
2.941170494694695E+009,2.062866615607773E-002,
2.946155359939940E+009,1.986790936858062E-002,
2.951140225185185E+009,1.975140575544839E-002,
2.956125090430430E+009,1.976464002242566E-002,
2.961109955675676E+009,1.980395846122508E-002,
2.966094820920921E+009,1.986132753781903E-002,
2.971079686166166E+009,1.881180555477813E-002,
2.976064551411411E+009,1.773594066532246E-002,
2.981049416656657E+009,1.694228576011972E-002,
2.986034281901902E+009,1.565277132833183E-002,
2.991019147147147E+009,1.528712395923506E-002,
2.996004012392393E+009,1.389215234069084E-002,
3.000988877637638E+009,1.302483670559497E-002,
3.005973742882883E+009,1.223459833207974E-002,
3.010958608128128E+009,1.089642124709228E-002,
3.015943473373374E+009,1.049150520881826E-002,
3.020928338618619E+009,9.715387658816308E-003,
3.025913203863864E+009,9.054669027353957E-003,
3.030898069109109E+009,8.430465486243413E-003,
3.035882934354354E+009,7.929478010142411E-003,
3.040867799599600E+009,7.361469484910825E-003,
3.045852664844845E+009,6.691662578014104E-003,
3.050837530090090E+009,6.036249874601224E-003,
3.055822395335335E+009,5.514071252941742E-003,
3.060807260580581E+009,5.010397566264774E-003,
3.065792125825826E+009,4.586804650894033E-003,
3.070776991071071E+009,4.185126366743406E-003,
3.075761856316316E+009,3.922752779224248E-003,
3.080746721561562E+009,3.602320548639394E-003,
3.085731586806807E+009,3.496586388346949E-003,
3.090716452052052E+009,3.432523242646840E-003,
3.095701317297298E+009,3.495983478837183E-003,
3.100686182542543E+009,3.617345322697532E-003,
3.105671047787788E+009,3.755011646652466E-003,
3.110655913033033E+009,3.778571456110750E-003,
3.115640778278278E+009,3.733268028375087E-003,
3.120625643523523E+009,3.832886882494113E-003,
3.125610508768769E+009,4.147378770277403E-003,
3.130595374014014E+009,4.428269933955454E-003,
3.135580239259259E+009,4.766398937448135E-003,
3.140565104504505E+009,5.061125076721476E-003,
3.145549969749750E+009,5.470051445896758E-003,
3.150534834994995E+009,5.894193890407225E-003,
3.155519700240240E+009,6.370476612560566E-003,
3.160504565485486E+009,6.922635560193126E-003,
3.165489430730731E+009,7.399737717174896E-003,
3.170474295975976E+009,7.821419414441049E-003,
3.175459161221221E+009,8.162009921307965E-003,
3.180444026466466E+009,8.557503205964089E-003,
3.185428891711712E+009,9.025456301764273E-003,
3.190413756956957E+009,9.558838978128065E-003,
3.195398622202202E+009,9.980805737948349E-003,
3.200383487447447E+009,1.033311947198737E-002,
3.205368352692693E+009,1.068057397866617E-002,
3.210353217937938E+009,1.085444770728683E-002,
3.215338083183183E+009,1.119306397009858E-002,
3.220322948428429E+009,1.144765659882947E-002,
3.225307813673674E+009,1.180281012383266E-002,
3.230292678918919E+009,1.210260872259471E-002,
3.235277544164164E+009,1.247472818664789E-002,
3.240262409409410E+009,1.282608283159937E-002,
3.245247274654655E+009,1.315286093706059E-002,
3.250232139899900E+009,1.360602008762348E-002,
3.255217005145145E+009,1.395738760112597E-002,
3.260201870390390E+009,1.434996363210038E-002,
3.265186735635636E+009,1.468079129214828E-002,
3.270171600880881E+009,1.467823000156028E-002,
3.275156466126126E+009,1.457351598346710E-002,
3.280141331371371E+009,1.437890065419702E-002,
3.285126196616617E+009,1.404535906139713E-002,
3.290111061861862E+009,1.377682753467625E-002,
3.295095927107107E+009,1.359031117671682E-002,
3.300080792352352E+009,1.337458290166804E-002,
3.305065657597598E+009,1.307241070103137E-002,
3.310050522842843E+009,1.294281272642542E-002,
3.315035388088088E+009,1.287480283072208E-002,
3.320020253333334E+009,1.274614932575244E-002,
3.325005118578579E+009,1.267583676813648E-002,
3.329989983823824E+009,1.251064275165205E-002,
3.334974849069069E+009,1.231180155957697E-002,
3.339959714314314E+009,1.204192455653308E-002,
3.344944579559560E+009,1.185926318246316E-002,
3.349929444804805E+009,1.180910012232097E-002,
3.354914310050050E+009,1.192402507850912E-002,
3.359899175295295E+009,1.214134146926162E-002,
3.364884040540541E+009,1.244217553583318E-002,
3.369868905785786E+009,1.273333608716322E-002,
3.374853771031031E+009,1.287314866900215E-002,
3.379838636276276E+009,1.302380547022835E-002,
3.384823501521522E+009,1.306949925479383E-002,
3.389808366766767E+009,1.303470335108276E-002,
3.394793232012012E+009,1.299302799422089E-002,
3.399778097257258E+009,1.294789140053953E-002,
3.404762962502502E+009,1.276107752421562E-002,
3.409747827747748E+009,1.258335791996702E-002,
3.414732692992993E+009,1.244940039821902E-002,
3.419717558238238E+009,1.229095804697151E-002,
3.424702423483483E+009,1.204124705596976E-002,
3.429687288728729E+009,1.187727255090898E-002,
3.434672153973974E+009,1.155826342090468E-002,
3.439657019219219E+009,1.114055704332805E-002,
3.444641884464465E+009,1.058664796092109E-002,
3.449626749709710E+009,1.007250403674444E-002,
3.454611614954955E+009,9.720154478608772E-003,
3.459596480200200E+009,9.244007556799163E-003,
3.464581345445446E+009,8.864268481196494E-003,
3.469566210690691E+009,8.532919828399538E-003,
3.474551075935936E+009,8.267857457458660E-003,
3.479535941181181E+009,7.941843644661380E-003,
3.484520806426426E+009,7.754151556988816E-003,
3.489505671671672E+009,7.519158098537478E-003,
3.494490536916917E+009,7.171187604910412E-003,
3.499475402162162E+009,6.968629114660333E-003,
3.504460267407407E+009,6.812044525267048E-003,
3.509445132652653E+009,6.703812455787419E-003,
3.514429997897898E+009,6.947452583320456E-003,
3.519414863143143E+009,7.115514512502109E-003,
3.524399728388389E+009,7.345931814974458E-003,
3.529384593633634E+009,7.608464093777585E-003,
3.534369458878879E+009,8.027595797556983E-003,
3.539354324124124E+009,8.539163917959254E-003,
3.544339189369370E+009,8.950314331793377E-003,
3.549324054614615E+009,9.262268466242176E-003,
3.554308919859860E+009,9.698813738436972E-003,
3.559293785105105E+009,1.009631838666901E-002,
3.564278650350350E+009,1.073103587392175E-002,
3.569263515595596E+009,1.142975223866189E-002,
3.574248380840841E+009,1.207924848333234E-002,
3.579233246086086E+009,1.282922889873216E-002,
3.584218111331331E+009,1.342096728726536E-002,
3.589202976576577E+009,1.373330565749772E-002,
3.594187841821822E+009,1.416624974351059E-002,
3.599172707067067E+009,1.463419146188247E-002,
3.604157572312312E+009,1.495264537342789E-002,
3.609142437557558E+009,1.507668329930445E-002,
3.614127302802803E+009,1.503737351334163E-002,
3.619112168048048E+009,1.503120478962425E-002,
3.624097033293294E+009,1.490427889345334E-002,
3.629081898538539E+009,1.486637666675096E-002,
3.634066763783784E+009,1.467804783549987E-002,
3.639051629029029E+009,1.455180013338024E-002,
3.644036494274274E+009,1.450542651209900E-002,
3.649021359519519E+009,1.441583118011070E-002,
3.654006224764765E+009,1.447440040567161E-002,
3.658991090010010E+009,1.485113653652437E-002,
3.663975955255255E+009,1.514306570760418E-002,
3.668960820500501E+009,1.560240289854229E-002,
3.673945685745746E+009,1.613448117660332E-002,
3.678930550990991E+009,1.674380160106735E-002,
3.683915416236236E+009,1.747271894869295E-002,
3.688900281481482E+009,1.832926655281148E-002,
3.693885146726727E+009,1.941706779271908E-002,
3.698870011971972E+009,1.998170933793543E-002,
3.703854877217217E+009,2.078621319686110E-002,
3.708839742462462E+009,2.068084336141743E-002,
3.713824607707708E+009,2.140936577988662E-002,
3.718809472952953E+009,2.129427820372207E-002,
3.723794338198198E+009,2.138919552604255E-002,
3.728779203443443E+009,2.096062582801838E-002,
3.733764068688689E+009,2.107082293480676E-002,
3.738748933933934E+009,2.108253468400923E-002,
3.743733799179179E+009,2.075546983062884E-002,
3.748718664424425E+009,2.066179919206836E-002,
3.753703529669670E+009,2.124104925785163E-002,
3.758688394914915E+009,2.152563260197416E-002,
3.763673260160160E+009,2.118432761537768E-002,
3.768658125405406E+009,2.085784022814840E-002,
3.773642990650651E+009,2.117570664775154E-002,
3.778627855895896E+009,2.147689083154340E-002,
3.783612721141141E+009,2.199477039067599E-002,
3.788597586386386E+009,2.224815285250350E-002,
3.793582451631632E+009,2.072453797641595E-002,
3.798567316876877E+009,2.164051190376403E-002,
3.803552182122122E+009,2.100692625389347E-002,
3.808537047367367E+009,2.118156252432051E-002,
3.813521912612613E+009,2.054490778884926E-002,
3.818506777857858E+009,2.031015853331683E-002,
3.823491643103103E+009,1.995562287850601E-002,
3.828476508348349E+009,1.987151862308594E-002,
3.833461373593594E+009,1.968353723825940E-002,
3.838446238838839E+009,1.952077565911765E-002,
3.843431104084084E+009,2.002501964085663E-002,
3.848415969329330E+009,2.050822638042358E-002,
3.853400834574575E+009,1.882232025265440E-002,
3.858385699819820E+009,1.956604879127079E-002,
3.863370565065065E+009,1.951410737487162E-002,
3.868355430310310E+009,1.972895462163486E-002,
3.873340295555556E+009,1.944638782667652E-002,
3.878325160800801E+009,1.960834027207814E-002,
3.883310026046046E+009,1.866582100341929E-002,
3.888294891291291E+009,1.887153521069020E-002,
3.893279756536537E+009,1.958672253298846E-002,
3.898264621781782E+009,1.929469413780527E-002,
3.903249487027027E+009,1.908960680199414E-002,
3.908234352272272E+009,1.832741810171900E-002,
3.913219217517518E+009,1.863073794765116E-002,
3.918204082762763E+009,1.829294482302152E-002,
3.923188948008008E+009,1.759182052574401E-002,
3.928173813253254E+009,1.733985042804485E-002,
3.933158678498498E+009,1.688466063387473E-002,
3.938143543743744E+009,1.661263466835105E-002,
3.943128408988989E+009,1.637491624513572E-002,
3.948113274234234E+009,1.585707916062020E-002,
3.953098139479479E+009,1.629657293499717E-002,
3.958083004724725E+009,1.605683218562383E-002,
3.963067869969970E+009,1.548971299984219E-002,
3.968052735215215E+009,1.636464260330755E-002,
3.973037600460461E+009,1.629603499246310E-002,
3.978022465705706E+009,1.637102242881161E-002,
3.983007330950951E+009,1.635172955722499E-002,
3.987992196196196E+009,1.589513359039833E-002,
3.992977061441442E+009,1.538163785613980E-002,
3.997961926686687E+009,1.516672388159962E-002,
4.002946791931932E+009,1.476794396189731E-002,
4.007931657177177E+009,1.375650616190710E-002,
4.012916522422422E+009,1.401810574418229E-002,
4.017901387667668E+009,1.348154117300645E-002,
4.022886252912913E+009,1.326739558604373E-002,
4.027871118158158E+009,1.325870000650886E-002,
4.032855983403403E+009,1.323552639905505E-002,
4.037840848648649E+009,1.334715407655642E-002,
4.042825713893894E+009,1.353668394858121E-002,
4.047810579139139E+009,1.378893284306572E-002,
4.052795444384385E+009,1.401323502953166E-002,
4.057780309629630E+009,1.413623099542582E-002,
4.062765174874875E+009,1.437687042058618E-002,
4.067750040120120E+009,1.448884949588789E-002,
4.072734905365366E+009,1.440507552080138E-002,
4.077719770610611E+009,1.428709787185284E-002,
4.082704635855856E+009,1.400944669274577E-002,
4.087689501101101E+009,1.370853098775718E-002,
4.092674366346346E+009,1.342273891162137E-002,
4.097659231591592E+009,1.292344087548640E-002,
4.102644096836837E+009,1.245748526575359E-002,
4.107628962082082E+009,1.194337595526346E-002,
4.112613827327327E+009,1.152628895250486E-002,
4.117598692572573E+009,1.116492737144378E-002,
4.122583557817818E+009,1.079418136513891E-002,
4.127568423063063E+009,1.058857658068257E-002,
4.132553288308308E+009,1.046530675957088E-002,
4.137538153553554E+009,1.042282843099359E-002,
4.142523018798799E+009,1.050084220487564E-002,
4.147507884044044E+009,1.054278632359145E-002,
4.152492749289290E+009,1.073887619868804E-002,
4.157477614534535E+009,1.090559410110828E-002,
4.162462479779780E+009,1.111928973920015E-002,
4.167447345025025E+009,1.127275026282192E-002,
4.172432210270270E+009,1.130909331119608E-002,
4.177417075515515E+009,1.131236701241628E-002,
4.182401940760761E+009,1.115995020347935E-002,
4.187386806006006E+009,1.096160926423033E-002,
4.192371671251251E+009,1.074026902659245E-002,
4.197356536496497E+009,1.036871195476019E-002,
4.202341401741742E+009,1.002596627816945E-002,
4.207326266986987E+009,9.668117608691015E-003,
4.212311132232232E+009,9.201616294228603E-003,
4.217295997477478E+009,8.869516231000312E-003,
4.222280862722723E+009,8.523931392707455E-003,
4.227265727967968E+009,8.287166593676230E-003,
4.232250593213213E+009,8.186396014480919E-003,
4.237235458458458E+009,8.041481311734178E-003,
4.242220323703704E+009,7.888526804270025E-003,
4.247205188948949E+009,7.702406033277791E-003,
4.252190054194194E+009,7.544937349204127E-003,
4.257174919439439E+009,7.429895907393359E-003,
4.262159784684685E+009,7.460331830730019E-003,
4.267144649929930E+009,7.366946746260465E-003,
4.272129515175175E+009,7.231842741550671E-003,
4.277114380420421E+009,6.984854085061018E-003,
4.282099245665666E+009,6.713345638496941E-003,
4.287084110910911E+009,6.351036556778654E-003,
4.292068976156156E+009,5.965922019841451E-003,
4.297053841401402E+009,5.583863577335184E-003,
4.302038706646647E+009,5.156792658486374E-003,
4.307023571891892E+009,4.821752073332909E-003,
4.312008437137137E+009,4.625226442512646E-003,
4.316993302382382E+009,4.455411626786533E-003,
4.321978167627627E+009,4.324046975604692E-003,
4.326963032872873E+009,4.200452259863583E-003,
4.331947898118118E+009,4.101148468711453E-003,
4.336932763363363E+009,4.035917778356839E-003,
4.341917628608608E+009,4.102693032025755E-003,
4.346902493853854E+009,4.203644186919133E-003,
4.351887359099099E+009,4.364950185145459E-003,
4.356872224344344E+009,4.706570834706110E-003,
4.361857089589590E+009,4.912586304095362E-003,
4.366841954834835E+009,5.103678786843455E-003,
4.371826820080080E+009,5.397013971261134E-003,
4.376811685325325E+009,5.597703898278609E-003,
4.381796550570571E+009,5.902371309766186E-003,
4.386781415815816E+009,6.152342815390752E-003,
4.391766281061061E+009,6.307873736001266E-003,
4.396751146306306E+009,6.605153955802079E-003,
4.401736011551552E+009,6.635018436161610E-003,
4.406720876796797E+009,6.682400142014159E-003,
4.411705742042042E+009,6.687799743415436E-003,
4.416690607287288E+009,6.825442389330037E-003,
4.421675472532533E+009,6.871904312799547E-003,
4.426660337777778E+009,6.811231900941656E-003,
4.431645203023023E+009,6.656631280384909E-003,
4.436630068268269E+009,6.608800208949350E-003,
4.441614933513514E+009,6.555102802099365E-003,
4.446599798758759E+009,6.496222943929583E-003,
4.451584664004005E+009,6.330853350620807E-003,
4.456569529249250E+009,6.260793188994653E-003,
4.461554394494494E+009,6.303041644252753E-003,
4.466539259739739E+009,6.376664821958029E-003,
4.471524124984985E+009,6.486791685692567E-003,
4.476508990230230E+009,6.549222839796683E-003,
4.481493855475475E+009,6.741151026557004E-003,
4.486478720720720E+009,6.924372407278790E-003,
4.491463585965966E+009,7.174168637961578E-003,
4.496448451211211E+009,7.285973541074699E-003,
4.501433316456456E+009,7.444153806228718E-003,
4.506418181701702E+009,7.459088503608406E-003,
4.511403046946947E+009,7.433597370257182E-003,
4.516387912192192E+009,7.421352680255220E-003,
4.521372777437437E+009,7.326430031986314E-003,
4.526357642682683E+009,7.082627167010224E-003,
4.531342507927928E+009,6.777418420460080E-003,
4.536327373173173E+009,6.425162270282174E-003,
4.541312238418419E+009,6.060037125414794E-003,
4.546297103663664E+009,5.656136686421886E-003,
4.551281968908909E+009,5.483909141210200E-003,
4.556266834154154E+009,5.245510186249674E-003,
4.561251699399400E+009,5.093959876300046E-003,
4.566236564644645E+009,4.944280385337544E-003,
4.571221429889890E+009,4.867774150128540E-003,
4.576206295135135E+009,4.841788992309284E-003,
4.581191160380381E+009,4.828238307565800E-003,
4.586176025625626E+009,4.864335017270624E-003,
4.591160890870871E+009,4.865940080956879E-003,
4.596145756116117E+009,4.884920383854420E-003,
4.601130621361362E+009,4.964091125279134E-003,
4.606115486606607E+009,4.932903778260707E-003,
4.611100351851852E+009,4.911137177255377E-003,
4.616085217097097E+009,4.691318454485506E-003,
4.621070082342342E+009,4.277511001789414E-003,
4.626054947587587E+009,3.834825299742633E-003,
4.631039812832833E+009,3.429099771003147E-003,
4.636024678078078E+009,2.935226523036176E-003,
4.641009543323323E+009,2.663498656646269E-003,
4.645994408568568E+009,2.464339510395425E-003,
4.650979273813814E+009,2.298754399510764E-003,
4.655964139059059E+009,2.157695222922107E-003,
4.660949004304304E+009,2.045917662072853E-003,
4.665933869549550E+009,2.068465194126623E-003,
4.670918734794795E+009,2.032140881758006E-003,
4.675903600040040E+009,2.161928898083846E-003,
4.680888465285285E+009,2.301776141549524E-003,
4.685873330530531E+009,2.464139900406557E-003,
4.690858195775776E+009,2.662024056836981E-003,
4.695843061021021E+009,2.901050130555710E-003,
4.700827926266266E+009,3.065524029866327E-003,
4.705812791511512E+009,3.317815409314445E-003,
4.710797656756757E+009,3.612589848232576E-003,
4.715782522002002E+009,3.641721275620941E-003,
4.720767387247248E+009,3.740957731936728E-003,
4.725752252492493E+009,3.789892488265527E-003,
4.730737117737738E+009,3.806846359791049E-003,
4.735721982982983E+009,3.902604358764704E-003,
4.740706848228229E+009,3.876050278629580E-003,
4.745691713473474E+009,3.972937821093064E-003,
4.750676578718719E+009,4.124994378340833E-003,
4.755661443963965E+009,4.396749920363026E-003,
4.760646309209209E+009,4.676661868067688E-003,
4.765631174454454E+009,4.900732124379837E-003,
4.770616039699699E+009,5.157753059280497E-003,
4.775600904944945E+009,5.440233611986056E-003,
4.780585770190190E+009,5.711414746751043E-003,
4.785570635435435E+009,5.980448461799282E-003,
4.790555500680680E+009,6.347069767496613E-003,
4.795540365925926E+009,6.717332723950959E-003,
4.800525231171171E+009,7.211760992000449E-003,
4.805510096416416E+009,7.689139081441513E-003,
4.810494961661662E+009,8.040397118308316E-003,
4.815479826906907E+009,8.355863598445191E-003,
4.820464692152152E+009,8.507340068757583E-003,
4.825449557397397E+009,8.599219763745844E-003,
4.830434422642643E+009,8.619961144043828E-003,
4.835419287887888E+009,8.360749655788619E-003,
4.840404153133133E+009,8.211763157202260E-003,
4.845389018378379E+009,8.045999892052000E-003,
4.850373883623624E+009,7.916696258670638E-003,
4.855358748868869E+009,7.811037715296862E-003,
4.860343614114114E+009,7.704150068940713E-003,
4.865328479359360E+009,7.835282800105418E-003,
4.870313344604605E+009,7.785363646279058E-003,
4.875298209849850E+009,7.725282282220950E-003,
4.880283075095095E+009,7.951655972508949E-003,
4.885267940340341E+009,8.037353999559552E-003,
4.890252805585586E+009,8.304542817286530E-003,
4.895237670830831E+009,8.713792046078183E-003,
4.900222536076077E+009,9.050168779954420E-003,
4.905207401321322E+009,9.430200984111303E-003,
4.910192266566567E+009,9.778839092929859E-003,
4.915177131811811E+009,9.860316546658114E-003,
4.920161997057057E+009,1.007835404348082E-002,
4.925146862302302E+009,1.010426090150413E-002,
4.930131727547547E+009,1.002464997681522E-002,
4.935116592792793E+009,9.782546970503760E-003,
4.940101458038038E+009,9.641544297093962E-003,
4.945086323283283E+009,9.322371061065191E-003,
4.950071188528528E+009,9.219855482823551E-003,
4.955056053773774E+009,9.032973539988014E-003,
4.960040919019019E+009,8.830626179679450E-003,
4.965025784264264E+009,8.655522545824549E-003,
4.970010649509509E+009,8.638265438016159E-003,
4.974995514754755E+009,8.578120179020984E-003,
4.979980380000000E+009,8.629067451517159E-003,
