% Version 1.00
%
% Ref Impedances: Z01: 50, Z02: 50
% 
%freq[Hz];Trc1_S21[U];
1.000000000000000E+005,3.478609541070042E-005,
5.084865245245245E+006,4.229528665992697E-004,
1.006973049049049E+007,9.223467995182117E-004,
1.505459573573574E+007,1.942024743666316E-003,
2.003946098098098E+007,2.437708617512952E-003,
2.502432622622623E+007,3.485660800777754E-003,
3.000919147147147E+007,4.809885155923024E-003,
3.499405671671671E+007,8.006603738770695E-003,
3.997892196196196E+007,1.523670352507817E-002,
4.496378720720721E+007,4.533777191265569E-002,
4.994865245245245E+007,6.676477284735298E-002,
5.493351769769770E+007,2.977556107989177E-002,
5.991838294294295E+007,2.419769891276199E-002,
6.490324818818819E+007,1.670587394969211E-002,
6.988811343343343E+007,1.207243580411579E-002,
7.487297867867868E+007,1.001275745993305E-002,
7.985784392392393E+007,8.330882732162745E-003,
8.484270916916917E+007,8.551849769906124E-003,
8.982757441441442E+007,8.974116540878693E-003,
9.481243965965965E+007,9.529849075896242E-003,
9.979730490490490E+007,1.080966709313421E-002,
1.047821701501502E+008,1.229273119756140E-002,
1.097670353953954E+008,1.466460530325241E-002,
1.147519006406407E+008,1.635800943614297E-002,
1.197367658858859E+008,1.930283752201291E-002,
1.247216311311311E+008,2.303931330785818E-002,
1.297064963763764E+008,2.830415427231655E-002,
1.346913616216216E+008,3.614348597833487E-002,
1.396762268668669E+008,4.970849156582981E-002,
1.446610921121121E+008,7.323943061045481E-002,
1.496459573573574E+008,1.241070615675502E-001,
1.546308226026026E+008,1.793028537573072E-001,
1.596156878478479E+008,1.323664450720833E-001,
1.646005530930931E+008,9.945751534482339E-002,
1.695854183383384E+008,8.301337030931928E-002,
1.745702835835836E+008,6.174391304104671E-002,
1.795551488288288E+008,3.746125128282134E-002,
1.845400140740741E+008,2.294593964545898E-002,
1.895248793193193E+008,1.544714359623186E-002,
1.945097445645646E+008,1.205019811908126E-002,
1.994946098098098E+008,9.863498573193784E-003,
2.044794750550551E+008,7.829449203094753E-003,
2.094643403003003E+008,6.030035907930657E-003,
2.144492055455456E+008,5.172912685092485E-003,
2.194340707907908E+008,4.901907922155569E-003,
2.244189360360360E+008,5.494828902880122E-003,
2.294038012812813E+008,6.881682367429780E-003,
2.343886665265265E+008,9.115533416711402E-003,
2.393735317717718E+008,1.184448363161637E-002,
2.443583970170170E+008,1.577482963521231E-002,
2.493432622622623E+008,2.087488045097029E-002,
2.543281275075075E+008,2.853015909339164E-002,
2.593129927527528E+008,4.021211392687300E-002,
2.642978579979980E+008,5.919705665381690E-002,
2.692827232432432E+008,9.463077833590261E-002,
2.742675884884885E+008,1.714541660710075E-001,
2.792524537337337E+008,2.431959516476548E-001,
2.842373189789790E+008,1.496520665187240E-001,
2.892221842242242E+008,9.599849486521427E-002,
2.942070494694695E+008,6.968978373455236E-002,
2.991919147147147E+008,5.441852237676241E-002,
3.041767799599600E+008,4.458304604030263E-002,
3.091616452052052E+008,3.811525017518257E-002,
3.141465104504505E+008,3.276854414816326E-002,
3.191313756956957E+008,2.785270236924842E-002,
3.241162409409409E+008,2.446028442022150E-002,
3.291011061861862E+008,2.154769868580286E-002,
3.340859714314314E+008,1.885649372719424E-002,
3.390708366766767E+008,1.584020567219925E-002,
3.440557019219219E+008,1.368173209255552E-002,
3.490405671671672E+008,1.231812195033347E-002,
3.540254324124124E+008,1.104395154077667E-002,
3.590102976576577E+008,9.792010316143709E-003,
3.639951629029029E+008,8.819816102708156E-003,
3.689800281481482E+008,7.571481322533620E-003,
3.739648933933934E+008,7.558353349049001E-003,
3.789497586386386E+008,7.080001042605232E-003,
3.839346238838839E+008,7.497280321247752E-003,
3.889194891291291E+008,7.732493309072463E-003,
3.939043543743744E+008,8.492246881769725E-003,
3.988892196196196E+008,8.570970903491361E-003,
4.038740848648649E+008,8.303018828805003E-003,
4.088589501101101E+008,8.209307670031675E-003,
4.138438153553554E+008,7.951599825654973E-003,
4.188286806006006E+008,8.803917522606296E-003,
4.238135458458459E+008,1.126704847731738E-002,
4.287984110910911E+008,1.316510900592178E-002,
4.337832763363363E+008,1.375762844269494E-002,
4.387681415815816E+008,1.386689662587164E-002,
4.437530068268268E+008,1.372085337934398E-002,
4.487378720720721E+008,1.420689445441175E-002,
4.537227373173173E+008,1.412712926033874E-002,
4.587076025625626E+008,1.479915770505661E-002,
4.636924678078078E+008,1.546807877688498E-002,
4.686773330530531E+008,1.639044094077986E-002,
4.736621982982983E+008,1.767146186423156E-002,
4.786470635435436E+008,1.933781645406458E-002,
4.836319287887888E+008,2.157138830828901E-002,
4.886167940340340E+008,2.274175745625792E-002,
4.936016592792793E+008,2.467250944755438E-002,
4.985865245245245E+008,2.585129081902483E-002,
5.035713897697698E+008,2.708502244766052E-002,
5.085562550150150E+008,2.857345818113730E-002,
5.135411202602603E+008,3.018674435548194E-002,
5.185259855055055E+008,3.123247002942849E-002,
5.235108507507508E+008,3.172850449401431E-002,
5.284957159959960E+008,3.252190347044291E-002,
5.334805812412412E+008,3.298779784912308E-002,
5.384654464864864E+008,3.379583293063210E-002,
5.434503117317318E+008,3.525831202049018E-002,
5.484351769769770E+008,3.696875348750553E-002,
5.534200422222222E+008,3.837389370218715E-002,
5.584049074674674E+008,3.970963844712251E-002,
5.633897727127128E+008,4.066395654086673E-002,
5.683746379579580E+008,4.174904242967717E-002,
5.733595032032032E+008,4.257837797837951E-002,
5.783443684484484E+008,4.339775878162190E-002,
5.833292336936938E+008,4.352175448863214E-002,
5.883140989389390E+008,4.345405313393555E-002,
5.932989641841842E+008,4.382461919499948E-002,
5.982838294294294E+008,4.486177693782381E-002,
6.032686946746746E+008,4.623345328114175E-002,
6.082535599199200E+008,4.742652332698667E-002,
6.132384251651652E+008,4.879316876823073E-002,
6.182232904104104E+008,4.992875557549906E-002,
6.232081556556556E+008,5.122150062036673E-002,
6.281930209009010E+008,5.258289557507671E-002,
6.331778861461462E+008,5.418641520790268E-002,
6.381627513913914E+008,5.613679655396278E-002,
6.431476166366366E+008,5.839965231154898E-002,
6.481324818818818E+008,6.047245845662694E-002,
6.531173471271272E+008,6.392254032665350E-002,
6.581022123723724E+008,6.768017977387800E-002,
6.630870776176176E+008,7.239515258017409E-002,
6.680719428628628E+008,7.864440915103597E-002,
6.730568081081082E+008,8.433488217150655E-002,
6.780416733533534E+008,9.024821084950861E-002,
6.830265385985986E+008,9.475739153221073E-002,
6.880114038438438E+008,9.982471661006856E-002,
6.929962690890890E+008,1.055617657452682E-001,
6.979811343343344E+008,1.113231039267522E-001,
7.029659995795796E+008,1.168945743342993E-001,
7.079508648248248E+008,1.214253734398053E-001,
7.129357300700700E+008,1.253891011877583E-001,
7.179205953153154E+008,1.298610843654752E-001,
7.229054605605606E+008,1.330312243696211E-001,
7.278903258058058E+008,1.366013277505145E-001,
7.328751910510510E+008,1.394606545272453E-001,
7.378600562962964E+008,1.424967375549460E-001,
7.428449215415416E+008,1.468349348597950E-001,
7.478297867867868E+008,1.511431306313972E-001,
7.528146520320320E+008,1.562643317506879E-001,
7.577995172772772E+008,1.620244738949687E-001,
7.627843825225226E+008,1.670549029345463E-001,
7.677692477677678E+008,1.711573536488487E-001,
7.727541130130130E+008,1.729460332411590E-001,
7.777389782582582E+008,1.727327063761540E-001,
7.827238435035036E+008,1.683641327695130E-001,
7.877087087487488E+008,1.615326539431762E-001,
7.926935739939940E+008,1.541811191497394E-001,
7.976784392392392E+008,1.475163743683277E-001,
8.026633044844844E+008,1.429530837570402E-001,
8.076481697297298E+008,1.399047710466787E-001,
8.126330349749750E+008,1.373499480411120E-001,
8.176179002202202E+008,1.379209751720631E-001,
8.226027654654654E+008,1.416879536847751E-001,
8.275876307107108E+008,1.453349680515947E-001,
8.325724959559560E+008,1.500931999239850E-001,
8.375573612012012E+008,1.551236410803838E-001,
8.425422264464464E+008,1.605960822922097E-001,
8.475270916916918E+008,1.653947571856093E-001,
8.525119569369370E+008,1.676456713874861E-001,
8.574968221821822E+008,1.711851863036447E-001,
8.624816874274274E+008,1.721210170441292E-001,
8.674665526726726E+008,1.713087072686786E-001,
8.724514179179180E+008,1.698553780907690E-001,
8.774362831631632E+008,1.681746032096058E-001,
8.824211484084084E+008,1.650923856695826E-001,
8.874060136536536E+008,1.625473802524642E-001,
8.923908788988990E+008,1.610577417072043E-001,
8.973757441441442E+008,1.613480304091623E-001,
9.023606093893894E+008,1.628401088322327E-001,
9.073454746346346E+008,1.651209045697634E-001,
9.123303398798798E+008,1.668736196147498E-001,
9.173152051251252E+008,1.684555884360974E-001,
9.223000703703704E+008,1.696820743669766E-001,
9.272849356156156E+008,1.713069158276598E-001,
9.322698008608608E+008,1.714889525200826E-001,
9.372546661061062E+008,1.714326604830143E-001,
9.422395313513514E+008,1.716988381521902E-001,
9.472243965965966E+008,1.697516810434438E-001,
9.522092618418418E+008,1.665287522468736E-001,
9.571941270870872E+008,1.629612431895124E-001,
9.621789923323324E+008,1.598107374199918E-001,
9.671638575775776E+008,1.552661496329294E-001,
9.721487228228228E+008,1.514357471258179E-001,
9.771335880680680E+008,1.489820918510722E-001,
9.821184533133134E+008,1.446666077524557E-001,
9.871033185585586E+008,1.399928776590338E-001,
9.920881838038038E+008,1.357781959677339E-001,
9.970730490490490E+008,1.331039841295359E-001,
1.002057914294294E+009,1.298207703124889E-001,
1.007042779539540E+009,1.286588682024676E-001,
1.012027644784785E+009,1.284444024181380E-001,
1.017012510030030E+009,1.278233668695370E-001,
1.021997375275275E+009,1.281813130037198E-001,
1.026982240520521E+009,1.285149462657891E-001,
1.031967105765766E+009,1.279516983019038E-001,
1.036951971011011E+009,1.250772648863991E-001,
1.041936836256256E+009,1.207875658284394E-001,
1.046921701501502E+009,1.161932268941025E-001,
1.051906566746747E+009,1.119465342829197E-001,
1.056891431991992E+009,1.082017333920419E-001,
1.061876297237237E+009,1.043503721878175E-001,
1.066861162482482E+009,1.020541444746210E-001,
1.071846027727728E+009,1.009069363477174E-001,
1.076830892972973E+009,1.011236144422967E-001,
1.081815758218218E+009,1.013012543310564E-001,
1.086800623463464E+009,1.026916896687331E-001,
1.091785488708709E+009,1.049538350965597E-001,
1.096770353953954E+009,1.073381381088329E-001,
1.101755219199199E+009,1.089125081893322E-001,
1.106740084444444E+009,1.103037188840505E-001,
1.111724949689690E+009,1.101027949703785E-001,
1.116709814934935E+009,1.098222442292662E-001,
1.121694680180180E+009,1.103537828040703E-001,
1.126679545425426E+009,1.104440946093507E-001,
1.131664410670671E+009,1.100473925415140E-001,
1.136649275915916E+009,1.083279491622349E-001,
1.141634141161161E+009,1.048137426202236E-001,
1.146619006406406E+009,1.006953692234880E-001,
1.151603871651652E+009,9.661814402312881E-002,
1.156588736896897E+009,9.278978540022700E-002,
1.161573602142142E+009,8.904576486175346E-002,
1.166558467387388E+009,8.642594453733532E-002,
1.171543332632633E+009,8.468662499267446E-002,
1.176528197877878E+009,8.373298790675882E-002,
1.181513063123123E+009,8.306616224540024E-002,
1.186497928368368E+009,8.289857866983905E-002,
1.191482793613614E+009,8.325986847878071E-002,
1.196467658858859E+009,8.326372073580980E-002,
1.201452524104104E+009,8.357355022773887E-002,
1.206437389349349E+009,8.395971012345484E-002,
1.211422254594595E+009,8.459385171690390E-002,
1.216407119839840E+009,8.479836142053969E-002,
1.221391985085085E+009,8.410871542408278E-002,
1.226376850330330E+009,8.386376624509091E-002,
1.231361715575576E+009,8.327029571586873E-002,
1.236346580820821E+009,8.263464733512509E-002,
1.241331446066066E+009,8.160105156073062E-002,
1.246316311311311E+009,8.036166493398816E-002,
1.251301176556557E+009,7.923357715374801E-002,
1.256286041801802E+009,7.818725017366172E-002,
1.261270907047047E+009,7.730410264970722E-002,
1.266255772292292E+009,7.779587174580499E-002,
1.271240637537538E+009,7.875024691953361E-002,
1.276225502782783E+009,7.933580383044447E-002,
1.281210368028028E+009,7.993882385164598E-002,
1.286195233273273E+009,8.111488081169807E-002,
1.291180098518518E+009,8.180582562210018E-002,
1.296164963763764E+009,8.256417068167421E-002,
1.301149829009009E+009,8.311526001707417E-002,
1.306134694254254E+009,8.284727114717212E-002,
1.311119559499500E+009,8.140148815482624E-002,
1.316104424744745E+009,7.869732713573525E-002,
1.321089289989990E+009,7.554905705928866E-002,
1.326074155235235E+009,7.179989832463089E-002,
1.331059020480480E+009,6.857814538257673E-002,
1.336043885725726E+009,6.536135777695241E-002,
1.341028750970971E+009,6.286589163315735E-002,
1.346013616216216E+009,6.033301790159796E-002,
1.350998481461462E+009,5.817083112194510E-002,
1.355983346706707E+009,5.679676433952111E-002,
1.360968211951952E+009,5.591490394062784E-002,
1.365953077197197E+009,5.613848125030195E-002,
1.370937942442442E+009,5.713423234995212E-002,
1.375922807687688E+009,5.738916418200477E-002,
1.380907672932933E+009,5.845000984861918E-002,
1.385892538178178E+009,5.858605032239471E-002,
1.390877403423424E+009,5.864369419184562E-002,
1.395862268668669E+009,5.850677400506327E-002,
1.400847133913914E+009,5.931037099999228E-002,
1.405831999159159E+009,5.983990851622936E-002,
1.410816864404404E+009,5.891515167297481E-002,
1.415801729649650E+009,5.811016789332372E-002,
1.420786594894895E+009,5.802835932661539E-002,
1.425771460140140E+009,5.805013746256491E-002,
1.430756325385386E+009,5.804960613161584E-002,
1.435741190630631E+009,5.783844613866595E-002,
1.440726055875876E+009,5.798799869646327E-002,
1.445710921121121E+009,5.751251616738469E-002,
1.450695786366366E+009,5.801191720057188E-002,
1.455680651611612E+009,5.823015155861118E-002,
1.460665516856857E+009,5.811485883838777E-002,
1.465650382102102E+009,5.833205679477337E-002,
1.470635247347347E+009,5.787971187989580E-002,
1.475620112592593E+009,5.783196068245083E-002,
1.480604977837838E+009,5.770137419913859E-002,
1.485589843083083E+009,5.730471680054906E-002,
1.490574708328328E+009,5.627755127667405E-002,
1.495559573573574E+009,5.563869434861105E-002,
1.500544438818819E+009,5.443276640303267E-002,
1.505529304064064E+009,5.280186756780374E-002,
1.510514169309309E+009,5.114678459043742E-002,
1.515499034554555E+009,4.938198813138169E-002,
1.520483899799800E+009,4.771784948022550E-002,
1.525468765045045E+009,4.642011260787708E-002,
1.530453630290290E+009,4.616661812283460E-002,
1.535438495535536E+009,4.614410311195091E-002,
1.540423360780781E+009,4.690932744913243E-002,
1.545408226026026E+009,4.687568060415284E-002,
1.550393091271271E+009,4.796538156403393E-002,
1.555377956516516E+009,4.879058973113216E-002,
1.560362821761762E+009,4.977782689667962E-002,
1.565347687007007E+009,5.086805406643963E-002,
1.570332552252252E+009,5.143185321571466E-002,
1.575317417497498E+009,5.144183102549419E-002,
1.580302282742743E+009,5.097770548598415E-002,
1.585287147987988E+009,5.099190553661513E-002,
1.590272013233233E+009,5.073249082743917E-002,
1.595256878478478E+009,5.031850139299390E-002,
1.600241743723724E+009,4.952336479120195E-002,
1.605226608968969E+009,4.935646411466601E-002,
1.610211474214214E+009,4.877111470186156E-002,
1.615196339459460E+009,4.828047615724202E-002,
1.620181204704705E+009,4.823870897703416E-002,
1.625166069949950E+009,4.833062356253905E-002,
1.630150935195195E+009,4.746242231890424E-002,
1.635135800440440E+009,4.716837069907937E-002,
1.640120665685686E+009,4.639081396178649E-002,
1.645105530930931E+009,4.561758072433114E-002,
1.650090396176176E+009,4.419980520840523E-002,
1.655075261421422E+009,4.330552539530797E-002,
1.660060126666667E+009,4.226721412560594E-002,
1.665044991911912E+009,4.120522340686092E-002,
1.670029857157157E+009,3.935744662775928E-002,
1.675014722402402E+009,3.815861803308520E-002,
1.679999587647648E+009,3.668410213938203E-002,
1.684984452892893E+009,3.557171223449508E-002,
1.689969318138138E+009,3.405733621325000E-002,
1.694954183383384E+009,3.266357964803636E-002,
1.699939048628629E+009,3.083120377895491E-002,
1.704923913873874E+009,2.947186746763986E-002,
1.709908779119119E+009,2.856931990117920E-002,
1.714893644364364E+009,2.748106886827093E-002,
1.719878509609610E+009,2.628063460904571E-002,
1.724863374854855E+009,2.496234029868097E-002,
1.729848240100100E+009,2.371466268814939E-002,
1.734833105345345E+009,2.315061314531464E-002,
1.739817970590591E+009,2.302551247028042E-002,
1.744802835835836E+009,2.263431649325990E-002,
1.749787701081081E+009,2.324084506142825E-002,
1.754772566326326E+009,2.511490022524871E-002,
1.759757431571572E+009,2.758762599029366E-002,
1.764742296816817E+009,2.944898941265338E-002,
1.769727162062062E+009,3.118606505503651E-002,
1.774712027307307E+009,3.229249094885620E-002,
1.779696892552553E+009,3.255288089012449E-002,
1.784681757797798E+009,3.210840306495497E-002,
1.789666623043043E+009,3.201818886270735E-002,
1.794651488288288E+009,3.268398867724440E-002,
1.799636353533534E+009,3.333230669588807E-002,
1.804621218778779E+009,3.383752415452055E-002,
1.809606084024024E+009,3.425404668161833E-002,
1.814590949269269E+009,3.460068086211724E-002,
1.819575814514514E+009,3.437807572024107E-002,
1.824560679759760E+009,3.411579712460102E-002,
1.829545545005005E+009,3.314175651769796E-002,
1.834530410250250E+009,3.274819665754210E-002,
1.839515275495496E+009,3.164426682282608E-002,
1.844500140740741E+009,3.081248419719196E-002,
1.849485005985986E+009,3.001705545101348E-002,
1.854469871231231E+009,2.961483232757829E-002,
1.859454736476476E+009,2.940720606277502E-002,
1.864439601721722E+009,2.921897653435168E-002,
1.869424466966967E+009,2.975133824904459E-002,
1.874409332212212E+009,2.986459205334352E-002,
1.879394197457458E+009,2.946114941690326E-002,
1.884379062702703E+009,2.833329903337510E-002,
1.889363927947948E+009,2.707634443411806E-002,
1.894348793193193E+009,2.656224027257733E-002,
1.899333658438438E+009,2.600416708908380E-002,
1.904318523683684E+009,2.627368103097109E-002,
1.909303388928929E+009,2.628544719993212E-002,
1.914288254174174E+009,2.643777692717480E-002,
1.919273119419420E+009,2.654110792383414E-002,
1.924257984664665E+009,2.747530538461444E-002,
1.929242849909910E+009,2.820972644117264E-002,
1.934227715155155E+009,2.940668853581266E-002,
1.939212580400400E+009,3.048802367987011E-002,
1.944197445645646E+009,3.066338817727958E-002,
1.949182310890891E+009,3.055925824114568E-002,
1.954167176136136E+009,3.061635758676783E-002,
1.959152041381382E+009,3.064526736560935E-002,
1.964136906626627E+009,3.066665027422722E-002,
1.969121771871872E+009,3.077809508457413E-002,
1.974106637117117E+009,3.009078557108780E-002,
1.979091502362362E+009,3.007864030526168E-002,
1.984076367607608E+009,2.985151654246944E-002,
1.989061232852853E+009,2.914771659535226E-002,
1.994046098098098E+009,2.895623096914729E-002,
1.999030963343343E+009,2.858587354041595E-002,
2.004015828588589E+009,2.784197743211201E-002,
2.009000693833834E+009,2.735169200054593E-002,
2.013985559079079E+009,2.686993065452152E-002,
2.018970424324324E+009,2.658383031856373E-002,
2.023955289569570E+009,2.573241821470924E-002,
2.028940154814815E+009,2.487844750493256E-002,
2.033925020060060E+009,2.437040068361683E-002,
2.038909885305305E+009,2.359092633565835E-002,
2.043894750550551E+009,2.335166541213925E-002,
2.048879615795796E+009,2.201026071837993E-002,
2.053864481041041E+009,2.085737620725347E-002,
2.058849346286286E+009,1.944461661693174E-002,
2.063834211531532E+009,1.817055803206992E-002,
2.068819076776777E+009,1.755126885754423E-002,
2.073803942022022E+009,1.689298719946407E-002,
2.078788807267267E+009,1.603071449537373E-002,
2.083773672512512E+009,1.486209591660291E-002,
2.088758537757758E+009,1.353339334951613E-002,
2.093743403003003E+009,1.218776329612684E-002,
2.098728268248248E+009,1.096057563785200E-002,
2.103713133493494E+009,9.338402198301373E-003,
2.108697998738739E+009,7.454949114013836E-003,
2.113682863983984E+009,6.306749687922540E-003,
2.118667729229229E+009,5.322294310948639E-003,
2.123652594474474E+009,4.496847861129815E-003,
2.128637459719720E+009,3.887690937310168E-003,
2.133622324964965E+009,3.203437302494765E-003,
2.138607190210210E+009,2.391480222301670E-003,
2.143592055455456E+009,1.533644510028081E-003,
2.148576920700701E+009,9.463488545162313E-004,
2.153561785945946E+009,1.303663073223845E-003,
2.158546651191191E+009,1.931107072011449E-003,
2.163531516436437E+009,2.811291489336566E-003,
2.168516381681682E+009,3.596489173676784E-003,
2.173501246926927E+009,4.468818954288581E-003,
2.178486112172172E+009,5.251233723628716E-003,
2.183470977417418E+009,5.862318790150319E-003,
2.188455842662663E+009,6.461606302866729E-003,
2.193440707907908E+009,7.135390853018969E-003,
2.198425573153153E+009,7.685822568261870E-003,
2.203410438398398E+009,8.210785608974501E-003,
2.208395303643644E+009,8.697790261066821E-003,
2.213380168888889E+009,9.229162232076303E-003,
2.218365034134134E+009,9.867824547606917E-003,
2.223349899379379E+009,1.057152954238508E-002,
2.228334764624625E+009,1.067563425871482E-002,
2.233319629869870E+009,1.069579004733805E-002,
2.238304495115115E+009,1.087292442237174E-002,
2.243289360360360E+009,1.061920280169736E-002,
2.248274225605606E+009,1.032667411962030E-002,
2.253259090850851E+009,9.879332603454470E-003,
2.258243956096096E+009,1.049999393011289E-002,
2.263228821341342E+009,1.010048844372402E-002,
2.268213686586587E+009,9.362342106708142E-003,
2.273198551831832E+009,1.023360695300486E-002,
2.278183417077077E+009,9.609409733039058E-003,
2.283168282322322E+009,1.010866797761158E-002,
2.288153147567567E+009,1.060775240592550E-002,
2.293138012812813E+009,1.061846544851598E-002,
2.298122878058058E+009,1.128484035162542E-002,
2.303107743303303E+009,1.232380473731268E-002,
2.308092608548549E+009,1.344909275250856E-002,
2.313077473793794E+009,1.476702957675033E-002,
2.318062339039039E+009,1.640170009201318E-002,
2.323047204284284E+009,1.849219623440130E-002,
2.328032069529530E+009,1.975627315470524E-002,
2.333016934774775E+009,2.085485009546733E-002,
2.338001800020020E+009,2.242680728555691E-002,
2.342986665265266E+009,2.340648784674280E-002,
2.347971530510510E+009,2.421061897122284E-002,
2.352956395755756E+009,2.526230788157322E-002,
2.357941261001001E+009,2.562992512678828E-002,
2.362926126246246E+009,2.616246838849757E-002,
2.367910991491491E+009,2.650568570635834E-002,
2.372895856736737E+009,2.717477631158976E-002,
2.377880721981982E+009,2.701047304759906E-002,
2.382865587227227E+009,2.747305294238106E-002,
2.387850452472473E+009,2.772222981205114E-002,
2.392835317717718E+009,2.799127962481855E-002,
2.397820182962963E+009,2.857662369001105E-002,
2.402805048208208E+009,2.877286523255801E-002,
2.407789913453454E+009,2.893893668720173E-002,
2.412774778698699E+009,2.901546407440863E-002,
2.417759643943944E+009,2.894339469864507E-002,
2.422744509189189E+009,2.946258762144008E-002,
2.427729374434434E+009,2.957040028109602E-002,
2.432714239679680E+009,2.921647414311486E-002,
2.437699104924925E+009,2.940200621646570E-002,
2.442683970170170E+009,2.819416625657099E-002,
2.447668835415415E+009,2.758968717099992E-002,
2.452653700660661E+009,2.701628006278222E-002,
2.457638565905906E+009,2.666194710904248E-002,
2.462623431151151E+009,2.632807724598655E-002,
2.467608296396397E+009,2.578086645370635E-002,
2.472593161641642E+009,2.504514772831479E-002,
2.477578026886887E+009,2.385779595060589E-002,
2.482562892132132E+009,2.284477436134474E-002,
2.487547757377378E+009,2.236449525351808E-002,
2.492532622622623E+009,2.140030603351356E-002,
2.497517487867868E+009,2.117947552087108E-002,
2.502502353113113E+009,2.115229048493142E-002,
2.507487218358358E+009,2.175782649406238E-002,
2.512472083603604E+009,2.284563585032152E-002,
2.517456948848849E+009,2.322930852843345E-002,
2.522441814094094E+009,2.363859344741949E-002,
2.527426679339339E+009,2.389372656756901E-002,
2.532411544584585E+009,2.462951854981759E-002,
2.537396409829830E+009,2.428148073080052E-002,
2.542381275075075E+009,2.432543671368515E-002,
2.547366140320320E+009,2.360885225198348E-002,
2.552351005565566E+009,2.311031038209509E-002,
2.557335870810811E+009,2.241386663559994E-002,
2.562320736056056E+009,2.263136863379712E-002,
2.567305601301302E+009,2.251716969703594E-002,
2.572290466546547E+009,2.231560047831482E-002,
2.577275331791792E+009,2.226906102705180E-002,
2.582260197037037E+009,2.240366094025872E-002,
2.587245062282282E+009,2.320335365339263E-002,
2.592229927527527E+009,2.394319555475593E-002,
2.597214792772773E+009,2.489850021936216E-002,
2.602199658018018E+009,2.551582369693810E-002,
2.607184523263263E+009,2.585584205575472E-002,
2.612169388508509E+009,2.682929197838554E-002,
2.617154253753754E+009,2.761116445001135E-002,
2.622139118998999E+009,2.905740600930669E-002,
2.627123984244244E+009,3.023876692259355E-002,
2.632108849489490E+009,3.199635035382863E-002,
2.637093714734735E+009,3.348275400057561E-002,
2.642078579979980E+009,3.396144453317666E-002,
2.647063445225225E+009,3.451745514261603E-002,
2.652048310470470E+009,3.447846161538558E-002,
2.657033175715716E+009,3.457697922738595E-002,
2.662018040960961E+009,3.475115046091517E-002,
2.667002906206206E+009,3.493228966134857E-002,
2.671987771451451E+009,3.557149714015656E-002,
2.676972636696697E+009,3.551908703575506E-002,
2.681957501941942E+009,3.532225985484730E-002,
2.686942367187187E+009,3.545213948427431E-002,
2.691927232432433E+009,3.534482308474294E-002,
2.696912097677678E+009,3.567964607200512E-002,
2.701896962922923E+009,3.539198862821253E-002,
2.706881828168168E+009,3.518420286899709E-002,
2.711866693413414E+009,3.546435498993930E-002,
2.716851558658659E+009,3.553873478243572E-002,
2.721836423903904E+009,3.506559528008907E-002,
2.726821289149149E+009,3.513137315156147E-002,
2.731806154394394E+009,3.410199745698892E-002,
2.736791019639640E+009,3.327344078778149E-002,
2.741775884884885E+009,3.246538224581972E-002,
2.746760750130130E+009,3.131341421460811E-002,
2.751745615375375E+009,3.068920304466046E-002,
2.756730480620621E+009,3.052040700650153E-002,
2.761715345865866E+009,2.987712887393649E-002,
2.766700211111111E+009,2.957258707737265E-002,
2.771685076356356E+009,2.989089973713825E-002,
2.776669941601602E+009,3.035743476313274E-002,
2.781654806846847E+009,3.106351884328418E-002,
2.786639672092092E+009,3.136278507032658E-002,
2.791624537337338E+009,3.175302724988443E-002,
2.796609402582583E+009,3.169044648749420E-002,
2.801594267827828E+009,3.204214291958620E-002,
2.806579133073073E+009,3.179476435806266E-002,
2.811563998318318E+009,3.149265075910165E-002,
2.816548863563564E+009,3.143458025577388E-002,
2.821533728808809E+009,3.115412792641514E-002,
2.826518594054054E+009,3.122873362006404E-002,
2.831503459299299E+009,3.131279399969117E-002,
2.836488324544545E+009,3.145975036558889E-002,
2.841473189789790E+009,3.166882271858378E-002,
2.846458055035035E+009,3.189268787527679E-002,
2.851442920280280E+009,3.170691252731120E-002,
2.856427785525526E+009,3.141184747098395E-002,
2.861412650770771E+009,3.105181524068872E-002,
2.866397516016016E+009,3.014405971499733E-002,
2.871382381261262E+009,2.928826673313949E-002,
2.876367246506506E+009,2.861506559491320E-002,
2.881352111751752E+009,2.735158367954224E-002,
2.886336976996997E+009,2.564039990741765E-002,
2.891321842242242E+009,2.409916017878190E-002,
2.896306707487487E+009,2.193487019121265E-002,
2.901291572732733E+009,2.090971149714143E-002,
2.906276437977978E+009,1.971997551175009E-002,
2.911261303223223E+009,1.859528888606088E-002,
2.916246168468469E+009,1.728318213879063E-002,
2.921231033713714E+009,1.662058381552242E-002,
2.926215898958959E+009,1.636152503574462E-002,
2.931200764204204E+009,1.580222306803958E-002,
2.936185629449450E+009,1.611332046189920E-002,
2.941170494694695E+009,1.496376237227795E-002,
2.946155359939940E+009,1.520856773261500E-002,
2.951140225185185E+009,1.561624678856916E-002,
2.956125090430430E+009,1.538419111053316E-002,
2.961109955675676E+009,1.513974217830895E-002,
2.966094820920921E+009,1.472218257824415E-002,
2.971079686166166E+009,1.336845895028618E-002,
2.976064551411411E+009,1.342007410755962E-002,
2.981049416656657E+009,1.246648067641376E-002,
2.986034281901902E+009,1.209308027669638E-002,
2.991019147147147E+009,1.077301646796389E-002,
2.996004012392393E+009,9.852351098610818E-003,
3.000988877637638E+009,8.952977067743586E-003,
3.005973742882883E+009,8.274716612698144E-003,
3.010958608128128E+009,7.590433590238653E-003,
3.015943473373374E+009,6.912457730336987E-003,
3.020928338618619E+009,6.271943481695549E-003,
3.025913203863864E+009,5.745127585863579E-003,
3.030898069109109E+009,5.105160667879524E-003,
3.035882934354354E+009,4.669731182345539E-003,
3.040867799599600E+009,4.411710487437106E-003,
3.045852664844845E+009,4.040730425380063E-003,
3.050837530090090E+009,3.775013265928406E-003,
3.055822395335335E+009,3.641460231449844E-003,
3.060807260580581E+009,3.706338652425178E-003,
3.065792125825826E+009,3.786106715056531E-003,
3.070776991071071E+009,4.097153225476813E-003,
3.075761856316316E+009,4.431744445098397E-003,
3.080746721561562E+009,4.899142022511952E-003,
3.085731586806807E+009,5.334151936582295E-003,
3.090716452052052E+009,5.633578596159583E-003,
3.095701317297298E+009,6.088398415635240E-003,
3.100686182542543E+009,6.425964572258513E-003,
3.105671047787788E+009,6.670757481409707E-003,
3.110655913033033E+009,6.819580487483950E-003,
3.115640778278278E+009,6.806610704296540E-003,
3.120625643523523E+009,6.916438101314201E-003,
3.125610508768769E+009,7.124637421352284E-003,
3.130595374014014E+009,7.421936912905079E-003,
3.135580239259259E+009,7.633835603265981E-003,
3.140565104504505E+009,7.785337736691632E-003,
3.145549969749750E+009,8.062155409606772E-003,
3.150534834994995E+009,8.331067913968010E-003,
3.155519700240240E+009,8.644884424191774E-003,
3.160504565485486E+009,8.990412953223852E-003,
3.165489430730731E+009,9.323229711389684E-003,
3.170474295975976E+009,9.700111966542161E-003,
3.175459161221221E+009,9.987046551134476E-003,
3.180444026466466E+009,1.026654876083711E-002,
3.185428891711712E+009,1.060434308055228E-002,
3.190413756956957E+009,1.101461920111585E-002,
3.195398622202202E+009,1.130182452831328E-002,
3.200383487447447E+009,1.163900278494301E-002,
3.205368352692693E+009,1.189321396475323E-002,
3.210353217937938E+009,1.195924819566486E-002,
3.215338083183183E+009,1.206350960645824E-002,
3.220322948428429E+009,1.221846755460372E-002,
3.225307813673674E+009,1.240677606913750E-002,
3.230292678918919E+009,1.278778059717587E-002,
3.235277544164164E+009,1.305910760312200E-002,
3.240262409409410E+009,1.349951235220580E-002,
3.245247274654655E+009,1.396848977815415E-002,
3.250232139899900E+009,1.442702784264638E-002,
3.255217005145145E+009,1.492391540859444E-002,
3.260201870390390E+009,1.604473004869487E-002,
3.265186735635636E+009,1.585658735790920E-002,
3.270171600880881E+009,1.606325708674929E-002,
3.275156466126126E+009,1.617373797479628E-002,
3.280141331371371E+009,1.553997955221382E-002,
3.285126196616617E+009,1.529488007965186E-002,
3.290111061861862E+009,1.586572307827100E-002,
3.295095927107107E+009,1.522252674270262E-002,
3.300080792352352E+009,1.436702712410310E-002,
3.305065657597598E+009,1.489046622781340E-002,
3.310050522842843E+009,1.423723050196313E-002,
3.315035388088088E+009,1.485306325617651E-002,
3.320020253333334E+009,1.396731155713960E-002,
3.325005118578579E+009,1.374308458222344E-002,
3.329989983823824E+009,1.345997870348395E-002,
3.334974849069069E+009,1.330180977217130E-002,
3.339959714314314E+009,1.291526487252967E-002,
3.344944579559560E+009,1.242072100163466E-002,
3.349929444804805E+009,1.204495567701915E-002,
3.354914310050050E+009,1.192963481669993E-002,
3.359899175295295E+009,1.204145014238725E-002,
3.364884040540541E+009,1.216935070452421E-002,
3.369868905785786E+009,1.226871995724698E-002,
3.374853771031031E+009,1.223409287971192E-002,
3.379838636276276E+009,1.232144360386105E-002,
3.384823501521522E+009,1.237038214333383E-002,
3.389808366766767E+009,1.230883722395815E-002,
3.394793232012012E+009,1.220429453024199E-002,
3.399778097257258E+009,1.211681482978448E-002,
3.404762962502502E+009,1.208695389823189E-002,
3.409747827747748E+009,1.216177581061194E-002,
3.414732692992993E+009,1.212090840232788E-002,
3.419717558238238E+009,1.216778188041662E-002,
3.424702423483483E+009,1.214239042605867E-002,
3.429687288728729E+009,1.209654294186816E-002,
3.434672153973974E+009,1.193886726355959E-002,
3.439657019219219E+009,1.172760089988153E-002,
3.444641884464465E+009,1.131473786450892E-002,
3.449626749709710E+009,1.096221538741850E-002,
3.454611614954955E+009,1.083070308009688E-002,
3.459596480200200E+009,1.071020624078206E-002,
3.464581345445446E+009,1.051959493787540E-002,
3.469566210690691E+009,1.044560390203253E-002,
3.474551075935936E+009,1.031134117036654E-002,
3.479535941181181E+009,1.012395810113020E-002,
3.484520806426426E+009,9.988967697025094E-003,
3.489505671671672E+009,1.007071244669551E-002,
3.494490536916917E+009,9.859900437480799E-003,
3.499475402162162E+009,9.565937454398829E-003,
3.504460267407407E+009,9.447812243853358E-003,
3.509445132652653E+009,9.257567066084448E-003,
3.514429997897898E+009,9.417297526180432E-003,
3.519414863143143E+009,9.470308617365777E-003,
3.524399728388389E+009,9.547321200037703E-003,
3.529384593633634E+009,9.618046976810693E-003,
3.534369458878879E+009,9.759702164828507E-003,
3.539354324124124E+009,1.014185095734949E-002,
3.544339189369370E+009,1.047194703549008E-002,
3.549324054614615E+009,1.072914039236033E-002,
3.554308919859860E+009,1.105778674870793E-002,
3.559293785105105E+009,1.148877313139833E-002,
3.564278650350350E+009,1.220440615384941E-002,
3.569263515595596E+009,1.298598980751048E-002,
3.574248380840841E+009,1.376508646837735E-002,
3.579233246086086E+009,1.451889523154481E-002,
3.584218111331331E+009,1.526774247383076E-002,
3.589202976576577E+009,1.584327599759756E-002,
3.594187841821822E+009,1.636068519143876E-002,
3.599172707067067E+009,1.690462226939804E-002,
3.604157572312312E+009,1.731211835833131E-002,
3.609142437557558E+009,1.750156497992625E-002,
3.614127302802803E+009,1.766528635043696E-002,
3.619112168048048E+009,1.775648012125354E-002,
3.624097033293294E+009,1.761850573700847E-002,
3.629081898538539E+009,1.758251277210550E-002,
3.634066763783784E+009,1.743825701977180E-002,
3.639051629029029E+009,1.711164080359973E-002,
3.644036494274274E+009,1.678334236127563E-002,
3.649021359519519E+009,1.660927240332005E-002,
3.654006224764765E+009,1.643214528564206E-002,
3.658991090010010E+009,1.633947303924940E-002,
3.663975955255255E+009,1.633431784081330E-002,
3.668960820500501E+009,1.640330002655005E-002,
3.673945685745746E+009,1.668045278281758E-002,
3.678930550990991E+009,1.703892482329850E-002,
3.683915416236236E+009,1.765243030085497E-002,
3.688900281481482E+009,1.816245313474171E-002,
3.693885146726727E+009,1.878183045994772E-002,
3.698870011971972E+009,1.954875571048463E-002,
3.703854877217217E+009,1.987940735185205E-002,
3.708839742462462E+009,2.097271771491585E-002,
3.713824607707708E+009,2.053342457939765E-002,
3.718809472952953E+009,2.061823860210555E-002,
3.723794338198198E+009,2.142657355680310E-002,
3.728779203443443E+009,2.094567642886716E-002,
3.733764068688689E+009,2.102241683112453E-002,
3.738748933933934E+009,2.043357583345425E-002,
3.743733799179179E+009,2.048047110325252E-002,
3.748718664424425E+009,2.070929446124458E-002,
3.753703529669670E+009,2.005504363078953E-002,
3.758688394914915E+009,2.080902251218498E-002,
3.763673260160160E+009,2.060267296952062E-002,
3.768658125405406E+009,2.084348232675001E-002,
3.773642990650651E+009,2.142102343352613E-002,
3.778627855895896E+009,2.141317934997914E-002,
3.783612721141141E+009,2.240449825846046E-002,
3.788597586386386E+009,2.180101624769298E-002,
3.793582451631632E+009,2.132366237713902E-002,
3.798567316876877E+009,2.153988142101075E-002,
3.803552182122122E+009,2.119411333137232E-002,
3.808537047367367E+009,2.046631457653570E-002,
3.813521912612613E+009,1.981334770881164E-002,
3.818506777857858E+009,1.942078776527712E-002,
3.823491643103103E+009,1.909072893267072E-002,
3.828476508348349E+009,1.886397749768028E-002,
3.833461373593594E+009,1.813904750909360E-002,
3.838446238838839E+009,1.866647367296561E-002,
3.843431104084084E+009,1.820499203248461E-002,
3.848415969329330E+009,1.835705120859201E-002,
3.853400834574575E+009,1.846990492622761E-002,
3.858385699819820E+009,1.800405306968529E-002,
3.863370565065065E+009,1.774220350987950E-002,
3.868355430310310E+009,1.904000311330007E-002,
3.873340295555556E+009,1.772899025771403E-002,
3.878325160800801E+009,1.795855875689854E-002,
3.883310026046046E+009,1.851205567195655E-002,
3.888294891291291E+009,1.755098104719850E-002,
3.893279756536537E+009,1.692161789430106E-002,
3.898264621781782E+009,1.720385730913556E-002,
3.903249487027027E+009,1.718456353131920E-002,
3.908234352272272E+009,1.630321872461200E-002,
3.913219217517518E+009,1.543756250337231E-002,
3.918204082762763E+009,1.568250972368793E-002,
3.923188948008008E+009,1.528916732660579E-002,
3.928173813253254E+009,1.529266580428634E-002,
3.933158678498498E+009,1.492520250176333E-002,
3.938143543743744E+009,1.419411814828465E-002,
3.943128408988989E+009,1.402574579383905E-002,
3.948113274234234E+009,1.425035311502300E-002,
3.953098139479479E+009,1.417441803898937E-002,
3.958083004724725E+009,1.414401844805950E-002,
3.963067869969970E+009,1.395586433871414E-002,
3.968052735215215E+009,1.399684973926488E-002,
3.973037600460461E+009,1.393495860590428E-002,
3.978022465705706E+009,1.418710562568220E-002,
3.983007330950951E+009,1.439073719751770E-002,
3.987992196196196E+009,1.392732394269010E-002,
3.992977061441442E+009,1.410389121173120E-002,
3.997961926686687E+009,1.364728468688652E-002,
4.002946791931932E+009,1.312697596295996E-002,
4.007931657177177E+009,1.242823796696223E-002,
4.012916522422422E+009,1.217827492783582E-002,
4.017901387667668E+009,1.175044261112792E-002,
4.022886252912913E+009,1.159029945226253E-002,
4.027871118158158E+009,1.135460680347831E-002,
4.032855983403403E+009,1.136521083475367E-002,
4.037840848648649E+009,1.142492145833182E-002,
4.042825713893894E+009,1.160021474339211E-002,
4.047810579139139E+009,1.182610091440613E-002,
4.052795444384385E+009,1.206230831152705E-002,
4.057780309629630E+009,1.223343005202563E-002,
4.062765174874875E+009,1.244309775706337E-002,
4.067750040120120E+009,1.259662364872710E-002,
4.072734905365366E+009,1.269821286850058E-002,
4.077719770610611E+009,1.274726770275017E-002,
4.082704635855856E+009,1.277727625067264E-002,
4.087689501101101E+009,1.263485733792085E-002,
4.092674366346346E+009,1.243457942588713E-002,
4.097659231591592E+009,1.202620152113443E-002,
4.102644096836837E+009,1.162241967907623E-002,
4.107628962082082E+009,1.115076012739783E-002,
4.112613827327327E+009,1.064357273177621E-002,
4.117598692572573E+009,1.031140393072094E-002,
4.122583557817818E+009,9.945181934677879E-003,
4.127568423063063E+009,9.723688334985409E-003,
4.132553288308308E+009,9.458891832328861E-003,
4.137538153553554E+009,9.348111890200003E-003,
4.142523018798799E+009,9.403899269530844E-003,
4.147507884044044E+009,9.388185682994724E-003,
4.152492749289290E+009,9.374410729745441E-003,
4.157477614534535E+009,9.422245205128452E-003,
4.162462479779780E+009,9.463234308990400E-003,
4.167447345025025E+009,9.523505833895741E-003,
4.172432210270270E+009,9.429188280372571E-003,
4.177417075515515E+009,9.214290498748768E-003,
4.182401940760761E+009,8.913824681616589E-003,
4.187386806006006E+009,8.688246950211996E-003,
4.192371671251251E+009,8.416340761499599E-003,
4.197356536496497E+009,8.055034673342579E-003,
4.202341401741742E+009,7.823623234350969E-003,
4.207326266986987E+009,7.477541445600987E-003,
4.212311132232232E+009,7.194241805064050E-003,
4.217295997477478E+009,6.876276241926856E-003,
4.222280862722723E+009,6.680399807501319E-003,
4.227265727967968E+009,6.554122110298557E-003,
4.232250593213213E+009,6.409886181511238E-003,
4.237235458458458E+009,6.298649579612841E-003,
4.242220323703704E+009,6.092591784862160E-003,
4.247205188948949E+009,5.848136937247178E-003,
4.252190054194194E+009,5.594558410960025E-003,
4.257174919439439E+009,5.526129814745191E-003,
4.262159784684685E+009,5.403752440146025E-003,
4.267144649929930E+009,5.358134763926858E-003,
4.272129515175175E+009,5.164652610876916E-003,
4.277114380420421E+009,4.950731593760692E-003,
4.282099245665666E+009,4.583007854235230E-003,
4.287084110910911E+009,4.324297160640363E-003,
4.292068976156156E+009,3.872704762588891E-003,
4.297053841401402E+009,3.577503549338255E-003,
4.302038706646647E+009,3.094582524657793E-003,
4.307023571891892E+009,2.846462007052518E-003,
4.312008437137137E+009,2.651607479169177E-003,
4.316993302382382E+009,2.378326012552436E-003,
4.321978167627627E+009,2.224575922330275E-003,
4.326963032872873E+009,2.067572671979062E-003,
4.331947898118118E+009,1.975481134814383E-003,
4.336932763363363E+009,2.019986596729381E-003,
4.341917628608608E+009,2.227478677695972E-003,
4.346902493853854E+009,2.501711853465794E-003,
4.351887359099099E+009,2.771303666180330E-003,
4.356872224344344E+009,3.045799832833692E-003,
4.361857089589590E+009,3.521890900487839E-003,
4.366841954834835E+009,3.727546580516666E-003,
4.371826820080080E+009,4.045147921261126E-003,
4.376811685325325E+009,4.364064015410253E-003,
4.381796550570571E+009,4.804316402299827E-003,
4.386781415815816E+009,5.112159789663295E-003,
4.391766281061061E+009,5.399195005540492E-003,
4.396751146306306E+009,5.785251623731937E-003,
4.401736011551552E+009,5.976729463411588E-003,
4.406720876796797E+009,6.142431853693159E-003,
4.411705742042042E+009,6.183735322722680E-003,
4.416690607287288E+009,6.260436151302062E-003,
4.421675472532533E+009,6.321265037038855E-003,
4.426660337777778E+009,6.249508870561056E-003,
4.431645203023023E+009,6.033316903575856E-003,
4.436630068268269E+009,5.921175665041575E-003,
4.441614933513514E+009,5.760958671492779E-003,
4.446599798758759E+009,5.495728450603332E-003,
4.451584664004005E+009,5.388864125272136E-003,
4.456569529249250E+009,5.293338311885963E-003,
4.461554394494494E+009,5.093018751709802E-003,
4.466539259739739E+009,5.079268714731199E-003,
4.471524124984985E+009,5.065213275459204E-003,
4.476508990230230E+009,5.187415841453023E-003,
4.481493855475475E+009,5.328284846399709E-003,
4.486478720720720E+009,5.443936566355661E-003,
4.491463585965966E+009,5.468284470530934E-003,
4.496448451211211E+009,5.582293785004304E-003,
4.501433316456456E+009,5.556680048135642E-003,
4.506418181701702E+009,5.537686949178357E-003,
4.511403046946947E+009,5.417167632699968E-003,
4.516387912192192E+009,5.328717025290741E-003,
4.521372777437437E+009,5.201930900608070E-003,
4.526357642682683E+009,4.966748603535789E-003,
4.531342507927928E+009,4.636545336560754E-003,
4.536327373173173E+009,4.229613316412250E-003,
4.541312238418419E+009,3.936852715733366E-003,
4.546297103663664E+009,3.553271647146881E-003,
4.551281968908909E+009,3.357240228662550E-003,
4.556266834154154E+009,3.115206375140130E-003,
4.561251699399400E+009,2.874472367696176E-003,
4.566236564644645E+009,2.802874256153029E-003,
4.571221429889890E+009,2.579011183440215E-003,
4.576206295135135E+009,2.458373338330763E-003,
4.581191160380381E+009,2.421479074920873E-003,
4.586176025625626E+009,2.329508190663768E-003,
4.591160890870871E+009,2.230109391254889E-003,
4.596145756116117E+009,2.068833169467134E-003,
4.601130621361362E+009,2.028388718718824E-003,
4.606115486606607E+009,1.864358891400762E-003,
4.611100351851852E+009,1.780912461023627E-003,
4.616085217097097E+009,1.619006769370142E-003,
4.621070082342342E+009,1.408049659561285E-003,
4.626054947587587E+009,1.296943834447502E-003,
4.631039812832833E+009,1.147469655965710E-003,
4.636024678078078E+009,1.159822048726956E-003,
4.641009543323323E+009,1.215596272300884E-003,
4.645994408568568E+009,1.280810460051602E-003,
4.650979273813814E+009,1.466276256905918E-003,
4.655964139059059E+009,1.607707774665340E-003,
4.660949004304304E+009,1.817647619374340E-003,
4.665933869549550E+009,2.001699249873244E-003,
4.670918734794795E+009,2.195100441203467E-003,
4.675903600040040E+009,2.425874021204975E-003,
4.680888465285285E+009,2.739884173699898E-003,
4.685873330530531E+009,3.025595791677230E-003,
4.690858195775776E+009,3.372568707424344E-003,
4.695843061021021E+009,3.655368965017580E-003,
4.700827926266266E+009,4.087338566199455E-003,
4.705812791511512E+009,4.375084812846338E-003,
4.710797656756757E+009,4.838496247442764E-003,
4.715782522002002E+009,5.088656847840362E-003,
4.720767387247248E+009,5.236083962657329E-003,
4.725752252492493E+009,5.289040391198529E-003,
4.730737117737738E+009,5.248612878686406E-003,
4.735721982982983E+009,5.199701986356060E-003,
4.740706848228229E+009,5.027538143899952E-003,
4.745691713473474E+009,5.049388472329923E-003,
4.750676578718719E+009,4.947533647130221E-003,
4.755661443963965E+009,5.088893487452838E-003,
4.760646309209209E+009,5.207995016034347E-003,
4.765631174454454E+009,5.413331213842174E-003,
4.770616039699699E+009,5.653846946194851E-003,
4.775600904944945E+009,6.060069008837928E-003,
4.780585770190190E+009,6.415295177859121E-003,
4.785570635435435E+009,6.660893650752217E-003,
4.790555500680680E+009,7.096417484797575E-003,
4.795540365925926E+009,7.535577391384218E-003,
4.800525231171171E+009,7.963518241036357E-003,
4.805510096416416E+009,8.457299063406972E-003,
4.810494961661662E+009,8.822990891912418E-003,
4.815479826906907E+009,9.171465270907285E-003,
4.820464692152152E+009,9.334376500452751E-003,
4.825449557397397E+009,9.522992071005012E-003,
4.830434422642643E+009,9.439216601490108E-003,
4.835419287887888E+009,9.233435216390931E-003,
4.840404153133133E+009,9.078657197059498E-003,
4.845389018378379E+009,8.885540128799002E-003,
4.850373883623624E+009,8.766782079894463E-003,
4.855358748868869E+009,8.604375728409226E-003,
4.860343614114114E+009,8.599614331904580E-003,
4.865328479359360E+009,8.637138825034998E-003,
4.870313344604605E+009,8.689217140725477E-003,
4.875298209849850E+009,8.727768396319287E-003,
4.880283075095095E+009,8.774955460247433E-003,
4.885267940340341E+009,9.077957756100099E-003,
4.890252805585586E+009,9.392806294005643E-003,
4.895237670830831E+009,9.778288312935176E-003,
4.900222536076077E+009,1.012152062791816E-002,
4.905207401321322E+009,1.046130721970601E-002,
4.910192266566567E+009,1.079102644410416E-002,
4.915177131811811E+009,1.097524177368761E-002,
4.920161997057057E+009,1.115334916067341E-002,
4.925146862302302E+009,1.105965343558608E-002,
4.930131727547547E+009,1.106756017667510E-002,
4.935116592792793E+009,1.084303382323172E-002,
4.940101458038038E+009,1.049909933444087E-002,
4.945086323283283E+009,1.021900846813512E-002,
4.950071188528528E+009,9.968015991359406E-003,
4.955056053773774E+009,9.775590684410366E-003,
4.960040919019019E+009,9.499921144539687E-003,
4.965025784264264E+009,9.376622844376572E-003,
4.970010649509509E+009,9.184506592800752E-003,
4.974995514754755E+009,9.140214582703209E-003,
4.979980380000000E+009,9.151410367369998E-003,
