% Version 1.00
%
% Ref Impedances: Z01: 50, Z02: 50
% 
%freq[Hz];Trc1_S21[U];
1.000000000000000E+005,7.425572860756858E-006,
5.084865245245245E+006,4.813385666642084E-004,
1.006973049049049E+007,9.161008208193682E-004,
1.505459573573574E+007,1.973694094693534E-003,
2.003946098098098E+007,2.456081439707527E-003,
2.502432622622623E+007,3.458305327702736E-003,
3.000919147147147E+007,4.797576946838785E-003,
3.499405671671671E+007,8.382932300092048E-003,
3.997892196196196E+007,1.507795101231520E-002,
4.496378720720721E+007,4.336078592138382E-002,
4.994865245245245E+007,7.181453952065481E-002,
5.493351769769770E+007,3.061455569652799E-002,
5.991838294294295E+007,2.480579489187393E-002,
6.490324818818819E+007,1.679307557097301E-002,
6.988811343343343E+007,1.235347148140421E-002,
7.487297867867868E+007,9.780537368042755E-003,
7.985784392392393E+007,8.249932902144668E-003,
8.484270916916917E+007,8.822761428448773E-003,
8.982757441441442E+007,8.869340102225383E-003,
9.481243965965965E+007,9.614481839599754E-003,
9.979730490490490E+007,1.086256506300179E-002,
1.047821701501502E+008,1.253487836859167E-002,
1.097670353953954E+008,1.432045721722114E-002,
1.147519006406407E+008,1.674500132617866E-002,
1.197367658858859E+008,1.964439972660342E-002,
1.247216311311311E+008,2.379608255048132E-002,
1.297064963763764E+008,2.885466646476663E-002,
1.346913616216216E+008,3.762822362745819E-002,
1.396762268668669E+008,5.208324504834663E-002,
1.446610921121121E+008,7.838255983885446E-002,
1.496459573573574E+008,1.356397190300969E-001,
1.546308226026026E+008,1.800649925587289E-001,
1.596156878478479E+008,1.267803581812504E-001,
1.646005530930931E+008,9.638711409074396E-002,
1.695854183383384E+008,8.265865447995024E-002,
1.745702835835836E+008,6.463072165712777E-002,
1.795551488288288E+008,3.972758167459015E-002,
1.845400140740741E+008,2.454036794205546E-002,
1.895248793193193E+008,1.633067948947931E-002,
1.945097445645646E+008,1.253608603393543E-002,
1.994946098098098E+008,1.014687627771602E-002,
2.044794750550551E+008,8.130351549924269E-003,
2.094643403003003E+008,6.497616047973785E-003,
2.144492055455456E+008,5.584312471252907E-003,
2.194340707907908E+008,5.276298856694468E-003,
2.244189360360360E+008,5.703569580244985E-003,
2.294038012812813E+008,6.949651707663482E-003,
2.343886665265265E+008,8.785570948244432E-003,
2.393735317717718E+008,1.133134675777599E-002,
2.443583970170170E+008,1.460888361268346E-002,
2.493432622622623E+008,1.946860744605654E-002,
2.543281275075075E+008,2.637784139457296E-002,
2.593129927527528E+008,3.638029648100686E-002,
2.642978579979980E+008,5.259100678093083E-002,
2.692827232432432E+008,8.102954826271183E-002,
2.742675884884885E+008,1.413772384074820E-001,
2.792524537337337E+008,2.441439989456479E-001,
2.842373189789790E+008,1.721227625368149E-001,
2.892221842242242E+008,1.050711099841095E-001,
2.942070494694695E+008,7.427891520721740E-002,
2.991919147147147E+008,5.673833841638966E-002,
3.041767799599600E+008,4.580380774114696E-002,
3.091616452052052E+008,3.895923930818131E-002,
3.141465104504505E+008,3.302471632553566E-002,
3.191313756956957E+008,2.838486478752978E-002,
3.241162409409409E+008,2.417227507878657E-002,
3.291011061861862E+008,2.138484712730984E-002,
3.340859714314314E+008,1.821680318997718E-002,
3.390708366766767E+008,1.559667376986652E-002,
3.440557019219219E+008,1.367199741034932E-002,
3.490405671671672E+008,1.223905372763505E-002,
3.540254324124124E+008,1.070002335677583E-002,
3.590102976576577E+008,9.296619946092911E-003,
3.639951629029029E+008,8.490274447177223E-003,
3.689800281481482E+008,7.651982020202977E-003,
3.739648933933934E+008,6.969603421758504E-003,
3.789497586386386E+008,6.733965646515344E-003,
3.839346238838839E+008,6.637164136757415E-003,
3.889194891291291E+008,7.261553840068301E-003,
3.939043543743744E+008,7.724721242826784E-003,
3.988892196196196E+008,8.200742078765592E-003,
4.038740848648649E+008,7.661923482909163E-003,
4.088589501101101E+008,7.556253341621872E-003,
4.138438153553554E+008,7.645977039646264E-003,
4.188286806006006E+008,8.410242468602459E-003,
4.238135458458459E+008,1.125535638786062E-002,
4.287984110910911E+008,1.391877425718323E-002,
4.337832763363363E+008,1.433233176212579E-002,
4.387681415815816E+008,1.424712457869024E-002,
4.437530068268268E+008,1.431077047118255E-002,
4.487378720720721E+008,1.419486173700756E-002,
4.537227373173173E+008,1.445262153489535E-002,
4.587076025625626E+008,1.490871355436671E-002,
4.636924678078078E+008,1.596262146271891E-002,
4.686773330530531E+008,1.690961048426809E-002,
4.736621982982983E+008,1.815949897167104E-002,
4.786470635435436E+008,1.985177054472434E-002,
4.836319287887888E+008,2.144054420742703E-002,
4.886167940340340E+008,2.293982345668667E-002,
4.936016592792793E+008,2.472732303460473E-002,
4.985865245245245E+008,2.636481766686063E-002,
5.035713897697698E+008,2.763125486712057E-002,
5.085562550150150E+008,2.922104161839250E-002,
5.135411202602603E+008,3.063749113605811E-002,
5.185259855055055E+008,3.116320505332621E-002,
5.235108507507508E+008,3.228403226815110E-002,
5.284957159959960E+008,3.292184226601055E-002,
5.334805812412412E+008,3.329640077615963E-002,
5.384654464864864E+008,3.416345055049114E-002,
5.434503117317318E+008,3.532310532746136E-002,
5.484351769769770E+008,3.709373736615348E-002,
5.534200422222222E+008,3.845365475629382E-002,
5.584049074674674E+008,3.934445713355941E-002,
5.633897727127128E+008,4.064661110864558E-002,
5.683746379579580E+008,4.130139195582369E-002,
5.733595032032032E+008,4.200613775321635E-002,
5.783443684484484E+008,4.321808611252677E-002,
5.833292336936938E+008,4.300277343673249E-002,
5.883140989389390E+008,4.327725439026157E-002,
5.932989641841842E+008,4.337957268008062E-002,
5.982838294294294E+008,4.423580606493569E-002,
6.032686946746746E+008,4.552661544124101E-002,
6.082535599199200E+008,4.655371193764916E-002,
6.132384251651652E+008,4.759812535073723E-002,
6.182232904104104E+008,4.855117985410178E-002,
6.232081556556556E+008,4.959546191698359E-002,
6.281930209009010E+008,5.120039622362251E-002,
6.331778861461462E+008,5.274379731472478E-002,
6.381627513913914E+008,5.421846208441225E-002,
6.431476166366366E+008,5.667390133459904E-002,
6.481324818818818E+008,5.950348240446625E-002,
6.531173471271272E+008,6.343106914529871E-002,
6.581022123723724E+008,6.794273096813891E-002,
6.630870776176176E+008,7.316357574016924E-002,
6.680719428628628E+008,8.015785710344472E-002,
6.730568081081082E+008,8.662523578501161E-002,
6.780416733533534E+008,9.243187394464512E-002,
6.830265385985986E+008,9.730053329620461E-002,
6.880114038438438E+008,1.023034806181446E-001,
6.929962690890890E+008,1.074973073107147E-001,
6.979811343343344E+008,1.132660654259826E-001,
7.029659995795796E+008,1.185453092160957E-001,
7.079508648248248E+008,1.229971022476045E-001,
7.129357300700700E+008,1.268442145406775E-001,
7.179205953153154E+008,1.309021018585545E-001,
7.229054605605606E+008,1.340090612466169E-001,
7.278903258058058E+008,1.375511200548323E-001,
7.328751910510510E+008,1.404776515746203E-001,
7.378600562962964E+008,1.436440566204078E-001,
7.428449215415416E+008,1.478381154558354E-001,
7.478297867867868E+008,1.525387398625067E-001,
7.528146520320320E+008,1.567785396633889E-001,
7.577995172772772E+008,1.629786174273365E-001,
7.627843825225226E+008,1.684637471632644E-001,
7.677692477677678E+008,1.726438581513634E-001,
7.727541130130130E+008,1.750654928224470E-001,
7.777389782582582E+008,1.746907550500587E-001,
7.827238435035036E+008,1.703847042032338E-001,
7.877087087487488E+008,1.635968390006468E-001,
7.926935739939940E+008,1.565725020843362E-001,
7.976784392392392E+008,1.490934136575353E-001,
8.026633044844844E+008,1.434245764997178E-001,
8.076481697297298E+008,1.398583199408366E-001,
8.126330349749750E+008,1.368363127466157E-001,
8.176179002202202E+008,1.366896825255217E-001,
8.226027654654654E+008,1.403608730642973E-001,
8.275876307107108E+008,1.436794263281637E-001,
8.325724959559560E+008,1.479751734655302E-001,
8.375573612012012E+008,1.538091137676123E-001,
8.425422264464464E+008,1.588016018316750E-001,
8.475270916916918E+008,1.638510621837318E-001,
8.525119569369370E+008,1.669022061718897E-001,
8.574968221821822E+008,1.699235868869894E-001,
8.624816874274274E+008,1.712563580788769E-001,
8.674665526726726E+008,1.703493252039575E-001,
8.724514179179180E+008,1.692669395068459E-001,
8.774362831631632E+008,1.673178624892991E-001,
8.824211484084084E+008,1.643454683882322E-001,
8.874060136536536E+008,1.615674324370465E-001,
8.923908788988990E+008,1.609472259927014E-001,
8.973757441441442E+008,1.617308450980457E-001,
9.023606093893894E+008,1.633763086629154E-001,
9.073454746346346E+008,1.658756132059496E-001,
9.123303398798798E+008,1.674978860344003E-001,
9.173152051251252E+008,1.689558424439401E-001,
9.223000703703704E+008,1.704426875794531E-001,
9.272849356156156E+008,1.721141653899809E-001,
9.322698008608608E+008,1.724431547394809E-001,
9.372546661061062E+008,1.724946720270432E-001,
9.422395313513514E+008,1.725481368910905E-001,
9.472243965965966E+008,1.710033581345035E-001,
9.522092618418418E+008,1.679165607492801E-001,
9.571941270870872E+008,1.644005199481373E-001,
9.621789923323324E+008,1.608500594635949E-001,
9.671638575775776E+008,1.569232944253045E-001,
9.721487228228228E+008,1.533323415613153E-001,
9.771335880680680E+008,1.511449496562843E-001,
9.821184533133134E+008,1.469870056896049E-001,
9.871033185585586E+008,1.425100606272456E-001,
9.920881838038038E+008,1.381700182500733E-001,
9.970730490490490E+008,1.351292029508754E-001,
1.002057914294294E+009,1.326627757873033E-001,
1.007042779539540E+009,1.311929152203601E-001,
1.012027644784785E+009,1.302575178137743E-001,
1.017012510030030E+009,1.296817172475032E-001,
1.021997375275275E+009,1.298779749403426E-001,
1.026982240520521E+009,1.306811844393681E-001,
1.031967105765766E+009,1.295434483623607E-001,
1.036951971011011E+009,1.261865930925029E-001,
1.041936836256256E+009,1.214519711539388E-001,
1.046921701501502E+009,1.166667508865841E-001,
1.051906566746747E+009,1.126112854650540E-001,
1.056891431991992E+009,1.089988352168271E-001,
1.061876297237237E+009,1.054517808333900E-001,
1.066861162482482E+009,1.030215177453854E-001,
1.071846027727728E+009,1.025162033733731E-001,
1.076830892972973E+009,1.028466806562585E-001,
1.081815758218218E+009,1.038608774936277E-001,
1.086800623463464E+009,1.052999365128034E-001,
1.091785488708709E+009,1.079624293211502E-001,
1.096770353953954E+009,1.100017550775276E-001,
1.101755219199199E+009,1.113876433847374E-001,
1.106740084444444E+009,1.125410082339571E-001,
1.111724949689690E+009,1.121227652397558E-001,
1.116709814934935E+009,1.121473651855962E-001,
1.121694680180180E+009,1.119877928464118E-001,
1.126679545425426E+009,1.117468095024659E-001,
1.131664410670671E+009,1.108772973078722E-001,
1.136649275915916E+009,1.090747213505263E-001,
1.141634141161161E+009,1.054758427964336E-001,
1.146619006406406E+009,1.010687163098203E-001,
1.151603871651652E+009,9.727013125395984E-002,
1.156588736896897E+009,9.247365764843409E-002,
1.161573602142142E+009,8.836034574131409E-002,
1.166558467387388E+009,8.504178544836730E-002,
1.171543332632633E+009,8.205135654859608E-002,
1.176528197877878E+009,8.075114653513532E-002,
1.181513063123123E+009,8.024901642341913E-002,
1.186497928368368E+009,8.021940033457503E-002,
1.191482793613614E+009,8.086136442287013E-002,
1.196467658858859E+009,8.122868697811060E-002,
1.201452524104104E+009,8.133878287239252E-002,
1.206437389349349E+009,8.252344894718101E-002,
1.211422254594595E+009,8.304931173781094E-002,
1.216407119839840E+009,8.303478043599055E-002,
1.221391985085085E+009,8.258239835326618E-002,
1.226376850330330E+009,8.214381531299117E-002,
1.231361715575576E+009,8.107856553249074E-002,
1.236346580820821E+009,8.042992073639604E-002,
1.241331446066066E+009,7.897673193692337E-002,
1.246316311311311E+009,7.761713047802876E-002,
1.251301176556557E+009,7.652514933088013E-002,
1.256286041801802E+009,7.515272478849741E-002,
1.261270907047047E+009,7.547303744522896E-002,
1.266255772292292E+009,7.561670968280147E-002,
1.271240637537538E+009,7.730276254718309E-002,
1.276225502782783E+009,7.819420183721086E-002,
1.281210368028028E+009,7.912315167526050E-002,
1.286195233273273E+009,7.996537259683875E-002,
1.291180098518518E+009,8.098087291698956E-002,
1.296164963763764E+009,8.154648468488725E-002,
1.301149829009009E+009,8.182748792649487E-002,
1.306134694254254E+009,8.153107704152018E-002,
1.311119559499500E+009,8.014497343983557E-002,
1.316104424744745E+009,7.754547030258586E-002,
1.321089289989990E+009,7.393842859188109E-002,
1.326074155235235E+009,7.050350867534858E-002,
1.331059020480480E+009,6.727906516934226E-002,
1.336043885725726E+009,6.424525674947264E-002,
1.341028750970971E+009,6.162518759786194E-002,
1.346013616216216E+009,5.891872546374411E-002,
1.350998481461462E+009,5.741297283332049E-002,
1.355983346706707E+009,5.668625849395595E-002,
1.360968211951952E+009,5.669814114880339E-002,
1.365953077197197E+009,5.703078617904316E-002,
1.370937942442442E+009,5.833676375532424E-002,
1.375922807687688E+009,5.897304056444443E-002,
1.380907672932933E+009,5.965638311213957E-002,
1.385892538178178E+009,6.030570648050033E-002,
1.390877403423424E+009,6.008888497363959E-002,
1.395862268668669E+009,6.034281576203638E-002,
1.400847133913914E+009,6.145047325122439E-002,
1.405831999159159E+009,6.203151407345747E-002,
1.410816864404404E+009,6.221467288437017E-002,
1.415801729649650E+009,6.198448880968410E-002,
1.420786594894895E+009,6.198756923127015E-002,
1.425771460140140E+009,6.139802071042603E-002,
1.430756325385386E+009,6.147382109459461E-002,
1.435741190630631E+009,6.051184384343413E-002,
1.440726055875876E+009,5.997100410056484E-002,
1.445710921121121E+009,5.955794626080415E-002,
1.450695786366366E+009,5.919646064771781E-002,
1.455680651611612E+009,5.898730773050843E-002,
1.460665516856857E+009,5.862194237075708E-002,
1.465650382102102E+009,5.833702501370024E-002,
1.470635247347347E+009,5.858998589997405E-002,
1.475620112592593E+009,5.836089911254905E-002,
1.480604977837838E+009,5.834995710973708E-002,
1.485589843083083E+009,5.823933837281898E-002,
1.490574708328328E+009,5.803995091533167E-002,
1.495559573573574E+009,5.705730252267724E-002,
1.500544438818819E+009,5.593816669835470E-002,
1.505529304064064E+009,5.424048959144991E-002,
1.510514169309309E+009,5.250732868161862E-002,
1.515499034554555E+009,5.043772957563432E-002,
1.520483899799800E+009,4.883385556689697E-002,
1.525468765045045E+009,4.763039734183830E-002,
1.530453630290290E+009,4.762452409655415E-002,
1.535438495535536E+009,4.807429250992616E-002,
1.540423360780781E+009,4.846957588408766E-002,
1.545408226026026E+009,4.977471182429918E-002,
1.550393091271271E+009,5.027002131486538E-002,
1.555377956516516E+009,5.079696749817992E-002,
1.560362821761762E+009,5.185640842293713E-002,
1.565347687007007E+009,5.256408910781110E-002,
1.570332552252252E+009,5.303502124968686E-002,
1.575317417497498E+009,5.313121657182528E-002,
1.580302282742743E+009,5.294333810128985E-002,
1.585287147987988E+009,5.307621579852698E-002,
1.590272013233233E+009,5.290091736881016E-002,
1.595256878478478E+009,5.253385868876514E-002,
1.600241743723724E+009,5.178669786819764E-002,
1.605226608968969E+009,5.125764177879123E-002,
1.610211474214214E+009,5.108334648880779E-002,
1.615196339459460E+009,5.058101099903588E-002,
1.620181204704705E+009,5.025137201291039E-002,
1.625166069949950E+009,4.975512899440408E-002,
1.630150935195195E+009,4.931917305342525E-002,
1.635135800440440E+009,4.842967606954501E-002,
1.640120665685686E+009,4.747028038124335E-002,
1.645105530930931E+009,4.640570775397149E-002,
1.650090396176176E+009,4.553504042462318E-002,
1.655075261421422E+009,4.418674029992446E-002,
1.660060126666667E+009,4.288276583690770E-002,
1.665044991911912E+009,4.162518314020357E-002,
1.670029857157157E+009,3.981901096396213E-002,
1.675014722402402E+009,3.810006005142781E-002,
1.679999587647648E+009,3.692039539417106E-002,
1.684984452892893E+009,3.539782484993420E-002,
1.689969318138138E+009,3.317047762547041E-002,
1.694954183383384E+009,3.174223471762215E-002,
1.699939048628629E+009,2.977044494108319E-002,
1.704923913873874E+009,2.808455157271472E-002,
1.709908779119119E+009,2.702547338438509E-002,
1.714893644364364E+009,2.578237761576370E-002,
1.719878509609610E+009,2.417312207349465E-002,
1.724863374854855E+009,2.235292601339162E-002,
1.729848240100100E+009,2.119605036578160E-002,
1.734833105345345E+009,2.003070864955392E-002,
1.739817970590591E+009,1.941297349798264E-002,
1.744802835835836E+009,1.874062117611073E-002,
1.749787701081081E+009,1.916730978158324E-002,
1.754772566326326E+009,2.096420659553498E-002,
1.759757431571572E+009,2.267749769122247E-002,
1.764742296816817E+009,2.466179489319605E-002,
1.769727162062062E+009,2.617640814561096E-002,
1.774712027307307E+009,2.699564098945165E-002,
1.779696892552553E+009,2.671928509736778E-002,
1.784681757797798E+009,2.588958815256337E-002,
1.789666623043043E+009,2.519480960795094E-002,
1.794651488288288E+009,2.521852260096073E-002,
1.799636353533534E+009,2.591992999409948E-002,
1.804621218778779E+009,2.647509655131997E-002,
1.809606084024024E+009,2.661493682625179E-002,
1.814590949269269E+009,2.670624732964262E-002,
1.819575814514514E+009,2.634951571345377E-002,
1.824560679759760E+009,2.584234409425211E-002,
1.829545545005005E+009,2.451062996401474E-002,
1.834530410250250E+009,2.384431932433309E-002,
1.839515275495496E+009,2.291213552914347E-002,
1.844500140740741E+009,2.216360504913333E-002,
1.849485005985986E+009,2.152940261264640E-002,
1.854469871231231E+009,2.138696190011770E-002,
1.859454736476476E+009,2.136071416910158E-002,
1.864439601721722E+009,2.190726746777805E-002,
1.869424466966967E+009,2.225099616642185E-002,
1.874409332212212E+009,2.300402684504731E-002,
1.879394197457458E+009,2.230840820370942E-002,
1.884379062702703E+009,2.203387522077782E-002,
1.889363927947948E+009,2.158435588707121E-002,
1.894348793193193E+009,2.147695838062902E-002,
1.899333658438438E+009,2.214168751328220E-002,
1.904318523683684E+009,2.349717382028755E-002,
1.909303388928929E+009,2.437147471027452E-002,
1.914288254174174E+009,2.493755069113014E-002,
1.919273119419420E+009,2.629537614652765E-002,
1.924257984664665E+009,2.735436874722440E-002,
1.929242849909910E+009,2.862204126095923E-002,
1.934227715155155E+009,3.005209804905423E-002,
1.939212580400400E+009,3.080751633240381E-002,
1.944197445645646E+009,3.101008666935427E-002,
1.949182310890891E+009,3.102015412304848E-002,
1.954167176136136E+009,3.105075298127729E-002,
1.959152041381382E+009,3.184232611993369E-002,
1.964136906626627E+009,3.170747319470205E-002,
1.969121771871872E+009,3.184183326772050E-002,
1.974106637117117E+009,3.186749997959568E-002,
1.979091502362362E+009,3.201175455245637E-002,
1.984076367607608E+009,3.177172428937708E-002,
1.989061232852853E+009,3.163427394487701E-002,
1.994046098098098E+009,3.132806551033577E-002,
1.999030963343343E+009,3.084482473505018E-002,
2.004015828588589E+009,3.102727164683372E-002,
2.009000693833834E+009,3.057141184986017E-002,
2.013985559079079E+009,2.989273016842643E-002,
2.018970424324324E+009,2.943655922275356E-002,
2.023955289569570E+009,2.871886064601830E-002,
2.028940154814815E+009,2.784708070588418E-002,
2.033925020060060E+009,2.758933179954928E-002,
2.038909885305305E+009,2.742590575799432E-002,
2.043894750550551E+009,2.687192528941921E-002,
2.048879615795796E+009,2.598889583173502E-002,
2.053864481041041E+009,2.533479779397060E-002,
2.058849346286286E+009,2.422771013414098E-002,
2.063834211531532E+009,2.343211448703813E-002,
2.068819076776777E+009,2.319983474236801E-002,
2.073803942022022E+009,2.279232161210761E-002,
2.078788807267267E+009,2.191386504511442E-002,
2.083773672512512E+009,2.128175749950854E-002,
2.088758537757758E+009,1.995230276826098E-002,
2.093743403003003E+009,1.922945129931250E-002,
2.098728268248248E+009,1.733418038200117E-002,
2.103713133493494E+009,1.640395126229255E-002,
2.108697998738739E+009,1.545150290673143E-002,
2.113682863983984E+009,1.501819581473868E-002,
2.118667729229229E+009,1.438684336552659E-002,
2.123652594474474E+009,1.406434391221915E-002,
2.128637459719720E+009,1.338216862437518E-002,
2.133622324964965E+009,1.358016530323986E-002,
2.138607190210210E+009,1.272632980157829E-002,
2.143592055455456E+009,1.148727852805118E-002,
2.148576920700701E+009,1.029089060007054E-002,
2.153561785945946E+009,9.368353508346590E-003,
2.158546651191191E+009,8.993929906732484E-003,
2.163531516436437E+009,7.813524609031654E-003,
2.168516381681682E+009,7.838714220554401E-003,
2.173501246926927E+009,7.245886040636107E-003,
2.178486112172172E+009,7.810339731089067E-003,
2.183470977417418E+009,8.104755240457874E-003,
2.188455842662663E+009,8.246726578336404E-003,
2.193440707907908E+009,8.506351527514037E-003,
2.198425573153153E+009,8.823840240508887E-003,
2.203410438398398E+009,9.504362834819277E-003,
2.208395303643644E+009,9.770864465903154E-003,
2.213380168888889E+009,9.955985851930105E-003,
2.218365034134134E+009,1.042024479456964E-002,
2.223349899379379E+009,1.110338897052253E-002,
2.228334764624625E+009,1.113342583274599E-002,
2.233319629869870E+009,1.164264633872285E-002,
2.238304495115115E+009,1.157230034518332E-002,
2.243289360360360E+009,1.164532608925837E-002,
2.248274225605606E+009,1.187316073837641E-002,
2.253259090850851E+009,1.142342713701723E-002,
2.258243956096096E+009,1.157134514918498E-002,
2.263228821341342E+009,1.168256794785748E-002,
2.268213686586587E+009,1.155587967625990E-002,
2.273198551831832E+009,1.162051956614300E-002,
2.278183417077077E+009,1.222731459441767E-002,
2.283168282322322E+009,1.297370038806367E-002,
2.288153147567567E+009,1.386759300339172E-002,
2.293138012812813E+009,1.493935457867433E-002,
2.298122878058058E+009,1.601102242422882E-002,
2.303107743303303E+009,1.776811136553532E-002,
2.308092608548549E+009,1.854549233195001E-002,
2.313077473793794E+009,2.022070739659577E-002,
2.318062339039039E+009,2.134977469206015E-002,
2.323047204284284E+009,2.293331344136260E-002,
2.328032069529530E+009,2.379026233846733E-002,
2.333016934774775E+009,2.446427105808036E-002,
2.338001800020020E+009,2.532866209638184E-002,
2.342986665265266E+009,2.539005748540646E-002,
2.347971530510510E+009,2.586034294688962E-002,
2.352956395755756E+009,2.624044436702331E-002,
2.357941261001001E+009,2.601263483355497E-002,
2.362926126246246E+009,2.674232133850943E-002,
2.367910991491491E+009,2.643963833891797E-002,
2.372895856736737E+009,2.696579552497622E-002,
2.377880721981982E+009,2.667588956419555E-002,
2.382865587227227E+009,2.685667706362891E-002,
2.387850452472473E+009,2.715153765109919E-002,
2.392835317717718E+009,2.723788134866106E-002,
2.397820182962963E+009,2.782184160814221E-002,
2.402805048208208E+009,2.813560406112500E-002,
2.407789913453454E+009,2.851026042699664E-002,
2.412774778698699E+009,2.843296588504873E-002,
2.417759643943944E+009,2.797794468959992E-002,
2.422744509189189E+009,2.819766962121060E-002,
2.427729374434434E+009,2.838860411608212E-002,
2.432714239679680E+009,2.806170347737247E-002,
2.437699104924925E+009,2.721601656745892E-002,
2.442683970170170E+009,2.694837830592236E-002,
2.447668835415415E+009,2.654221388163562E-002,
2.452653700660661E+009,2.607405110855071E-002,
2.457638565905906E+009,2.581630915472988E-002,
2.462623431151151E+009,2.548965862310590E-002,
2.467608296396397E+009,2.521685366033945E-002,
2.472593161641642E+009,2.428173793009146E-002,
2.477578026886887E+009,2.357977027194995E-002,
2.482562892132132E+009,2.313073037732112E-002,
2.487547757377378E+009,2.220273448048234E-002,
2.492532622622623E+009,2.173329930848501E-002,
2.497517487867868E+009,2.139530649123576E-002,
2.502502353113113E+009,2.147464353411717E-002,
2.507487218358358E+009,2.218295250725239E-002,
2.512472083603604E+009,2.301716502854431E-002,
2.517456948848849E+009,2.324483457891056E-002,
2.522441814094094E+009,2.400566778381455E-002,
2.527426679339339E+009,2.430099611620106E-002,
2.532411544584585E+009,2.419501027967059E-002,
2.537396409829830E+009,2.436445013443555E-002,
2.542381275075075E+009,2.384883001246538E-002,
2.547366140320320E+009,2.343053865717408E-002,
2.552351005565566E+009,2.239894707369087E-002,
2.557335870810811E+009,2.213119929036003E-002,
2.562320736056056E+009,2.209499287450939E-002,
2.567305601301302E+009,2.150976037329274E-002,
2.572290466546547E+009,2.140873201768994E-002,
2.577275331791792E+009,2.181472320711713E-002,
2.582260197037037E+009,2.160804701149369E-002,
2.587245062282282E+009,2.146454613122764E-002,
2.592229927527527E+009,2.194027987287664E-002,
2.597214792772773E+009,2.291450865189200E-002,
2.602199658018018E+009,2.290939259136027E-002,
2.607184523263263E+009,2.290820636416487E-002,
2.612169388508509E+009,2.409812703750857E-002,
2.617154253753754E+009,2.484919614981718E-002,
2.622139118998999E+009,2.604544658582056E-002,
2.627123984244244E+009,2.722642147582666E-002,
2.632108849489490E+009,2.838684459928030E-002,
2.637093714734735E+009,2.977987646912434E-002,
2.642078579979980E+009,3.035400762457337E-002,
2.647063445225225E+009,3.122405949030611E-002,
2.652048310470470E+009,3.080497461555660E-002,
2.657033175715716E+009,3.077056093115629E-002,
2.662018040960961E+009,3.056168715807771E-002,
2.667002906206206E+009,3.113270587115578E-002,
2.671987771451451E+009,3.152510118325105E-002,
2.676972636696697E+009,3.190519190213938E-002,
2.681957501941942E+009,3.224663829711547E-002,
2.686942367187187E+009,3.226323314566400E-002,
2.691927232432433E+009,3.245755071451633E-002,
2.696912097677678E+009,3.263798865601029E-002,
2.701896962922923E+009,3.326551027958943E-002,
2.706881828168168E+009,3.290641586710089E-002,
2.711866693413414E+009,3.306891406466591E-002,
2.716851558658659E+009,3.339974841024781E-002,
2.721836423903904E+009,3.365714215129096E-002,
2.726821289149149E+009,3.410472768543876E-002,
2.731806154394394E+009,3.332006159116231E-002,
2.736791019639640E+009,3.311781299214012E-002,
2.741775884884885E+009,3.259658319787497E-002,
2.746760750130130E+009,3.159473947482507E-002,
2.751745615375375E+009,3.113014603458782E-002,
2.756730480620621E+009,3.163704957952269E-002,
2.761715345865866E+009,3.186971135082595E-002,
2.766700211111111E+009,3.200917928645275E-002,
2.771685076356356E+009,3.280744835451156E-002,
2.776669941601602E+009,3.333386701033180E-002,
2.781654806846847E+009,3.477657302282247E-002,
2.786639672092092E+009,3.541942009229785E-002,
2.791624537337338E+009,3.612983727152570E-002,
2.796609402582583E+009,3.618530900858056E-002,
2.801594267827828E+009,3.592493894160083E-002,
2.806579133073073E+009,3.677176660632735E-002,
2.811563998318318E+009,3.592983043740521E-002,
2.816548863563564E+009,3.576065780790618E-002,
2.821533728808809E+009,3.514823845835835E-002,
2.826518594054054E+009,3.564075225680884E-002,
2.831503459299299E+009,3.611652699252441E-002,
2.836488324544545E+009,3.601257183924624E-002,
2.841473189789790E+009,3.696075662408042E-002,
2.846458055035035E+009,3.681341892648112E-002,
2.851442920280280E+009,3.717502387919501E-002,
2.856427785525526E+009,3.648882026937785E-002,
2.861412650770771E+009,3.680901934097724E-002,
2.866397516016016E+009,3.575817376970389E-002,
2.871382381261262E+009,3.525604460412335E-002,
2.876367246506506E+009,3.416963126301040E-002,
2.881352111751752E+009,3.305469246250154E-002,
2.886336976996997E+009,3.230945651869894E-002,
2.891321842242242E+009,3.075860027424403E-002,
2.896306707487487E+009,2.919240349106625E-002,
2.901291572732733E+009,2.762217276240205E-002,
2.906276437977978E+009,2.636275179033807E-002,
2.911261303223223E+009,2.591342983461514E-002,
2.916246168468469E+009,2.492060858017841E-002,
2.921231033713714E+009,2.472490082325606E-002,
2.926215898958959E+009,2.427989395785023E-002,
2.931200764204204E+009,2.371047447884822E-002,
2.936185629449450E+009,2.361729197037301E-002,
2.941170494694695E+009,2.439485750227192E-002,
2.946155359939940E+009,2.444831701713552E-002,
2.951140225185185E+009,2.412791596107165E-002,
2.956125090430430E+009,2.443450006439777E-002,
2.961109955675676E+009,2.424768742231263E-002,
2.966094820920921E+009,2.429529749546515E-002,
2.971079686166166E+009,2.372028153660380E-002,
2.976064551411411E+009,2.329920366583919E-002,
2.981049416656657E+009,2.171001063362412E-002,
2.986034281901902E+009,2.092416997471584E-002,
2.991019147147147E+009,1.957583736436042E-002,
2.996004012392393E+009,1.900394631268043E-002,
3.000988877637638E+009,1.778052900494393E-002,
3.005973742882883E+009,1.673922031411441E-002,
3.010958608128128E+009,1.612491840239641E-002,
3.015943473373374E+009,1.511554495643396E-002,
3.020928338618619E+009,1.410920860344115E-002,
3.025913203863864E+009,1.362663953143412E-002,
3.030898069109109E+009,1.292048791486969E-002,
3.035882934354354E+009,1.241427423158178E-002,
3.040867799599600E+009,1.190757181425971E-002,
3.045852664844845E+009,1.125440900339912E-002,
3.050837530090090E+009,1.061840162642403E-002,
3.055822395335335E+009,1.006333761415225E-002,
3.060807260580581E+009,9.514618704903888E-003,
3.065792125825826E+009,8.912201891422559E-003,
3.070776991071071E+009,8.203013959817328E-003,
3.075761856316316E+009,7.563134484020638E-003,
3.080746721561562E+009,6.735346281382350E-003,
3.085731586806807E+009,5.888144011553582E-003,
3.090716452052052E+009,4.921629566879376E-003,
3.095701317297298E+009,4.094970478728885E-003,
3.100686182542543E+009,3.303590229767332E-003,
3.105671047787788E+009,2.513089463169914E-003,
3.110655913033033E+009,1.966236287316044E-003,
3.115640778278278E+009,1.595387951628305E-003,
3.120625643523523E+009,1.311162621452114E-003,
3.125610508768769E+009,1.331305365033967E-003,
3.130595374014014E+009,1.296155703633983E-003,
3.135580239259259E+009,1.416041767876374E-003,
3.140565104504505E+009,1.563044057651542E-003,
3.145549969749750E+009,1.921227448627757E-003,
3.150534834994995E+009,2.311838867701305E-003,
3.155519700240240E+009,2.640834620624556E-003,
3.160504565485486E+009,3.023003823753873E-003,
3.165489430730731E+009,3.461897289676078E-003,
3.170474295975976E+009,3.879991983707973E-003,
3.175459161221221E+009,4.210929747746142E-003,
3.180444026466466E+009,4.596179444738577E-003,
3.185428891711712E+009,5.045391467407574E-003,
3.190413756956957E+009,5.590433499788578E-003,
3.195398622202202E+009,6.042085737344835E-003,
3.200383487447447E+009,6.570742244710561E-003,
3.205368352692693E+009,6.870451134110420E-003,
3.210353217937938E+009,7.153776514901755E-003,
3.215338083183183E+009,7.465821602991580E-003,
3.220322948428429E+009,7.705720270051421E-003,
3.225307813673674E+009,7.998375210158910E-003,
3.230292678918919E+009,8.279608017649074E-003,
3.235277544164164E+009,8.620683360667628E-003,
3.240262409409410E+009,9.082246928971168E-003,
3.245247274654655E+009,9.380802004538474E-003,
3.250232139899900E+009,9.783388383490504E-003,
3.255217005145145E+009,1.016419635700033E-002,
3.260201870390390E+009,1.061702952173202E-002,
3.265186735635636E+009,1.097556375746087E-002,
3.270171600880881E+009,1.110646392425757E-002,
3.275156466126126E+009,1.110663204929121E-002,
3.280141331371371E+009,1.098990634962039E-002,
3.285126196616617E+009,1.098409032278986E-002,
3.290111061861862E+009,1.094222256617272E-002,
3.295095927107107E+009,1.090233953527887E-002,
3.300080792352352E+009,1.089445774531177E-002,
3.305065657597598E+009,1.083927618463453E-002,
3.310050522842843E+009,1.074789891011394E-002,
3.315035388088088E+009,1.069111691770779E-002,
3.320020253333334E+009,1.067878495976756E-002,
3.325005118578579E+009,1.061976498489003E-002,
3.329989983823824E+009,1.036462743659695E-002,
3.334974849069069E+009,1.006320715086137E-002,
3.339959714314314E+009,9.844510401566399E-003,
3.344944579559560E+009,9.614067589331638E-003,
3.349929444804805E+009,9.557641782503640E-003,
3.354914310050050E+009,9.542762346952562E-003,
3.359899175295295E+009,9.728000728437014E-003,
3.364884040540541E+009,9.872872582337121E-003,
3.369868905785786E+009,9.978854398380055E-003,
3.374853771031031E+009,1.007758000770006E-002,
3.379838636276276E+009,1.020511836980659E-002,
3.384823501521522E+009,1.024116477481991E-002,
3.389808366766767E+009,1.008659761645104E-002,
3.394793232012012E+009,9.938768788692411E-003,
3.399778097257258E+009,9.899028951004241E-003,
3.404762962502502E+009,9.769629187870377E-003,
3.409747827747748E+009,9.716016075026307E-003,
3.414732692992993E+009,9.627571981650618E-003,
3.419717558238238E+009,9.577289784816503E-003,
3.424702423483483E+009,9.489623027266116E-003,
3.429687288728729E+009,9.525090924801813E-003,
3.434672153973974E+009,9.387061774001075E-003,
3.439657019219219E+009,9.054768633692992E-003,
3.444641884464465E+009,8.700901602403799E-003,
3.449626749709710E+009,8.244223679141054E-003,
3.454611614954955E+009,7.931670148206647E-003,
3.459596480200200E+009,7.713971233200160E-003,
3.464581345445446E+009,7.586588199548036E-003,
3.469566210690691E+009,7.273027482156349E-003,
3.474551075935936E+009,6.947087102371774E-003,
3.479535941181181E+009,6.710865188743970E-003,
3.484520806426426E+009,6.356432513013247E-003,
3.489505671671672E+009,6.240427973455668E-003,
3.494490536916917E+009,5.882227804906491E-003,
3.499475402162162E+009,5.460551567431476E-003,
3.504460267407407E+009,5.108842606014827E-003,
3.509445132652653E+009,4.823898919827115E-003,
3.514429997897898E+009,4.762032987543213E-003,
3.519414863143143E+009,4.916487618107427E-003,
3.524399728388389E+009,5.088825990164878E-003,
3.529384593633634E+009,5.246710663415803E-003,
3.534369458878879E+009,5.746761420308301E-003,
3.539354324124124E+009,6.292350313202359E-003,
3.544339189369370E+009,6.695970463137380E-003,
3.549324054614615E+009,7.184642605933721E-003,
3.554308919859860E+009,7.554343370002763E-003,
3.559293785105105E+009,8.150429238832670E-003,
3.564278650350350E+009,8.975904218145286E-003,
3.569263515595596E+009,9.683759515575451E-003,
3.574248380840841E+009,1.041691769820928E-002,
3.579233246086086E+009,1.105521529208376E-002,
3.584218111331331E+009,1.169629595825667E-002,
3.589202976576577E+009,1.209830686515316E-002,
3.594187841821822E+009,1.244645760339412E-002,
3.599172707067067E+009,1.296975740163670E-002,
3.604157572312312E+009,1.318762822237828E-002,
3.609142437557558E+009,1.337177178304238E-002,
3.614127302802803E+009,1.352047531847691E-002,
3.619112168048048E+009,1.353360970315347E-002,
3.624097033293294E+009,1.350453880224620E-002,
3.629081898538539E+009,1.331739134279670E-002,
3.634066763783784E+009,1.320541029981812E-002,
3.639051629029029E+009,1.312125724355926E-002,
3.644036494274274E+009,1.290669899373612E-002,
3.649021359519519E+009,1.276482108290509E-002,
3.654006224764765E+009,1.283957645878489E-002,
3.658991090010010E+009,1.294975673120050E-002,
3.663975955255255E+009,1.316254257206122E-002,
3.668960820500501E+009,1.355381112675198E-002,
3.673945685745746E+009,1.408253149538379E-002,
3.678930550990991E+009,1.474601502528800E-002,
3.683915416236236E+009,1.554593242843341E-002,
3.688900281481482E+009,1.628087922469984E-002,
3.693885146726727E+009,1.710531119719648E-002,
3.698870011971972E+009,1.798938077922663E-002,
3.703854877217217E+009,1.842440802470954E-002,
3.708839742462462E+009,1.908389979685516E-002,
3.713824607707708E+009,1.923434542883054E-002,
3.718809472952953E+009,1.975737197655966E-002,
3.723794338198198E+009,1.953830543857891E-002,
3.728779203443443E+009,1.999448129020192E-002,
3.733764068688689E+009,2.038119588639804E-002,
3.738748933933934E+009,2.026994791067326E-002,
3.743733799179179E+009,2.007262650879038E-002,
3.748718664424425E+009,2.007469033720976E-002,
3.753703529669670E+009,2.074391410857811E-002,
3.758688394914915E+009,2.051678565809415E-002,
3.763673260160160E+009,2.019309780977006E-002,
3.768658125405406E+009,2.067978328198876E-002,
3.773642990650651E+009,2.095021993908126E-002,
3.778627855895896E+009,2.176440170399003E-002,
3.783612721141141E+009,2.120976258250978E-002,
3.788597586386386E+009,2.142524162779308E-002,
3.793582451631632E+009,2.156416617005481E-002,
3.798567316876877E+009,2.063727086712537E-002,
3.803552182122122E+009,2.091046541499784E-002,
3.808537047367367E+009,2.133733912944921E-002,
3.813521912612613E+009,2.037238080236779E-002,
3.818506777857858E+009,2.039661091003947E-002,
3.823491643103103E+009,2.069117470557507E-002,
3.828476508348349E+009,2.012525383558707E-002,
3.833461373593594E+009,1.946945482906486E-002,
3.838446238838839E+009,2.061773673487665E-002,
3.843431104084084E+009,2.040092794731321E-002,
3.848415969329330E+009,2.040397924145632E-002,
3.853400834574575E+009,2.012225225679338E-002,
3.858385699819820E+009,2.054229136070325E-002,
3.863370565065065E+009,2.031574157522934E-002,
3.868355430310310E+009,2.001765614649794E-002,
3.873340295555556E+009,1.974330616781694E-002,
3.878325160800801E+009,2.092605443899420E-002,
3.883310026046046E+009,2.028841968442127E-002,
3.888294891291291E+009,2.057300212946794E-002,
3.893279756536537E+009,1.946092825022412E-002,
3.898264621781782E+009,1.990427934471619E-002,
3.903249487027027E+009,1.971552499324608E-002,
3.908234352272272E+009,1.965201343680260E-002,
3.913219217517518E+009,1.908457898005275E-002,
3.918204082762763E+009,1.879874908962720E-002,
3.923188948008008E+009,1.824676630655250E-002,
3.928173813253254E+009,1.807547040765571E-002,
3.933158678498498E+009,1.793040630776632E-002,
3.938143543743744E+009,1.762563439062248E-002,
3.943128408988989E+009,1.724618157205755E-002,
3.948113274234234E+009,1.674295159340644E-002,
3.953098139479479E+009,1.711202540620952E-002,
3.958083004724725E+009,1.808208978303851E-002,
3.963067869969970E+009,1.810099362062719E-002,
3.968052735215215E+009,1.745297532986498E-002,
3.973037600460461E+009,1.782070426682392E-002,
3.978022465705706E+009,1.769084640343883E-002,
3.983007330950951E+009,1.766751400826400E-002,
3.987992196196196E+009,1.681429838129478E-002,
3.992977061441442E+009,1.690194352651087E-002,
3.997961926686687E+009,1.586346970845574E-002,
4.002946791931932E+009,1.573101364461111E-002,
4.007931657177177E+009,1.513038546869787E-002,
4.012916522422422E+009,1.474248339320621E-002,
4.017901387667668E+009,1.466828826493216E-002,
4.022886252912913E+009,1.450289051289836E-002,
4.027871118158158E+009,1.437481778826015E-002,
4.032855983403403E+009,1.480695743684409E-002,
4.037840848648649E+009,1.430803788451359E-002,
4.042825713893894E+009,1.433662058267237E-002,
4.047810579139139E+009,1.425221016006474E-002,
4.052795444384385E+009,1.383871290044453E-002,
4.057780309629630E+009,1.423579058263117E-002,
4.062765174874875E+009,1.518474592136532E-002,
4.067750040120120E+009,1.449835398874286E-002,
4.072734905365366E+009,1.398652459895578E-002,
4.077719770610611E+009,1.507045582343382E-002,
4.082704635855856E+009,1.468047008687300E-002,
4.087689501101101E+009,1.378243266193581E-002,
4.092674366346346E+009,1.412894926126045E-002,
4.097659231591592E+009,1.337919800230966E-002,
4.102644096836837E+009,1.300863519171618E-002,
4.107628962082082E+009,1.252346794159484E-002,
4.112613827327327E+009,1.214382749478484E-002,
4.117598692572573E+009,1.176717539180246E-002,
4.122583557817818E+009,1.144807916180522E-002,
4.127568423063063E+009,1.122025206726952E-002,
4.132553288308308E+009,1.111289869589766E-002,
4.137538153553554E+009,1.112425940776070E-002,
4.142523018798799E+009,1.120071681682340E-002,
4.147507884044044E+009,1.134034809500661E-002,
4.152492749289290E+009,1.150365380646593E-002,
4.157477614534535E+009,1.162642161017936E-002,
4.162462479779780E+009,1.188951375438805E-002,
4.167447345025025E+009,1.204339247504834E-002,
4.172432210270270E+009,1.213839969466516E-002,
4.177417075515515E+009,1.207801056687033E-002,
4.182401940760761E+009,1.211132980650511E-002,
4.187386806006006E+009,1.195284716372668E-002,
4.192371671251251E+009,1.170432072517993E-002,
4.197356536496497E+009,1.152661422397076E-002,
4.202341401741742E+009,1.119038802667736E-002,
4.207326266986987E+009,1.086677533453187E-002,
4.212311132232232E+009,1.050627456289105E-002,
4.217295997477478E+009,1.004178429117323E-002,
4.222280862722723E+009,9.806340074303059E-003,
4.227265727967968E+009,9.572631887312411E-003,
4.232250593213213E+009,9.385797441620223E-003,
4.237235458458458E+009,9.272088158039789E-003,
4.242220323703704E+009,9.199924299856523E-003,
4.247205188948949E+009,9.089041309642642E-003,
4.252190054194194E+009,9.144251668954665E-003,
4.257174919439439E+009,9.123176225797145E-003,
4.262159784684685E+009,9.236002695204391E-003,
4.267144649929930E+009,9.305790084398531E-003,
4.272129515175175E+009,9.188211577555330E-003,
4.277114380420421E+009,9.140792948270244E-003,
4.282099245665666E+009,8.916269750352489E-003,
4.287084110910911E+009,8.713946635623256E-003,
4.292068976156156E+009,8.458730252846592E-003,
4.297053841401402E+009,8.087597429030900E-003,
4.302038706646647E+009,7.747785330162078E-003,
4.307023571891892E+009,7.361638025404589E-003,
4.312008437137137E+009,7.129216688185906E-003,
4.316993302382382E+009,6.942949970300236E-003,
4.321978167627627E+009,6.681836620631709E-003,
4.326963032872873E+009,6.313596408629281E-003,
4.331947898118118E+009,6.145482205100282E-003,
4.336932763363363E+009,5.875029710523598E-003,
4.341917628608608E+009,5.791191219065896E-003,
4.346902493853854E+009,5.849627698097736E-003,
4.351887359099099E+009,5.835068009464940E-003,
4.356872224344344E+009,6.094243400274075E-003,
4.361857089589590E+009,6.284295251721175E-003,
4.366841954834835E+009,6.482347502587076E-003,
4.371826820080080E+009,6.690106692182543E-003,
4.376811685325325E+009,6.875593048269106E-003,
4.381796550570571E+009,7.181857455453652E-003,
4.386781415815816E+009,7.411958239577418E-003,
4.391766281061061E+009,7.572137881816021E-003,
4.396751146306306E+009,7.818914682286097E-003,
4.401736011551552E+009,7.890051126846914E-003,
4.406720876796797E+009,7.927814621151946E-003,
4.411705742042042E+009,7.893606141645315E-003,
4.416690607287288E+009,7.832249233791125E-003,
4.421675472532533E+009,7.962153462782591E-003,
4.426660337777778E+009,7.846334776768538E-003,
4.431645203023023E+009,7.748519215756801E-003,
4.436630068268269E+009,7.753978350444479E-003,
4.441614933513514E+009,7.664245500181193E-003,
4.446599798758759E+009,7.509419126679571E-003,
4.451584664004005E+009,7.530463938601940E-003,
4.456569529249250E+009,7.361053674773102E-003,
4.461554394494494E+009,7.356277797963364E-003,
4.466539259739739E+009,7.546320803677478E-003,
4.471524124984985E+009,7.705604161202049E-003,
4.476508990230230E+009,7.974895553352551E-003,
4.481493855475475E+009,8.047791636738681E-003,
4.486478720720720E+009,8.232206281748760E-003,
4.491463585965966E+009,8.419469396960432E-003,
4.496448451211211E+009,8.733500968040873E-003,
4.501433316456456E+009,8.922911930094321E-003,
4.506418181701702E+009,9.015808545278788E-003,
4.511403046946947E+009,9.116889210913760E-003,
4.516387912192192E+009,9.010121158532312E-003,
4.521372777437437E+009,8.994081483636894E-003,
4.526357642682683E+009,8.836208128278898E-003,
4.531342507927928E+009,8.621353677816456E-003,
4.536327373173173E+009,8.224660381537486E-003,
4.541312238418419E+009,7.950547947720521E-003,
4.546297103663664E+009,7.696081740098257E-003,
4.551281968908909E+009,7.420641956061432E-003,
4.556266834154154E+009,7.143473131244584E-003,
4.561251699399400E+009,7.101663653569220E-003,
4.566236564644645E+009,6.976227158738814E-003,
4.571221429889890E+009,7.032442847471514E-003,
4.576206295135135E+009,7.009405843201949E-003,
4.581191160380381E+009,7.172795907269816E-003,
4.586176025625626E+009,7.471059391880407E-003,
4.591160890870871E+009,7.729792410108988E-003,
4.596145756116117E+009,7.876042309326521E-003,
4.601130621361362E+009,8.109487007004446E-003,
4.606115486606607E+009,8.199068175313858E-003,
4.611100351851852E+009,8.070272159462950E-003,
4.616085217097097E+009,7.826641135580259E-003,
4.621070082342342E+009,7.341265167996145E-003,
4.626054947587587E+009,6.795463067725957E-003,
4.631039812832833E+009,6.222179871381145E-003,
4.636024678078078E+009,5.884228376686305E-003,
4.641009543323323E+009,5.424486554198705E-003,
4.645994408568568E+009,5.221621842125278E-003,
4.650979273813814E+009,4.972539722939970E-003,
4.655964139059059E+009,4.844593352069724E-003,
4.660949004304304E+009,4.611775715009244E-003,
4.665933869549550E+009,4.564281344641167E-003,
4.670918734794795E+009,4.432315690382778E-003,
4.675903600040040E+009,4.435432351221066E-003,
4.680888465285285E+009,4.290864857148771E-003,
4.685873330530531E+009,4.302252682549889E-003,
4.690858195775776E+009,4.354619818869750E-003,
4.695843061021021E+009,4.350679717044260E-003,
4.700827926266266E+009,4.277987395245517E-003,
4.705812791511512E+009,4.226833160327244E-003,
4.710797656756757E+009,4.328334673087094E-003,
4.715782522002002E+009,4.267195035485797E-003,
4.720767387247248E+009,4.180618088092199E-003,
4.725752252492493E+009,4.120980507227553E-003,
4.730737117737738E+009,4.175940955498750E-003,
4.735721982982983E+009,4.200505257389469E-003,
4.740706848228229E+009,4.166200797582053E-003,
4.745691713473474E+009,4.316774768938259E-003,
4.750676578718719E+009,4.275491084466222E-003,
4.755661443963965E+009,4.417465190204921E-003,
4.760646309209209E+009,4.277724973872865E-003,
4.765631174454454E+009,4.199821734446088E-003,
4.770616039699699E+009,4.301441545471930E-003,
4.775600904944945E+009,4.417387708828297E-003,
4.780585770190190E+009,4.566766950091278E-003,
4.785570635435435E+009,4.828860460520991E-003,
4.790555500680680E+009,5.194548708863074E-003,
4.795540365925926E+009,5.477605622091948E-003,
4.800525231171171E+009,5.883886302617152E-003,
4.805510096416416E+009,6.353590077291985E-003,
4.810494961661662E+009,6.516064608143814E-003,
4.815479826906907E+009,6.791046861178473E-003,
4.820464692152152E+009,7.043756376655319E-003,
4.825449557397397E+009,7.075949843900081E-003,
4.830434422642643E+009,7.026076159518009E-003,
4.835419287887888E+009,6.905368679279800E-003,
4.840404153133133E+009,6.752986096395546E-003,
4.845389018378379E+009,6.692018604607463E-003,
4.850373883623624E+009,6.510145167887663E-003,
4.855358748868869E+009,6.296869343335548E-003,
4.860343614114114E+009,6.281063821945061E-003,
4.865328479359360E+009,6.287313705778189E-003,
4.870313344604605E+009,6.183660812284403E-003,
4.875298209849850E+009,6.225425103762066E-003,
4.880283075095095E+009,6.412896802060381E-003,
4.885267940340341E+009,6.497296367734396E-003,
4.890252805585586E+009,6.725354501682987E-003,
4.895237670830831E+009,6.932633636791440E-003,
4.900222536076077E+009,7.188083195396022E-003,
4.905207401321322E+009,7.369344923955306E-003,
4.910192266566567E+009,7.429415872810367E-003,
4.915177131811811E+009,7.562203942442572E-003,
4.920161997057057E+009,7.567736591391669E-003,
4.925146862302302E+009,7.530114821717250E-003,
4.930131727547547E+009,7.365115622063320E-003,
4.935116592792793E+009,7.219314277322629E-003,
4.940101458038038E+009,7.072778434591271E-003,
4.945086323283283E+009,6.927843609530308E-003,
4.950071188528528E+009,6.782736883461898E-003,
4.955056053773774E+009,6.706028505760452E-003,
4.960040919019019E+009,6.631599427159128E-003,
4.965025784264264E+009,6.515197652187603E-003,
4.970010649509509E+009,6.430928055885541E-003,
4.974995514754755E+009,6.366119081797071E-003,
4.979980380000000E+009,6.403519504076220E-003,
