% Version 1.00
%
% Ref Impedances: Z01: 50, Z02: 50
% 
%freq[Hz];Trc1_S21[U];
1.000000000000000E+005,1.889866385461475E-005,
5.084865245245245E+006,3.275415399641657E-004,
1.006973049049049E+007,8.754911362119308E-004,
1.505459573573574E+007,1.986666687485271E-003,
2.003946098098098E+007,2.445257599753890E-003,
2.502432622622623E+007,3.451756676039150E-003,
3.000919147147147E+007,4.803978562743546E-003,
3.499405671671671E+007,8.390064595604698E-003,
3.997892196196196E+007,1.511588493819778E-002,
4.496378720720721E+007,4.378701574384743E-002,
4.994865245245245E+007,6.959632989115017E-002,
5.493351769769770E+007,3.057643570132107E-002,
5.991838294294295E+007,2.423126816677687E-002,
6.490324818818819E+007,1.672316740915691E-002,
6.988811343343343E+007,1.221270137789665E-002,
7.487297867867868E+007,9.720858260937250E-003,
7.985784392392393E+007,8.295056351626133E-003,
8.484270916916917E+007,8.594848472782668E-003,
8.982757441441442E+007,8.992162293061398E-003,
9.481243965965965E+007,9.751516559443882E-003,
9.979730490490490E+007,1.076786685947883E-002,
1.047821701501502E+008,1.255403344085064E-002,
1.097670353953954E+008,1.465963935022238E-002,
1.147519006406407E+008,1.710887917164594E-002,
1.197367658858859E+008,1.987990328435972E-002,
1.247216311311311E+008,2.373300099078652E-002,
1.297064963763764E+008,2.947210425303045E-002,
1.346913616216216E+008,3.783307658100585E-002,
1.396762268668669E+008,5.262392150873335E-002,
1.446610921121121E+008,7.868427463085802E-002,
1.496459573573574E+008,1.352131001953223E-001,
1.546308226026026E+008,1.823900184982978E-001,
1.596156878478479E+008,1.292028123177524E-001,
1.646005530930931E+008,9.753862519345999E-002,
1.695854183383384E+008,8.292132823233160E-002,
1.745702835835836E+008,6.406601233807013E-002,
1.795551488288288E+008,3.965529651943445E-002,
1.845400140740741E+008,2.432736890469832E-002,
1.895248793193193E+008,1.663780317992168E-002,
1.945097445645646E+008,1.250243267040647E-002,
1.994946098098098E+008,1.055633302470807E-002,
2.044794750550551E+008,8.242979000641620E-003,
2.094643403003003E+008,6.548387044237609E-003,
2.144492055455456E+008,5.568438855270070E-003,
2.194340707907908E+008,5.131926373818225E-003,
2.244189360360360E+008,5.402064150000800E-003,
2.294038012812813E+008,6.433243924735601E-003,
2.343886665265265E+008,8.275570106444643E-003,
2.393735317717718E+008,1.071875770495625E-002,
2.443583970170170E+008,1.414254092042255E-002,
2.493432622622623E+008,1.808939633649954E-002,
2.543281275075075E+008,2.527333838579630E-002,
2.593129927527528E+008,3.537973459575081E-002,
2.642978579979980E+008,5.125058667033418E-002,
2.692827232432432E+008,8.001308548197256E-002,
2.742675884884885E+008,1.404466651466006E-001,
2.792524537337337E+008,2.380510437232009E-001,
2.842373189789790E+008,1.640059079725351E-001,
2.892221842242242E+008,1.009872591331749E-001,
2.942070494694695E+008,7.154585951814739E-002,
2.991919147147147E+008,5.542496644231246E-002,
3.041767799599600E+008,4.483101003334426E-002,
3.091616452052052E+008,3.785048540972070E-002,
3.141465104504505E+008,3.256298685427127E-002,
3.191313756956957E+008,2.794874844699327E-002,
3.241162409409409E+008,2.419530181315313E-002,
3.291011061861862E+008,2.119537735427157E-002,
3.340859714314314E+008,1.813045461368506E-002,
3.390708366766767E+008,1.526848768179003E-002,
3.440557019219219E+008,1.307830223558047E-002,
3.490405671671672E+008,1.186186570851271E-002,
3.540254324124124E+008,1.032787023888995E-002,
3.590102976576577E+008,9.181296628039147E-003,
3.639951629029029E+008,8.194617549762241E-003,
3.689800281481482E+008,6.992660585013787E-003,
3.739648933933934E+008,6.783657178008562E-003,
3.789497586386386E+008,6.502293146553752E-003,
3.839346238838839E+008,6.642638318625733E-003,
3.889194891291291E+008,7.059670984109730E-003,
3.939043543743744E+008,7.548687902797079E-003,
3.988892196196196E+008,7.968638526432757E-003,
4.038740848648649E+008,7.984466447319942E-003,
4.088589501101101E+008,7.592463506148453E-003,
4.138438153553554E+008,7.606577353975652E-003,
4.188286806006006E+008,8.643654556061564E-003,
4.238135458458459E+008,1.135309387044023E-002,
4.287984110910911E+008,1.351410037071348E-002,
4.337832763363363E+008,1.417890747947537E-002,
4.387681415815816E+008,1.434186971486751E-002,
4.437530068268268E+008,1.438011147931671E-002,
4.487378720720721E+008,1.437637512230700E-002,
4.537227373173173E+008,1.454346387228038E-002,
4.587076025625626E+008,1.502309942780153E-002,
4.636924678078078E+008,1.561963834796591E-002,
4.686773330530531E+008,1.651213259465754E-002,
4.736621982982983E+008,1.805311296342916E-002,
4.786470635435436E+008,1.953713435686572E-002,
4.836319287887888E+008,2.141072255223641E-002,
4.886167940340340E+008,2.330357051438914E-002,
4.936016592792793E+008,2.482806584317750E-002,
4.985865245245245E+008,2.608922956222871E-002,
5.035713897697698E+008,2.744046310012150E-002,
5.085562550150150E+008,2.885747231093251E-002,
5.135411202602603E+008,3.030423134726167E-002,
5.185259855055055E+008,3.126346715245869E-002,
5.235108507507508E+008,3.206658723379162E-002,
5.284957159959960E+008,3.252196288900520E-002,
5.334805812412412E+008,3.300939699031463E-002,
5.384654464864864E+008,3.378170560207231E-002,
5.434503117317318E+008,3.508266291229438E-002,
5.484351769769770E+008,3.679257264247628E-002,
5.534200422222222E+008,3.794294019896526E-002,
5.584049074674674E+008,3.928051195565319E-002,
5.633897727127128E+008,4.025970775146552E-002,
5.683746379579580E+008,4.135739111305552E-002,
5.733595032032032E+008,4.198808821814301E-002,
5.783443684484484E+008,4.285868724220054E-002,
5.833292336936938E+008,4.307543080261873E-002,
5.883140989389390E+008,4.328431819777594E-002,
5.932989641841842E+008,4.379930180390749E-002,
5.982838294294294E+008,4.448217353101225E-002,
6.032686946746746E+008,4.585861337711381E-002,
6.082535599199200E+008,4.672622987500130E-002,
6.132384251651652E+008,4.842859087646427E-002,
6.182232904104104E+008,4.888085914968036E-002,
6.232081556556556E+008,5.020944730348887E-002,
6.281930209009010E+008,5.113749120752810E-002,
6.331778861461462E+008,5.294144946861646E-002,
6.381627513913914E+008,5.416563846115347E-002,
6.431476166366366E+008,5.589628632736677E-002,
6.481324818818818E+008,5.843696418044151E-002,
6.531173471271272E+008,6.221027015937176E-002,
6.581022123723724E+008,6.635638682351638E-002,
6.630870776176176E+008,7.154611373918859E-002,
6.680719428628628E+008,7.832370250973456E-002,
6.730568081081082E+008,8.453870577765670E-002,
6.780416733533534E+008,9.048106216856618E-002,
6.830265385985986E+008,9.540339557801011E-002,
6.880114038438438E+008,1.005548457685136E-001,
6.929962690890890E+008,1.058095477716503E-001,
6.979811343343344E+008,1.117068708162059E-001,
7.029659995795796E+008,1.170742911912204E-001,
7.079508648248248E+008,1.216299693616897E-001,
7.129357300700700E+008,1.260127406439293E-001,
7.179205953153154E+008,1.304335966346833E-001,
7.229054605605606E+008,1.333407902961357E-001,
7.278903258058058E+008,1.373813871633504E-001,
7.328751910510510E+008,1.400460649564960E-001,
7.378600562962964E+008,1.433696092196729E-001,
7.428449215415416E+008,1.483900541120466E-001,
7.478297867867868E+008,1.524246823854824E-001,
7.528146520320320E+008,1.575215438153958E-001,
7.577995172772772E+008,1.636644506359786E-001,
7.627843825225226E+008,1.692997551466918E-001,
7.677692477677678E+008,1.734766804919781E-001,
7.727541130130130E+008,1.763719342975615E-001,
7.777389782582582E+008,1.759469172666511E-001,
7.827238435035036E+008,1.719639247091346E-001,
7.877087087487488E+008,1.645039455345440E-001,
7.926935739939940E+008,1.569150611639104E-001,
7.976784392392392E+008,1.497831899252428E-001,
8.026633044844844E+008,1.441864354754556E-001,
8.076481697297298E+008,1.403236044077910E-001,
8.126330349749750E+008,1.366953580589312E-001,
8.176179002202202E+008,1.366369726464314E-001,
8.226027654654654E+008,1.401460417533749E-001,
8.275876307107108E+008,1.434209612180104E-001,
8.325724959559560E+008,1.478571082287887E-001,
8.375573612012012E+008,1.533503796610926E-001,
8.425422264464464E+008,1.585714893103788E-001,
8.475270916916918E+008,1.640788198285356E-001,
8.525119569369370E+008,1.667289359662492E-001,
8.574968221821822E+008,1.694459881250953E-001,
8.624816874274274E+008,1.707276623814317E-001,
8.674665526726726E+008,1.701581087897265E-001,
8.724514179179180E+008,1.691066760449791E-001,
8.774362831631632E+008,1.673456593851911E-001,
8.824211484084084E+008,1.639490095021813E-001,
8.874060136536536E+008,1.619585127582729E-001,
8.923908788988990E+008,1.610433751336398E-001,
8.973757441441442E+008,1.621686573273394E-001,
9.023606093893894E+008,1.635327354057074E-001,
9.073454746346346E+008,1.660738995320738E-001,
9.123303398798798E+008,1.681445544453622E-001,
9.173152051251252E+008,1.698392373331547E-001,
9.223000703703704E+008,1.717665140292578E-001,
9.272849356156156E+008,1.729009249446909E-001,
9.322698008608608E+008,1.733606970014738E-001,
9.372546661061062E+008,1.732175867071827E-001,
9.422395313513514E+008,1.731718146641104E-001,
9.472243965965966E+008,1.713731701022012E-001,
9.522092618418418E+008,1.678143364030853E-001,
9.571941270870872E+008,1.643337441668741E-001,
9.621789923323324E+008,1.611008766009556E-001,
9.671638575775776E+008,1.563592685458176E-001,
9.721487228228228E+008,1.531741815607556E-001,
9.771335880680680E+008,1.505593482873722E-001,
9.821184533133134E+008,1.463927895959080E-001,
9.871033185585586E+008,1.416639788158239E-001,
9.920881838038038E+008,1.376544203654785E-001,
9.970730490490490E+008,1.342090930827911E-001,
1.002057914294294E+009,1.317272790721794E-001,
1.007042779539540E+009,1.297738998649250E-001,
1.012027644784785E+009,1.291792823806610E-001,
1.017012510030030E+009,1.282654222662797E-001,
1.021997375275275E+009,1.289798296799436E-001,
1.026982240520521E+009,1.296071406539404E-001,
1.031967105765766E+009,1.287747112738707E-001,
1.036951971011011E+009,1.258417965842922E-001,
1.041936836256256E+009,1.212360612177146E-001,
1.046921701501502E+009,1.169120290351155E-001,
1.051906566746747E+009,1.129262716222121E-001,
1.056891431991992E+009,1.092346569244332E-001,
1.061876297237237E+009,1.055458274805106E-001,
1.066861162482482E+009,1.030332788466536E-001,
1.071846027727728E+009,1.023960508427624E-001,
1.076830892972973E+009,1.033861297996484E-001,
1.081815758218218E+009,1.042814668860409E-001,
1.086800623463464E+009,1.059714203587389E-001,
1.091785488708709E+009,1.085384479350989E-001,
1.096770353953954E+009,1.113377161017317E-001,
1.101755219199199E+009,1.126489604300633E-001,
1.106740084444444E+009,1.129666858204759E-001,
1.111724949689690E+009,1.128906624255026E-001,
1.116709814934935E+009,1.123250132002272E-001,
1.121694680180180E+009,1.123920435125719E-001,
1.126679545425426E+009,1.119769763173597E-001,
1.131664410670671E+009,1.110528544463495E-001,
1.136649275915916E+009,1.092985098878547E-001,
1.141634141161161E+009,1.057971338720044E-001,
1.146619006406406E+009,1.015689650778172E-001,
1.151603871651652E+009,9.716351178584946E-002,
1.156588736896897E+009,9.280064067041836E-002,
1.161573602142142E+009,8.851991427300451E-002,
1.166558467387388E+009,8.477946156026620E-002,
1.171543332632633E+009,8.238922859444557E-002,
1.176528197877878E+009,8.049729580287734E-002,
1.181513063123123E+009,7.971450035938602E-002,
1.186497928368368E+009,7.998934296460619E-002,
1.191482793613614E+009,8.012460612359178E-002,
1.196467658858859E+009,8.111947980592396E-002,
1.201452524104104E+009,8.124002465556221E-002,
1.206437389349349E+009,8.267767805644714E-002,
1.211422254594595E+009,8.340528602938449E-002,
1.216407119839840E+009,8.296667525320065E-002,
1.221391985085085E+009,8.260576606372669E-002,
1.226376850330330E+009,8.238723911304269E-002,
1.231361715575576E+009,8.138621344333480E-002,
1.236346580820821E+009,8.083078908797234E-002,
1.241331446066066E+009,7.937646150567497E-002,
1.246316311311311E+009,7.825316416651960E-002,
1.251301176556557E+009,7.702938623656919E-002,
1.256286041801802E+009,7.578526264250235E-002,
1.261270907047047E+009,7.545616796219080E-002,
1.266255772292292E+009,7.633611944693425E-002,
1.271240637537538E+009,7.724760728110128E-002,
1.276225502782783E+009,7.806199367896392E-002,
1.281210368028028E+009,7.892536611423276E-002,
1.286195233273273E+009,7.930089182422784E-002,
1.291180098518518E+009,8.003310736104077E-002,
1.296164963763764E+009,8.044924737400118E-002,
1.301149829009009E+009,8.086080725149580E-002,
1.306134694254254E+009,8.050868954729469E-002,
1.311119559499500E+009,7.883795026683865E-002,
1.316104424744745E+009,7.664799490067448E-002,
1.321089289989990E+009,7.343847430575236E-002,
1.326074155235235E+009,6.990246111544358E-002,
1.331059020480480E+009,6.676186847174249E-002,
1.336043885725726E+009,6.328981476395658E-002,
1.341028750970971E+009,6.105213612957684E-002,
1.346013616216216E+009,5.871738182511892E-002,
1.350998481461462E+009,5.729678059307265E-002,
1.355983346706707E+009,5.639182512579166E-002,
1.360968211951952E+009,5.613808087275671E-002,
1.365953077197197E+009,5.697703236926471E-002,
1.370937942442442E+009,5.811196442681609E-002,
1.375922807687688E+009,5.908882089011779E-002,
1.380907672932933E+009,5.987564755190218E-002,
1.385892538178178E+009,6.000925637320213E-002,
1.390877403423424E+009,6.018923459828886E-002,
1.395862268668669E+009,6.017931353360759E-002,
1.400847133913914E+009,6.161615895824012E-002,
1.405831999159159E+009,6.242358996254280E-002,
1.410816864404404E+009,6.221408922141074E-002,
1.415801729649650E+009,6.217380082600690E-002,
1.420786594894895E+009,6.200491101636573E-002,
1.425771460140140E+009,6.207909970201021E-002,
1.430756325385386E+009,6.160965583290355E-002,
1.435741190630631E+009,6.060601121639653E-002,
1.440726055875876E+009,5.966935396531078E-002,
1.445710921121121E+009,5.918466128278530E-002,
1.450695786366366E+009,5.892363254119105E-002,
1.455680651611612E+009,5.835070792343757E-002,
1.460665516856857E+009,5.819521666377263E-002,
1.465650382102102E+009,5.774519559190726E-002,
1.470635247347347E+009,5.771271700537035E-002,
1.475620112592593E+009,5.798282002501815E-002,
1.480604977837838E+009,5.838713547730624E-002,
1.485589843083083E+009,5.794943762415297E-002,
1.490574708328328E+009,5.722668722970527E-002,
1.495559573573574E+009,5.635889378526974E-002,
1.500544438818819E+009,5.541366973077291E-002,
1.505529304064064E+009,5.394544656199065E-002,
1.510514169309309E+009,5.219573885965464E-002,
1.515499034554555E+009,5.004643851235213E-002,
1.520483899799800E+009,4.824480553472491E-002,
1.525468765045045E+009,4.746605000751123E-002,
1.530453630290290E+009,4.738588895595663E-002,
1.535438495535536E+009,4.811390540554905E-002,
1.540423360780781E+009,4.929387347284191E-002,
1.545408226026026E+009,5.017886176515506E-002,
1.550393091271271E+009,5.090198656599559E-002,
1.555377956516516E+009,5.155039427814205E-002,
1.560362821761762E+009,5.267583676749778E-002,
1.565347687007007E+009,5.369853777273823E-002,
1.570332552252252E+009,5.336627293485630E-002,
1.575317417497498E+009,5.413507577980094E-002,
1.580302282742743E+009,5.395805719964845E-002,
1.585287147987988E+009,5.349491180072961E-002,
1.590272013233233E+009,5.375255597917864E-002,
1.595256878478478E+009,5.328407746459880E-002,
1.600241743723724E+009,5.277182347650118E-002,
1.605226608968969E+009,5.219096175599594E-002,
1.610211474214214E+009,5.189982386793578E-002,
1.615196339459460E+009,5.133409366055886E-002,
1.620181204704705E+009,5.065511694241243E-002,
1.625166069949950E+009,4.997846041161812E-002,
1.630150935195195E+009,4.962643781796212E-002,
1.635135800440440E+009,4.876902263932618E-002,
1.640120665685686E+009,4.781409006760498E-002,
1.645105530930931E+009,4.712216431481368E-002,
1.650090396176176E+009,4.602757479396603E-002,
1.655075261421422E+009,4.517176076009831E-002,
1.660060126666667E+009,4.373051561139277E-002,
1.665044991911912E+009,4.234633522314669E-002,
1.670029857157157E+009,4.036303377278269E-002,
1.675014722402402E+009,3.901924868058436E-002,
1.679999587647648E+009,3.723880263383139E-002,
1.684984452892893E+009,3.562469081771634E-002,
1.689969318138138E+009,3.351120900706357E-002,
1.694954183383384E+009,3.195685658080119E-002,
1.699939048628629E+009,2.972994436027013E-002,
1.704923913873874E+009,2.797999224786420E-002,
1.709908779119119E+009,2.716543575004970E-002,
1.714893644364364E+009,2.608906944399147E-002,
1.719878509609610E+009,2.462832169407343E-002,
1.724863374854855E+009,2.299207666651309E-002,
1.729848240100100E+009,2.171786714966839E-002,
1.734833105345345E+009,2.064355025602631E-002,
1.739817970590591E+009,1.999916982057874E-002,
1.744802835835836E+009,1.940033853762923E-002,
1.749787701081081E+009,2.016882563110059E-002,
1.754772566326326E+009,2.149733076049952E-002,
1.759757431571572E+009,2.407544148675627E-002,
1.764742296816817E+009,2.580903439547468E-002,
1.769727162062062E+009,2.727581036665741E-002,
1.774712027307307E+009,2.771350166546334E-002,
1.779696892552553E+009,2.722872056639537E-002,
1.784681757797798E+009,2.645319448744215E-002,
1.789666623043043E+009,2.521381944828207E-002,
1.794651488288288E+009,2.466499687078687E-002,
1.799636353533534E+009,2.509757559876436E-002,
1.804621218778779E+009,2.549989233005845E-002,
1.809606084024024E+009,2.566101083570826E-002,
1.814590949269269E+009,2.559951430378954E-002,
1.819575814514514E+009,2.536389624581493E-002,
1.824560679759760E+009,2.459808610465109E-002,
1.829545545005005E+009,2.340333094311685E-002,
1.834530410250250E+009,2.291999409036659E-002,
1.839515275495496E+009,2.241041338080776E-002,
1.844500140740741E+009,2.171813937611234E-002,
1.849485005985986E+009,2.076488560815279E-002,
1.854469871231231E+009,2.091290256562594E-002,
1.859454736476476E+009,2.134257553023378E-002,
1.864439601721722E+009,2.210164670431279E-002,
1.869424466966967E+009,2.285060610601112E-002,
1.874409332212212E+009,2.387091837690189E-002,
1.879394197457458E+009,2.354526957235647E-002,
1.884379062702703E+009,2.316847997750002E-002,
1.889363927947948E+009,2.276485385403912E-002,
1.894348793193193E+009,2.295381555577910E-002,
1.899333658438438E+009,2.334704612561616E-002,
1.904318523683684E+009,2.433409568604097E-002,
1.909303388928929E+009,2.531311621572115E-002,
1.914288254174174E+009,2.585984666916951E-002,
1.919273119419420E+009,2.693021933799656E-002,
1.924257984664665E+009,2.811969998139400E-002,
1.929242849909910E+009,2.931731988601348E-002,
1.934227715155155E+009,3.085773411266547E-002,
1.939212580400400E+009,3.166043841612706E-002,
1.944197445645646E+009,3.158248898022063E-002,
1.949182310890891E+009,3.150372245626897E-002,
1.954167176136136E+009,3.204436277764543E-002,
1.959152041381382E+009,3.168807528439055E-002,
1.964136906626627E+009,3.191827732879975E-002,
1.969121771871872E+009,3.208048852788104E-002,
1.974106637117117E+009,3.188902961887736E-002,
1.979091502362362E+009,3.149224989544747E-002,
1.984076367607608E+009,3.116293649120742E-002,
1.989061232852853E+009,3.110711775244585E-002,
1.994046098098098E+009,3.076548027336890E-002,
1.999030963343343E+009,3.027889169350292E-002,
2.004015828588589E+009,2.995469751526728E-002,
2.009000693833834E+009,2.983596321967202E-002,
2.013985559079079E+009,2.932130170769641E-002,
2.018970424324324E+009,2.896610778154578E-002,
2.023955289569570E+009,2.757705631183860E-002,
2.028940154814815E+009,2.709921448905991E-002,
2.033925020060060E+009,2.710153200354786E-002,
2.038909885305305E+009,2.712239841114836E-002,
2.043894750550551E+009,2.646802992137368E-002,
2.048879615795796E+009,2.573472245197248E-002,
2.053864481041041E+009,2.511181861082118E-002,
2.058849346286286E+009,2.460684688549406E-002,
2.063834211531532E+009,2.364161749410881E-002,
2.068819076776777E+009,2.321689792177521E-002,
2.073803942022022E+009,2.326402418736366E-002,
2.078788807267267E+009,2.242087032768059E-002,
2.083773672512512E+009,2.191672951923966E-002,
2.088758537757758E+009,2.102365939007930E-002,
2.093743403003003E+009,1.991800228867513E-002,
2.098728268248248E+009,1.813825361743376E-002,
2.103713133493494E+009,1.720659496471453E-002,
2.108697998738739E+009,1.587735353418716E-002,
2.113682863983984E+009,1.552615672786202E-002,
2.118667729229229E+009,1.468318075119071E-002,
2.123652594474474E+009,1.453916291238347E-002,
2.128637459719720E+009,1.436116670908538E-002,
2.133622324964965E+009,1.355002171306234E-002,
2.138607190210210E+009,1.300215225270819E-002,
2.143592055455456E+009,1.177942649798512E-002,
2.148576920700701E+009,1.073219807545466E-002,
2.153561785945946E+009,9.622585372844082E-003,
2.158546651191191E+009,8.256075381081805E-003,
2.163531516436437E+009,7.081371686937794E-003,
2.168516381681682E+009,6.437847620133795E-003,
2.173501246926927E+009,5.840383228096182E-003,
2.178486112172172E+009,5.850868976223706E-003,
2.183470977417418E+009,6.109638761004147E-003,
2.188455842662663E+009,6.419605864544377E-003,
2.193440707907908E+009,6.789420374711482E-003,
2.198425573153153E+009,7.182921792233744E-003,
2.203410438398398E+009,7.681694041132402E-003,
2.208395303643644E+009,8.038987325859412E-003,
2.213380168888889E+009,8.522826583257551E-003,
2.218365034134134E+009,9.066331223790783E-003,
2.223349899379379E+009,9.879586321668752E-003,
2.228334764624625E+009,1.036460492984651E-002,
2.233319629869870E+009,1.090639205386699E-002,
2.238304495115115E+009,1.129132644362031E-002,
2.243289360360360E+009,1.190492001776016E-002,
2.248274225605606E+009,1.198368118946183E-002,
2.253259090850851E+009,1.150932092337544E-002,
2.258243956096096E+009,1.179521985211717E-002,
2.263228821341342E+009,1.162214690549877E-002,
2.268213686586587E+009,1.174180787435679E-002,
2.273198551831832E+009,1.165168082965276E-002,
2.278183417077077E+009,1.234039387734485E-002,
2.283168282322322E+009,1.291454056241525E-002,
2.288153147567567E+009,1.375689867582172E-002,
2.293138012812813E+009,1.428229432690513E-002,
2.298122878058058E+009,1.580743085363269E-002,
2.303107743303303E+009,1.735940570074419E-002,
2.308092608548549E+009,1.886439329808344E-002,
2.313077473793794E+009,2.041077684751306E-002,
2.318062339039039E+009,2.203091705577480E-002,
2.323047204284284E+009,2.352806619015298E-002,
2.328032069529530E+009,2.473491795653220E-002,
2.333016934774775E+009,2.544498968443897E-002,
2.338001800020020E+009,2.623425983766290E-002,
2.342986665265266E+009,2.677494553039799E-002,
2.347971530510510E+009,2.728433684062008E-002,
2.352956395755756E+009,2.762730031263996E-002,
2.357941261001001E+009,2.800448697467510E-002,
2.362926126246246E+009,2.810958351980609E-002,
2.367910991491491E+009,2.848466201769515E-002,
2.372895856736737E+009,2.860627231181144E-002,
2.377880721981982E+009,2.857367586258041E-002,
2.382865587227227E+009,2.851991417314950E-002,
2.387850452472473E+009,2.866349966338232E-002,
2.392835317717718E+009,2.936137481948014E-002,
2.397820182962963E+009,3.027227278684186E-002,
2.402805048208208E+009,3.075757729461623E-002,
2.407789913453454E+009,3.108158215459271E-002,
2.412774778698699E+009,3.056786276490048E-002,
2.417759643943944E+009,3.053818799104519E-002,
2.422744509189189E+009,3.050816394161742E-002,
2.427729374434434E+009,3.088863783607718E-002,
2.432714239679680E+009,3.018020077123618E-002,
2.437699104924925E+009,2.971418297661365E-002,
2.442683970170170E+009,2.905067994999502E-002,
2.447668835415415E+009,2.816079776149176E-002,
2.452653700660661E+009,2.732421564294249E-002,
2.457638565905906E+009,2.742019996376344E-002,
2.462623431151151E+009,2.699423419212841E-002,
2.467608296396397E+009,2.638548198334548E-002,
2.472593161641642E+009,2.592198006690248E-002,
2.477578026886887E+009,2.446329009968916E-002,
2.482562892132132E+009,2.394467298039507E-002,
2.487547757377378E+009,2.292077801201465E-002,
2.492532622622623E+009,2.233534589792991E-002,
2.497517487867868E+009,2.244007351659025E-002,
2.502502353113113E+009,2.206790930402168E-002,
2.507487218358358E+009,2.293460915304960E-002,
2.512472083603604E+009,2.343288665811998E-002,
2.517456948848849E+009,2.395702131611969E-002,
2.522441814094094E+009,2.416043545125064E-002,
2.527426679339339E+009,2.399215258609646E-002,
2.532411544584585E+009,2.393622561864840E-002,
2.537396409829830E+009,2.381409654040012E-002,
2.542381275075075E+009,2.371596153382008E-002,
2.547366140320320E+009,2.264018932412645E-002,
2.552351005565566E+009,2.212996569704438E-002,
2.557335870810811E+009,2.171113295852873E-002,
2.562320736056056E+009,2.151676353974120E-002,
2.567305601301302E+009,2.100183893872873E-002,
2.572290466546547E+009,2.106665806621444E-002,
2.577275331791792E+009,2.118015687380446E-002,
2.582260197037037E+009,2.151594033400900E-002,
2.587245062282282E+009,2.140741021068523E-002,
2.592229927527527E+009,2.177902809961228E-002,
2.597214792772773E+009,2.210276719069801E-002,
2.602199658018018E+009,2.271540600663802E-002,
2.607184523263263E+009,2.324952915567997E-002,
2.612169388508509E+009,2.431025824861103E-002,
2.617154253753754E+009,2.531451077352838E-002,
2.622139118998999E+009,2.676237711326541E-002,
2.627123984244244E+009,2.786634561290902E-002,
2.632108849489490E+009,2.925544485163713E-002,
2.637093714734735E+009,2.981849089941242E-002,
2.642078579979980E+009,3.108009623644295E-002,
2.647063445225225E+009,3.134585562388353E-002,
2.652048310470470E+009,3.089587710418561E-002,
2.657033175715716E+009,3.095846925657767E-002,
2.662018040960961E+009,3.097713103010632E-002,
2.667002906206206E+009,3.137519129817368E-002,
2.671987771451451E+009,3.131104622560924E-002,
2.676972636696697E+009,3.125733288032312E-002,
2.681957501941942E+009,3.132740380595868E-002,
2.686942367187187E+009,3.143709103781327E-002,
2.691927232432433E+009,3.149695581906102E-002,
2.696912097677678E+009,3.193589058055874E-002,
2.701896962922923E+009,3.224893123430800E-002,
2.706881828168168E+009,3.220716834407048E-002,
2.711866693413414E+009,3.232411890733456E-002,
2.716851558658659E+009,3.198071327067559E-002,
2.721836423903904E+009,3.250194193968033E-002,
2.726821289149149E+009,3.235823262419864E-002,
2.731806154394394E+009,3.336687845438544E-002,
2.736791019639640E+009,3.234563181762008E-002,
2.741775884884885E+009,3.186621175492109E-002,
2.746760750130130E+009,3.212564800891144E-002,
2.751745615375375E+009,3.190109475034039E-002,
2.756730480620621E+009,3.206017682998413E-002,
2.761715345865866E+009,3.234299565719487E-002,
2.766700211111111E+009,3.295768380566429E-002,
2.771685076356356E+009,3.331876093106957E-002,
2.776669941601602E+009,3.444271501168388E-002,
2.781654806846847E+009,3.479700186601831E-002,
2.786639672092092E+009,3.612773263389858E-002,
2.791624537337338E+009,3.638656154898941E-002,
2.796609402582583E+009,3.675929087317809E-002,
2.801594267827828E+009,3.658723217728715E-002,
2.806579133073073E+009,3.593195686382006E-002,
2.811563998318318E+009,3.554811285396248E-002,
2.816548863563564E+009,3.499999744663434E-002,
2.821533728808809E+009,3.500941673864031E-002,
2.826518594054054E+009,3.501602800628310E-002,
2.831503459299299E+009,3.485679859811466E-002,
2.836488324544545E+009,3.539061820655565E-002,
2.841473189789790E+009,3.573754025577708E-002,
2.846458055035035E+009,3.598637652470198E-002,
2.851442920280280E+009,3.662971952473675E-002,
2.856427785525526E+009,3.598204911081868E-002,
2.861412650770771E+009,3.546253878810553E-002,
2.866397516016016E+009,3.495016347397362E-002,
2.871382381261262E+009,3.475223355032546E-002,
2.876367246506506E+009,3.330987719507911E-002,
2.881352111751752E+009,3.239104538124510E-002,
2.886336976996997E+009,3.083768540487511E-002,
2.891321842242242E+009,2.943403162809832E-002,
2.896306707487487E+009,2.846068962063884E-002,
2.901291572732733E+009,2.720780269079151E-002,
2.906276437977978E+009,2.632586579585539E-002,
2.911261303223223E+009,2.516717007494875E-002,
2.916246168468469E+009,2.536991439763936E-002,
2.921231033713714E+009,2.455235480139156E-002,
2.926215898958959E+009,2.444130208110062E-002,
2.931200764204204E+009,2.411518564280609E-002,
2.936185629449450E+009,2.410661568996306E-002,
2.941170494694695E+009,2.345646236992094E-002,
2.946155359939940E+009,2.437597968569747E-002,
2.951140225185185E+009,2.426423885989919E-002,
2.956125090430430E+009,2.419789363516943E-002,
2.961109955675676E+009,2.503199983648842E-002,
2.966094820920921E+009,2.430790398948447E-002,
2.971079686166166E+009,2.267516623436645E-002,
2.976064551411411E+009,2.288241846692671E-002,
2.981049416656657E+009,2.147273925085506E-002,
2.986034281901902E+009,2.042300532892960E-002,
2.991019147147147E+009,1.993158492754131E-002,
2.996004012392393E+009,1.825263020630827E-002,
3.000988877637638E+009,1.728601791959908E-002,
3.005973742882883E+009,1.613209217720207E-002,
3.010958608128128E+009,1.556693691568059E-002,
3.015943473373374E+009,1.434709154664857E-002,
3.020928338618619E+009,1.369957714814535E-002,
3.025913203863864E+009,1.277995451314946E-002,
3.030898069109109E+009,1.201089941226671E-002,
3.035882934354354E+009,1.235348822748757E-002,
3.040867799599600E+009,1.117577304164245E-002,
3.045852664844845E+009,1.057508750806772E-002,
3.050837530090090E+009,9.298569846912528E-003,
3.055822395335335E+009,9.130617008668527E-003,
3.060807260580581E+009,8.612790100846266E-003,
3.065792125825826E+009,8.021050432586699E-003,
3.070776991071071E+009,7.473194973176954E-003,
3.075761856316316E+009,6.957251935077149E-003,
3.080746721561562E+009,6.286680254793881E-003,
3.085731586806807E+009,5.468006360547000E-003,
3.090716452052052E+009,4.756891777617301E-003,
3.095701317297298E+009,4.065132193456195E-003,
3.100686182542543E+009,3.423052976869179E-003,
3.105671047787788E+009,2.793259961381481E-003,
3.110655913033033E+009,2.417232704721978E-003,
3.115640778278278E+009,2.138843898182183E-003,
3.120625643523523E+009,2.060541500788828E-003,
3.125610508768769E+009,2.217730182722638E-003,
3.130595374014014E+009,2.422960790679526E-003,
3.135580239259259E+009,2.577478382152518E-003,
3.140565104504505E+009,2.905859011811710E-003,
3.145549969749750E+009,3.383841116313781E-003,
3.150534834994995E+009,3.813942078178034E-003,
3.155519700240240E+009,4.253296454533775E-003,
3.160504565485486E+009,4.774003000414753E-003,
3.165489430730731E+009,5.333669955418109E-003,
3.170474295975976E+009,5.752909546091517E-003,
3.175459161221221E+009,6.065142600116425E-003,
3.180444026466466E+009,6.432133863934638E-003,
3.185428891711712E+009,6.989224687328567E-003,
3.190413756956957E+009,7.579105391841121E-003,
3.195398622202202E+009,8.043166816562287E-003,
3.200383487447447E+009,8.568924425218274E-003,
3.205368352692693E+009,8.865677445429040E-003,
3.210353217937938E+009,9.180358921727324E-003,
3.215338083183183E+009,9.517459634410920E-003,
3.220322948428429E+009,9.873300443435968E-003,
3.225307813673674E+009,1.012628386931593E-002,
3.230292678918919E+009,1.044429688337003E-002,
3.235277544164164E+009,1.086118392431842E-002,
3.240262409409410E+009,1.117474045175302E-002,
3.245247274654655E+009,1.150407433491723E-002,
3.250232139899900E+009,1.188717814991100E-002,
3.255217005145145E+009,1.223481103745252E-002,
3.260201870390390E+009,1.272007428222970E-002,
3.265186735635636E+009,1.304820374364918E-002,
3.270171600880881E+009,1.312799139472187E-002,
3.275156466126126E+009,1.303539644764033E-002,
3.280141331371371E+009,1.282218599172336E-002,
3.285126196616617E+009,1.255940578880870E-002,
3.290111061861862E+009,1.234180853711551E-002,
3.295095927107107E+009,1.215399190140507E-002,
3.300080792352352E+009,1.196305340574452E-002,
3.305065657597598E+009,1.177674725175586E-002,
3.310050522842843E+009,1.160162307935908E-002,
3.315035388088088E+009,1.156441284152397E-002,
3.320020253333334E+009,1.151860269009795E-002,
3.325005118578579E+009,1.152273662970384E-002,
3.329989983823824E+009,1.137730254994434E-002,
3.334974849069069E+009,1.123500527641946E-002,
3.339959714314314E+009,1.112522639812341E-002,
3.344944579559560E+009,1.093367693714054E-002,
3.349929444804805E+009,1.098507506733723E-002,
3.354914310050050E+009,1.101712458968986E-002,
3.359899175295295E+009,1.136642879152757E-002,
3.364884040540541E+009,1.146959311184550E-002,
3.369868905785786E+009,1.178437242586551E-002,
3.374853771031031E+009,1.192299054484894E-002,
3.379838636276276E+009,1.209100464697752E-002,
3.384823501521522E+009,1.226823226694616E-002,
3.389808366766767E+009,1.225460047741163E-002,
3.394793232012012E+009,1.210282274566238E-002,
3.399778097257258E+009,1.209204102892503E-002,
3.404762962502502E+009,1.187641670588834E-002,
3.409747827747748E+009,1.166985310046133E-002,
3.414732692992993E+009,1.147210794137586E-002,
3.419717558238238E+009,1.126407792561703E-002,
3.424702423483483E+009,1.112579510603897E-002,
3.429687288728729E+009,1.090476086106857E-002,
3.434672153973974E+009,1.068507480626486E-002,
3.439657019219219E+009,1.026451202536569E-002,
3.444641884464465E+009,9.838388215950629E-003,
3.449626749709710E+009,9.119634356169862E-003,
3.454611614954955E+009,8.653261433930665E-003,
3.459596480200200E+009,8.211086977380403E-003,
3.464581345445446E+009,7.827986699635428E-003,
3.469566210690691E+009,7.323805390273106E-003,
3.474551075935936E+009,6.985350951682457E-003,
3.479535941181181E+009,6.529399987109295E-003,
3.484520806426426E+009,6.175416474020245E-003,
3.489505671671672E+009,5.914894850958280E-003,
3.494490536916917E+009,5.607625055683992E-003,
3.499475402162162E+009,5.233015619600740E-003,
3.504460267407407E+009,4.940802672658584E-003,
3.509445132652653E+009,4.760699682727989E-003,
3.514429997897898E+009,4.935733288087763E-003,
3.519414863143143E+009,5.145808443437144E-003,
3.524399728388389E+009,5.376394396538971E-003,
3.529384593633634E+009,5.514465579430674E-003,
3.534369458878879E+009,6.114104803588899E-003,
3.539354324124124E+009,6.674963830128583E-003,
3.544339189369370E+009,7.002982571465998E-003,
3.549324054614615E+009,7.440533837674805E-003,
3.554308919859860E+009,7.915058883129321E-003,
3.559293785105105E+009,8.416595129439266E-003,
3.564278650350350E+009,8.975326545852562E-003,
3.569263515595596E+009,9.632483151798375E-003,
3.574248380840841E+009,1.036329717545807E-002,
3.579233246086086E+009,1.089764137315231E-002,
3.584218111331331E+009,1.142477408438714E-002,
3.589202976576577E+009,1.183217909005204E-002,
3.594187841821822E+009,1.212857428957834E-002,
3.599172707067067E+009,1.247822740105061E-002,
3.604157572312312E+009,1.279964312856889E-002,
3.609142437557558E+009,1.298349911966278E-002,
3.614127302802803E+009,1.296893021763050E-002,
3.619112168048048E+009,1.306709389325362E-002,
3.624097033293294E+009,1.304275745748954E-002,
3.629081898538539E+009,1.299218054507638E-002,
3.634066763783784E+009,1.295606692789800E-002,
3.639051629029029E+009,1.288779439898762E-002,
3.644036494274274E+009,1.296477767593954E-002,
3.649021359519519E+009,1.298596167049248E-002,
3.654006224764765E+009,1.329510384411479E-002,
3.658991090010010E+009,1.360293703127212E-002,
3.663975955255255E+009,1.396024977387106E-002,
3.668960820500501E+009,1.441963985530099E-002,
3.673945685745746E+009,1.517116193556546E-002,
3.678930550990991E+009,1.582138814391210E-002,
3.683915416236236E+009,1.663459077618000E-002,
3.688900281481482E+009,1.745194836434783E-002,
3.693885146726727E+009,1.830706055327323E-002,
3.698870011971972E+009,1.935628684710491E-002,
3.703854877217217E+009,2.028937640922075E-002,
3.708839742462462E+009,2.028063549336333E-002,
3.713824607707708E+009,2.050191693662734E-002,
3.718809472952953E+009,2.008435142464421E-002,
3.723794338198198E+009,2.080356348098889E-002,
3.728779203443443E+009,2.129835309953755E-002,
3.733764068688689E+009,1.984932327486541E-002,
3.738748933933934E+009,2.045085318682077E-002,
3.743733799179179E+009,2.095065957963580E-002,
3.748718664424425E+009,2.098893817468546E-002,
3.753703529669670E+009,2.120057266204834E-002,
3.758688394914915E+009,2.093839541561273E-002,
3.763673260160160E+009,2.089831631926304E-002,
3.768658125405406E+009,2.151987819480728E-002,
3.773642990650651E+009,2.212264208192944E-002,
3.778627855895896E+009,2.161376725814904E-002,
3.783612721141141E+009,2.158577453081535E-002,
3.788597586386386E+009,2.148581310448702E-002,
3.793582451631632E+009,2.197741223371055E-002,
3.798567316876877E+009,2.147055238681751E-002,
3.803552182122122E+009,2.129455147927370E-002,
3.808537047367367E+009,2.104732670246952E-002,
3.813521912612613E+009,2.104016341616609E-002,
3.818506777857858E+009,2.058189127593921E-002,
3.823491643103103E+009,1.998332022381118E-002,
3.828476508348349E+009,2.094688949993510E-002,
3.833461373593594E+009,2.091430204266355E-002,
3.838446238838839E+009,1.993108112061351E-002,
3.843431104084084E+009,2.017598892769198E-002,
3.848415969329330E+009,2.001408699594728E-002,
3.853400834574575E+009,2.005329714724837E-002,
3.858385699819820E+009,1.961427714976913E-002,
3.863370565065065E+009,2.032594295345160E-002,
3.868355430310310E+009,2.020467286640683E-002,
3.873340295555556E+009,2.031585367221916E-002,
3.878325160800801E+009,2.044275802691408E-002,
3.883310026046046E+009,2.001155378283510E-002,
3.888294891291291E+009,1.927880124618626E-002,
3.893279756536537E+009,1.955561351722290E-002,
3.898264621781782E+009,1.968197658520848E-002,
3.903249487027027E+009,1.924423736000389E-002,
3.908234352272272E+009,1.988995449713212E-002,
3.913219217517518E+009,1.888523309344049E-002,
3.918204082762763E+009,1.913788913271134E-002,
3.923188948008008E+009,1.848130253743190E-002,
3.928173813253254E+009,1.726651470119343E-002,
3.933158678498498E+009,1.792637489424148E-002,
3.938143543743744E+009,1.725036672397259E-002,
3.943128408988989E+009,1.675132689844735E-002,
3.948113274234234E+009,1.655050488022893E-002,
3.953098139479479E+009,1.666376152782418E-002,
3.958083004724725E+009,1.670504472643609E-002,
3.963067869969970E+009,1.662715301829166E-002,
3.968052735215215E+009,1.711605398500430E-002,
3.973037600460461E+009,1.724796036958446E-002,
3.978022465705706E+009,1.739160523712131E-002,
3.983007330950951E+009,1.693672623792112E-002,
3.987992196196196E+009,1.743655911261239E-002,
3.992977061441442E+009,1.609369736451581E-002,
3.997961926686687E+009,1.496124079647716E-002,
4.002946791931932E+009,1.571441451421946E-002,
4.007931657177177E+009,1.473101189244820E-002,
4.012916522422422E+009,1.437483811489911E-002,
4.017901387667668E+009,1.434435438137845E-002,
4.022886252912913E+009,1.400720080232191E-002,
4.027871118158158E+009,1.397086342059239E-002,
4.032855983403403E+009,1.406047126720568E-002,
4.037840848648649E+009,1.410480024990751E-002,
4.042825713893894E+009,1.428552505613229E-002,
4.047810579139139E+009,1.447403152679162E-002,
4.052795444384385E+009,1.457913800737852E-002,
4.057780309629630E+009,1.477237819293924E-002,
4.062765174874875E+009,1.492575232628875E-002,
4.067750040120120E+009,1.510596501411342E-002,
4.072734905365366E+009,1.495672519310234E-002,
4.077719770610611E+009,1.469581292882158E-002,
4.082704635855856E+009,1.440130254938167E-002,
4.087689501101101E+009,1.403310040945087E-002,
4.092674366346346E+009,1.365480249939980E-002,
4.097659231591592E+009,1.322544399367230E-002,
4.102644096836837E+009,1.272926031776312E-002,
4.107628962082082E+009,1.233679438065882E-002,
4.112613827327327E+009,1.187230287044407E-002,
4.117598692572573E+009,1.144456516420606E-002,
4.122583557817818E+009,1.111115245776879E-002,
4.127568423063063E+009,1.080857276290905E-002,
4.132553288308308E+009,1.069414384158520E-002,
4.137538153553554E+009,1.060050146717432E-002,
4.142523018798799E+009,1.066478830441674E-002,
4.147507884044044E+009,1.071145540629946E-002,
4.152492749289290E+009,1.089616788697830E-002,
4.157477614534535E+009,1.111768576020679E-002,
4.162462479779780E+009,1.127567560121502E-002,
4.167447345025025E+009,1.130528692111419E-002,
4.172432210270270E+009,1.143566906845945E-002,
4.177417075515515E+009,1.142588967082982E-002,
4.182401940760761E+009,1.141214647264553E-002,
4.187386806006006E+009,1.126392342201482E-002,
4.192371671251251E+009,1.103030899471418E-002,
4.197356536496497E+009,1.071270470053121E-002,
4.202341401741742E+009,1.045648217922758E-002,
4.207326266986987E+009,1.007790121416292E-002,
4.212311132232232E+009,9.601113510014511E-003,
4.217295997477478E+009,9.363743296011565E-003,
4.222280862722723E+009,9.042998563412315E-003,
4.227265727967968E+009,8.816717213442111E-003,
4.232250593213213E+009,8.707341941610765E-003,
4.237235458458458E+009,8.626531775728134E-003,
4.242220323703704E+009,8.466748760662864E-003,
4.247205188948949E+009,8.241858603181345E-003,
4.252190054194194E+009,8.296010492727534E-003,
4.257174919439439E+009,8.324450125301848E-003,
4.262159784684685E+009,8.293513868112102E-003,
4.267144649929930E+009,8.431126622035929E-003,
4.272129515175175E+009,8.227180850271720E-003,
4.277114380420421E+009,8.101117292261121E-003,
4.282099245665666E+009,7.877885085010299E-003,
4.287084110910911E+009,7.536720661299556E-003,
4.292068976156156E+009,7.186147140659498E-003,
4.297053841401402E+009,6.839743901311802E-003,
4.302038706646647E+009,6.281791598907673E-003,
4.307023571891892E+009,6.070807075813128E-003,
4.312008437137137E+009,5.840040933542145E-003,
4.316993302382382E+009,5.634218649586558E-003,
4.321978167627627E+009,5.595653762906305E-003,
4.326963032872873E+009,5.454391110168623E-003,
4.331947898118118E+009,5.275544294663680E-003,
4.336932763363363E+009,5.298185997073480E-003,
4.341917628608608E+009,5.302097470438974E-003,
4.346902493853854E+009,5.426822001143866E-003,
4.351887359099099E+009,5.608736730858475E-003,
4.356872224344344E+009,5.895417801772900E-003,
4.361857089589590E+009,6.207762555562471E-003,
4.366841954834835E+009,6.420667132709824E-003,
4.371826820080080E+009,6.679515317243779E-003,
4.376811685325325E+009,6.996283805810519E-003,
4.381796550570571E+009,7.241872126596563E-003,
4.386781415815816E+009,7.531237292390971E-003,
4.391766281061061E+009,7.686883903201837E-003,
4.396751146306306E+009,7.958097789468490E-003,
4.401736011551552E+009,7.897291268485958E-003,
4.406720876796797E+009,7.882748104919353E-003,
4.411705742042042E+009,7.879485751548142E-003,
4.416690607287288E+009,7.886947090437253E-003,
4.421675472532533E+009,7.812043688673109E-003,
4.426660337777778E+009,7.802414558476441E-003,
4.431645203023023E+009,7.664818094134172E-003,
4.436630068268269E+009,7.541680184004648E-003,
4.441614933513514E+009,7.381951779406163E-003,
4.446599798758759E+009,7.343534076458856E-003,
4.451584664004005E+009,7.228907315015327E-003,
4.456569529249250E+009,7.115156242420059E-003,
4.461554394494494E+009,7.093192345057766E-003,
4.466539259739739E+009,7.212714412929508E-003,
4.471524124984985E+009,7.322559530675396E-003,
4.476508990230230E+009,7.483572568803070E-003,
4.481493855475475E+009,7.682106283642089E-003,
4.486478720720720E+009,7.868762787973761E-003,
4.491463585965966E+009,8.056682725663683E-003,
4.496448451211211E+009,8.369021234942544E-003,
4.501433316456456E+009,8.589140869783846E-003,
4.506418181701702E+009,8.742175222387140E-003,
4.511403046946947E+009,8.767956492807134E-003,
4.516387912192192E+009,8.824161530467049E-003,
4.521372777437437E+009,8.684115831074996E-003,
4.526357642682683E+009,8.546908867573224E-003,
4.531342507927928E+009,8.339226426879754E-003,
4.536327373173173E+009,7.908181520038225E-003,
4.541312238418419E+009,7.623118603608586E-003,
4.546297103663664E+009,7.158201016385838E-003,
4.551281968908909E+009,6.902331820008836E-003,
4.556266834154154E+009,6.744302863678288E-003,
4.561251699399400E+009,6.622872847751824E-003,
4.566236564644645E+009,6.502849966535449E-003,
4.571221429889890E+009,6.545225403315555E-003,
4.576206295135135E+009,6.572657926846463E-003,
4.581191160380381E+009,6.672771273455397E-003,
4.586176025625626E+009,6.766276056925657E-003,
4.591160890870871E+009,6.974808234743981E-003,
4.596145756116117E+009,7.180414694714528E-003,
4.601130621361362E+009,7.258234992558232E-003,
4.606115486606607E+009,7.340698540411835E-003,
4.611100351851852E+009,7.110619796073520E-003,
4.616085217097097E+009,6.800107853939779E-003,
4.621070082342342E+009,6.436595787891696E-003,
4.626054947587587E+009,5.848778019716078E-003,
4.631039812832833E+009,5.429360346448057E-003,
4.636024678078078E+009,4.936180798172494E-003,
4.641009543323323E+009,4.603410432304545E-003,
4.645994408568568E+009,4.257324006214227E-003,
4.650979273813814E+009,3.983932761785703E-003,
4.655964139059059E+009,3.898644196503694E-003,
4.660949004304304E+009,3.846013243223104E-003,
4.665933869549550E+009,3.765879663530621E-003,
4.670918734794795E+009,3.658290805903729E-003,
4.675903600040040E+009,3.635241618093366E-003,
4.680888465285285E+009,3.514481530453896E-003,
4.685873330530531E+009,3.408901825080047E-003,
4.690858195775776E+009,3.486760903464570E-003,
4.695843061021021E+009,3.612837511530188E-003,
4.700827926266266E+009,3.589445488566797E-003,
4.705812791511512E+009,3.576034521962616E-003,
4.710797656756757E+009,3.623761240878592E-003,
4.715782522002002E+009,3.551584847471471E-003,
4.720767387247248E+009,3.543054879711919E-003,
4.725752252492493E+009,3.486644593588037E-003,
4.730737117737738E+009,3.521187923937556E-003,
4.735721982982983E+009,3.586663956265801E-003,
4.740706848228229E+009,3.692676617468343E-003,
4.745691713473474E+009,3.757801463132934E-003,
4.750676578718719E+009,3.928410385996200E-003,
4.755661443963965E+009,4.056969751386970E-003,
4.760646309209209E+009,4.190076892189256E-003,
4.765631174454454E+009,4.236549273915320E-003,
4.770616039699699E+009,4.369317581196251E-003,
4.775600904944945E+009,4.427227304831419E-003,
4.780585770190190E+009,4.647417019000114E-003,
4.785570635435435E+009,4.947221004381002E-003,
4.790555500680680E+009,5.190449273686768E-003,
4.795540365925926E+009,5.539141382976794E-003,
4.800525231171171E+009,5.996085407837224E-003,
4.805510096416416E+009,6.424370883448230E-003,
4.810494961661662E+009,6.741869051722191E-003,
4.815479826906907E+009,7.074590974000257E-003,
4.820464692152152E+009,7.272720411960201E-003,
4.825449557397397E+009,7.346367850359023E-003,
4.830434422642643E+009,7.234354535477354E-003,
4.835419287887888E+009,7.090332277813870E-003,
4.840404153133133E+009,6.970668987656852E-003,
4.845389018378379E+009,6.930164977439895E-003,
4.850373883623624E+009,6.774128331091313E-003,
4.855358748868869E+009,6.590398613157789E-003,
4.860343614114114E+009,6.486944880330509E-003,
4.865328479359360E+009,6.491765034228348E-003,
4.870313344604605E+009,6.486761211302720E-003,
4.875298209849850E+009,6.491620186123483E-003,
4.880283075095095E+009,6.555490602306397E-003,
4.885267940340341E+009,6.816933690392758E-003,
4.890252805585586E+009,6.973993876276731E-003,
4.895237670830831E+009,7.287937388385258E-003,
4.900222536076077E+009,7.506959843475800E-003,
4.905207401321322E+009,7.703568447725719E-003,
4.910192266566567E+009,7.978357290088559E-003,
4.915177131811811E+009,8.084622608072214E-003,
4.920161997057057E+009,8.183717981014181E-003,
4.925146862302302E+009,8.138285071235474E-003,
4.930131727547547E+009,7.966735455640844E-003,
4.935116592792793E+009,7.853930127370444E-003,
4.940101458038038E+009,7.727735837958136E-003,
4.945086323283283E+009,7.559944854390574E-003,
4.950071188528528E+009,7.422686683952137E-003,
4.955056053773774E+009,7.321868751835390E-003,
4.960040919019019E+009,7.223494145340236E-003,
4.965025784264264E+009,7.171282931862901E-003,
4.970010649509509E+009,7.101271954057589E-003,
4.974995514754755E+009,7.133351556305561E-003,
4.979980380000000E+009,7.128076403579709E-003,
