% Version 1.00
%
% Ref Impedances: Z01: 50, Z02: 50
% 
%freq[Hz];Trc1_S21[U];
1.000000000000000E+005,3.782924623186076E-005,
5.084865245245245E+006,3.565286420443430E-004,
1.006973049049049E+007,1.066160713543971E-003,
1.505459573573574E+007,1.952747874543814E-003,
2.003946098098098E+007,2.445966323273008E-003,
2.502432622622623E+007,3.457722877185771E-003,
3.000919147147147E+007,4.784944644038121E-003,
3.499405671671671E+007,8.290541164445615E-003,
3.997892196196196E+007,1.527587722543240E-002,
4.496378720720721E+007,4.712956077809535E-002,
4.994865245245245E+007,6.223625830540484E-002,
5.493351769769770E+007,2.893207393432922E-002,
5.991838294294295E+007,2.384801547507030E-002,
6.490324818818819E+007,1.654600875254338E-002,
6.988811343343343E+007,1.254857160692632E-002,
7.487297867867868E+007,1.001304709410379E-002,
7.985784392392393E+007,8.776814881447643E-003,
8.484270916916917E+007,9.005042029727359E-003,
8.982757441441442E+007,9.405000315292600E-003,
9.481243965965965E+007,1.002642417281871E-002,
9.979730490490490E+007,1.116513003012336E-002,
1.047821701501502E+008,1.273909627846300E-002,
1.097670353953954E+008,1.482465116307412E-002,
1.147519006406407E+008,1.677687788997000E-002,
1.197367658858859E+008,1.979066667378062E-002,
1.247216311311311E+008,2.374827179147938E-002,
1.297064963763764E+008,2.880403833877738E-002,
1.346913616216216E+008,3.697264163417840E-002,
1.396762268668669E+008,4.994093377880865E-002,
1.446610921121121E+008,7.300262160392143E-002,
1.496459573573574E+008,1.214266236458918E-001,
1.546308226026026E+008,1.831034766989861E-001,
1.596156878478479E+008,1.417165066819529E-001,
1.646005530930931E+008,1.044326662750547E-001,
1.695854183383384E+008,8.423243750243015E-002,
1.745702835835836E+008,6.014873737804853E-002,
1.795551488288288E+008,3.658633462652352E-002,
1.845400140740741E+008,2.314473909620434E-002,
1.895248793193193E+008,1.661801806576815E-002,
1.945097445645646E+008,1.284448908526289E-002,
1.994946098098098E+008,1.073444249037410E-002,
2.044794750550551E+008,8.617523018733331E-003,
2.094643403003003E+008,7.092267335714602E-003,
2.144492055455456E+008,5.506309805530700E-003,
2.194340707907908E+008,4.798619791982816E-003,
2.244189360360360E+008,4.802646479079726E-003,
2.294038012812813E+008,5.715545516580407E-003,
2.343886665265265E+008,7.565247403006373E-003,
2.393735317717718E+008,1.035599107914746E-002,
2.443583970170170E+008,1.345839119585534E-002,
2.493432622622623E+008,1.874328863724094E-002,
2.543281275075075E+008,2.604041261162441E-002,
2.593129927527528E+008,3.779402911672169E-002,
2.642978579979980E+008,5.714356551989707E-002,
2.692827232432432E+008,9.340315011410316E-002,
2.742675884884885E+008,1.713754465731038E-001,
2.792524537337337E+008,2.213472734322727E-001,
2.842373189789790E+008,1.341897380504693E-001,
2.892221842242242E+008,8.753277967291691E-002,
2.942070494694695E+008,6.493113894782646E-002,
2.991919147147147E+008,5.142508802669476E-002,
3.041767799599600E+008,4.217739990910540E-002,
3.091616452052052E+008,3.614529971844578E-002,
3.141465104504505E+008,3.158035901195603E-002,
3.191313756956957E+008,2.686434809955390E-002,
3.241162409409409E+008,2.352731769767913E-002,
3.291011061861862E+008,2.067485939813058E-002,
3.340859714314314E+008,1.818976534175304E-002,
3.390708366766767E+008,1.549075795721026E-002,
3.440557019219219E+008,1.325414772977342E-002,
3.490405671671672E+008,1.171591557739258E-002,
3.540254324124124E+008,1.052391324460712E-002,
3.590102976576577E+008,9.273885099753031E-003,
3.639951629029029E+008,8.369121419905940E-003,
3.689800281481482E+008,7.614805808238490E-003,
3.739648933933934E+008,6.918811730202412E-003,
3.789497586386386E+008,6.968563031363986E-003,
3.839346238838839E+008,6.822618300659775E-003,
3.889194891291291E+008,7.526582802027382E-003,
3.939043543743744E+008,7.947184335231991E-003,
3.988892196196196E+008,8.242294068767949E-003,
4.038740848648649E+008,8.217483055478453E-003,
4.088589501101101E+008,7.921296218028166E-003,
4.138438153553554E+008,8.284556055238613E-003,
4.188286806006006E+008,8.899134030804232E-003,
4.238135458458459E+008,1.111216851577951E-002,
4.287984110910911E+008,1.259154274783125E-002,
4.337832763363363E+008,1.336691207823474E-002,
4.387681415815816E+008,1.291177242850321E-002,
4.437530068268268E+008,1.308562410788446E-002,
4.487378720720721E+008,1.322295291752468E-002,
4.537227373173173E+008,1.367771892763330E-002,
4.587076025625626E+008,1.412767552350740E-002,
4.636924678078078E+008,1.507892872967314E-002,
4.686773330530531E+008,1.630103353384815E-002,
4.736621982982983E+008,1.704118853706415E-002,
4.786470635435436E+008,1.891723811283424E-002,
4.836319287887888E+008,2.049879006128956E-002,
4.886167940340340E+008,2.207746187407163E-002,
4.936016592792793E+008,2.394453785854821E-002,
4.985865245245245E+008,2.529072728334638E-002,
5.035713897697698E+008,2.712722743531841E-002,
5.085562550150150E+008,2.815254756139689E-002,
5.135411202602603E+008,2.999675219990035E-002,
5.185259855055055E+008,3.058667600389984E-002,
5.235108507507508E+008,3.165680347625489E-002,
5.284957159959960E+008,3.174975685138912E-002,
5.334805812412412E+008,3.236948137405525E-002,
5.384654464864864E+008,3.300088175026972E-002,
5.434503117317318E+008,3.445241686618043E-002,
5.484351769769770E+008,3.612187663853823E-002,
5.534200422222222E+008,3.750060001631817E-002,
5.584049074674674E+008,3.884601262379861E-002,
5.633897727127128E+008,3.999419408723167E-002,
5.683746379579580E+008,4.111123646476432E-002,
5.733595032032032E+008,4.165425298441693E-002,
5.783443684484484E+008,4.310966843572478E-002,
5.833292336936938E+008,4.310634967297911E-002,
5.883140989389390E+008,4.338537459622806E-002,
5.932989641841842E+008,4.399083933097969E-002,
5.982838294294294E+008,4.499008655278996E-002,
6.032686946746746E+008,4.656481473424674E-002,
6.082535599199200E+008,4.757017072721213E-002,
6.132384251651652E+008,4.961020105973822E-002,
6.182232904104104E+008,5.078472195975638E-002,
6.232081556556556E+008,5.148572232415857E-002,
6.281930209009010E+008,5.302863157663047E-002,
6.331778861461462E+008,5.459570826162949E-002,
6.381627513913914E+008,5.567700034006612E-002,
6.431476166366366E+008,5.729988451122919E-002,
6.481324818818818E+008,5.877645806775399E-002,
6.531173471271272E+008,6.162217302407695E-002,
6.581022123723724E+008,6.506368842938794E-002,
6.630870776176176E+008,6.954991516880103E-002,
6.680719428628628E+008,7.549530483545638E-002,
6.730568081081082E+008,8.068597265117863E-002,
6.780416733533534E+008,8.698317366652944E-002,
6.830265385985986E+008,9.222702620601658E-002,
6.880114038438438E+008,9.720647348599880E-002,
6.929962690890890E+008,1.027791662353115E-001,
6.979811343343344E+008,1.086757326384960E-001,
7.029659995795796E+008,1.143877683780979E-001,
7.079508648248248E+008,1.194049865680218E-001,
7.129357300700700E+008,1.239255800937538E-001,
7.179205953153154E+008,1.285627997087431E-001,
7.229054605605606E+008,1.322571981221691E-001,
7.278903258058058E+008,1.363999723402122E-001,
7.328751910510510E+008,1.399174151404532E-001,
7.378600562962964E+008,1.440569800649119E-001,
7.428449215415416E+008,1.484005862417769E-001,
7.478297867867868E+008,1.534077885779825E-001,
7.528146520320320E+008,1.583108795476974E-001,
7.577995172772772E+008,1.643335711317861E-001,
7.627843825225226E+008,1.700888868215913E-001,
7.677692477677678E+008,1.746204647662037E-001,
7.727541130130130E+008,1.777098719556708E-001,
7.777389782582582E+008,1.774586889986489E-001,
7.827238435035036E+008,1.733284995024985E-001,
7.877087087487488E+008,1.656119551623281E-001,
7.926935739939940E+008,1.571243550001069E-001,
7.976784392392392E+008,1.496726840323319E-001,
8.026633044844844E+008,1.443822518290604E-001,
8.076481697297298E+008,1.407280414653724E-001,
8.126330349749750E+008,1.383544243086340E-001,
8.176179002202202E+008,1.393177697987987E-001,
8.226027654654654E+008,1.439067786961232E-001,
8.275876307107108E+008,1.475864621013265E-001,
8.325724959559560E+008,1.525405178042558E-001,
8.375573612012012E+008,1.583735548484025E-001,
8.425422264464464E+008,1.641509172138603E-001,
8.475270916916918E+008,1.696194775846613E-001,
8.525119569369370E+008,1.719393190060692E-001,
8.574968221821822E+008,1.745614421427809E-001,
8.624816874274274E+008,1.757816406684342E-001,
8.674665526726726E+008,1.748756659347023E-001,
8.724514179179180E+008,1.733150849157154E-001,
8.774362831631632E+008,1.709016700109280E-001,
8.824211484084084E+008,1.677784532581903E-001,
8.874060136536536E+008,1.655606781741417E-001,
8.923908788988990E+008,1.646970972261067E-001,
8.973757441441442E+008,1.657877303559574E-001,
9.023606093893894E+008,1.669425431826239E-001,
9.073454746346346E+008,1.685978911163516E-001,
9.123303398798798E+008,1.706823519830571E-001,
9.173152051251252E+008,1.719222328372449E-001,
9.223000703703704E+008,1.740151138995019E-001,
9.272849356156156E+008,1.751454172235413E-001,
9.322698008608608E+008,1.749038145897640E-001,
9.372546661061062E+008,1.743134206414528E-001,
9.422395313513514E+008,1.737927477625770E-001,
9.472243965965966E+008,1.717385734047867E-001,
9.522092618418418E+008,1.686430826983581E-001,
9.571941270870872E+008,1.644310214080937E-001,
9.621789923323324E+008,1.606465246325768E-001,
9.671638575775776E+008,1.560984068230538E-001,
9.721487228228228E+008,1.522417894039213E-001,
9.771335880680680E+008,1.497486291870661E-001,
9.821184533133134E+008,1.449492201474753E-001,
9.871033185585586E+008,1.407019347532931E-001,
9.920881838038038E+008,1.365179193528582E-001,
9.970730490490490E+008,1.323316824857744E-001,
1.002057914294294E+009,1.298696384178162E-001,
1.007042779539540E+009,1.281212434816328E-001,
1.012027644784785E+009,1.279504295498796E-001,
1.017012510030030E+009,1.274840662090229E-001,
1.021997375275275E+009,1.281494994766519E-001,
1.026982240520521E+009,1.297372673671351E-001,
1.031967105765766E+009,1.301316744701085E-001,
1.036951971011011E+009,1.280546458572519E-001,
1.041936836256256E+009,1.238987943161029E-001,
1.046921701501502E+009,1.197333762085418E-001,
1.051906566746747E+009,1.156950961794580E-001,
1.056891431991992E+009,1.118706957787086E-001,
1.061876297237237E+009,1.078920173416617E-001,
1.066861162482482E+009,1.050378456927359E-001,
1.071846027727728E+009,1.036764111101015E-001,
1.076830892972973E+009,1.044383416045723E-001,
1.081815758218218E+009,1.053648844937618E-001,
1.086800623463464E+009,1.066553351928839E-001,
1.091785488708709E+009,1.090718006962542E-001,
1.096770353953954E+009,1.116116784182254E-001,
1.101755219199199E+009,1.126880434599955E-001,
1.106740084444444E+009,1.124685562770383E-001,
1.111724949689690E+009,1.114422015481358E-001,
1.116709814934935E+009,1.100089608698059E-001,
1.121694680180180E+009,1.092137627870843E-001,
1.126679545425426E+009,1.086434209264475E-001,
1.131664410670671E+009,1.081682040957163E-001,
1.136649275915916E+009,1.061928163209010E-001,
1.141634141161161E+009,1.027996140013797E-001,
1.146619006406406E+009,9.897994935196174E-002,
1.151603871651652E+009,9.504841326559509E-002,
1.156588736896897E+009,9.134119731257319E-002,
1.161573602142142E+009,8.651303331494770E-002,
1.166558467387388E+009,8.291368101186360E-002,
1.171543332632633E+009,8.016860904211738E-002,
1.176528197877878E+009,7.896285839753058E-002,
1.181513063123123E+009,7.839907538272055E-002,
1.186497928368368E+009,7.888925889918555E-002,
1.191482793613614E+009,7.910084608346744E-002,
1.196467658858859E+009,7.969456115669911E-002,
1.201452524104104E+009,8.019165063197793E-002,
1.206437389349349E+009,8.132135121262558E-002,
1.211422254594595E+009,8.193225143197637E-002,
1.216407119839840E+009,8.196112460466207E-002,
1.221391985085085E+009,8.147234587333230E-002,
1.226376850330330E+009,8.103849982350020E-002,
1.231361715575576E+009,8.017152075595430E-002,
1.236346580820821E+009,7.911719270300424E-002,
1.241331446066066E+009,7.823269569550796E-002,
1.246316311311311E+009,7.684625208606249E-002,
1.251301176556557E+009,7.599006163274184E-002,
1.256286041801802E+009,7.466378625494446E-002,
1.261270907047047E+009,7.459736757780540E-002,
1.266255772292292E+009,7.489423191615173E-002,
1.271240637537538E+009,7.577574102574136E-002,
1.276225502782783E+009,7.649688896647210E-002,
1.281210368028028E+009,7.664834745331134E-002,
1.286195233273273E+009,7.716225430265890E-002,
1.291180098518518E+009,7.720222540326012E-002,
1.296164963763764E+009,7.771696782013114E-002,
1.301149829009009E+009,7.787679607533612E-002,
1.306134694254254E+009,7.769616604698015E-002,
1.311119559499500E+009,7.604013371120806E-002,
1.316104424744745E+009,7.373075118859053E-002,
1.321089289989990E+009,7.075331215187847E-002,
1.326074155235235E+009,6.744976661125725E-002,
1.331059020480480E+009,6.449741350775108E-002,
1.336043885725726E+009,6.144869893781081E-002,
1.341028750970971E+009,5.922913335583212E-002,
1.346013616216216E+009,5.752123154153097E-002,
1.350998481461462E+009,5.628867507251266E-002,
1.355983346706707E+009,5.562764653316233E-002,
1.360968211951952E+009,5.529128031229454E-002,
1.365953077197197E+009,5.573506342032462E-002,
1.370937942442442E+009,5.714217851101813E-002,
1.375922807687688E+009,5.787663960378171E-002,
1.380907672932933E+009,5.880452320689642E-002,
1.385892538178178E+009,5.902664112150761E-002,
1.390877403423424E+009,5.881562420009187E-002,
1.395862268668669E+009,5.919717407245647E-002,
1.400847133913914E+009,5.988316842151731E-002,
1.405831999159159E+009,6.055117137675341E-002,
1.410816864404404E+009,6.052453792917314E-002,
1.415801729649650E+009,6.044825301693677E-002,
1.420786594894895E+009,6.004115131713259E-002,
1.425771460140140E+009,6.015291977807846E-002,
1.430756325385386E+009,5.983464247425797E-002,
1.435741190630631E+009,5.897032307055917E-002,
1.440726055875876E+009,5.812887064579952E-002,
1.445710921121121E+009,5.738122704657226E-002,
1.450695786366366E+009,5.681776052879755E-002,
1.455680651611612E+009,5.672566314502762E-002,
1.460665516856857E+009,5.634620243169568E-002,
1.465650382102102E+009,5.636917004072919E-002,
1.470635247347347E+009,5.614866445074471E-002,
1.475620112592593E+009,5.639032172883166E-002,
1.480604977837838E+009,5.700053127609071E-002,
1.485589843083083E+009,5.664301235745654E-002,
1.490574708328328E+009,5.613468287907068E-002,
1.495559573573574E+009,5.485561624618124E-002,
1.500544438818819E+009,5.433299353105923E-002,
1.505529304064064E+009,5.310559631888562E-002,
1.510514169309309E+009,5.110812783567408E-002,
1.515499034554555E+009,4.948164040509405E-002,
1.520483899799800E+009,4.842372209827102E-002,
1.525468765045045E+009,4.763322967728086E-002,
1.530453630290290E+009,4.717197389988766E-002,
1.535438495535536E+009,4.873425331178666E-002,
1.540423360780781E+009,4.990942616032785E-002,
1.545408226026026E+009,5.086915800374142E-002,
1.550393091271271E+009,5.150634292034476E-002,
1.555377956516516E+009,5.204761459820145E-002,
1.560362821761762E+009,5.331469398310888E-002,
1.565347687007007E+009,5.403545397658241E-002,
1.570332552252252E+009,5.480693585061951E-002,
1.575317417497498E+009,5.449151947122255E-002,
1.580302282742743E+009,5.460923536173307E-002,
1.585287147987988E+009,5.435600787458228E-002,
1.590272013233233E+009,5.390307549413970E-002,
1.595256878478478E+009,5.344444118536867E-002,
1.600241743723724E+009,5.232025803673435E-002,
1.605226608968969E+009,5.154530130344578E-002,
1.610211474214214E+009,5.047178610402969E-002,
1.615196339459460E+009,4.972766614607240E-002,
1.620181204704705E+009,4.938260115180344E-002,
1.625166069949950E+009,4.839902495743047E-002,
1.630150935195195E+009,4.776689147555279E-002,
1.635135800440440E+009,4.745291796324383E-002,
1.640120665685686E+009,4.652553546112573E-002,
1.645105530930931E+009,4.592884659319891E-002,
1.650090396176176E+009,4.485049989998695E-002,
1.655075261421422E+009,4.356580884438185E-002,
1.660060126666667E+009,4.219316407562077E-002,
1.665044991911912E+009,4.062965983133154E-002,
1.670029857157157E+009,3.912141226763397E-002,
1.675014722402402E+009,3.796237377055693E-002,
1.679999587647648E+009,3.644349559120632E-002,
1.684984452892893E+009,3.489642150646165E-002,
1.689969318138138E+009,3.343193475959914E-002,
1.694954183383384E+009,3.186544488088037E-002,
1.699939048628629E+009,3.090787185491045E-002,
1.704923913873874E+009,3.061206408760929E-002,
1.709908779119119E+009,3.025538996758101E-002,
1.714893644364364E+009,2.967997936701540E-002,
1.719878509609610E+009,2.954551906822346E-002,
1.724863374854855E+009,2.863337143914058E-002,
1.729848240100100E+009,2.779692648373030E-002,
1.734833105345345E+009,2.733207840835757E-002,
1.739817970590591E+009,2.733328389973493E-002,
1.744802835835836E+009,2.739628024307258E-002,
1.749787701081081E+009,2.834802896855240E-002,
1.754772566326326E+009,3.081687002781374E-002,
1.759757431571572E+009,3.300509971448202E-002,
1.764742296816817E+009,3.488787468798822E-002,
1.769727162062062E+009,3.569288755203628E-002,
1.774712027307307E+009,3.645226603402688E-002,
1.779696892552553E+009,3.578067662052484E-002,
1.784681757797798E+009,3.456368022199259E-002,
1.789666623043043E+009,3.324531344746544E-002,
1.794651488288288E+009,3.295428177198523E-002,
1.799636353533534E+009,3.327936871856835E-002,
1.804621218778779E+009,3.315831437858989E-002,
1.809606084024024E+009,3.337396702845710E-002,
1.814590949269269E+009,3.348547412820504E-002,
1.819575814514514E+009,3.331838858228657E-002,
1.824560679759760E+009,3.265499101272483E-002,
1.829545545005005E+009,3.187906190065520E-002,
1.834530410250250E+009,3.175957550334694E-002,
1.839515275495496E+009,3.110447017596034E-002,
1.844500140740741E+009,3.087110282289981E-002,
1.849485005985986E+009,3.052832990013338E-002,
1.854469871231231E+009,2.992394577282414E-002,
1.859454736476476E+009,3.007847476449353E-002,
1.864439601721722E+009,3.099464966327682E-002,
1.869424466966967E+009,3.231619308046761E-002,
1.874409332212212E+009,3.298553138666596E-002,
1.879394197457458E+009,3.307441231019815E-002,
1.884379062702703E+009,3.258666640463876E-002,
1.889363927947948E+009,3.175608997418886E-002,
1.894348793193193E+009,3.109252372630652E-002,
1.899333658438438E+009,3.105577506085111E-002,
1.904318523683684E+009,3.078898500194443E-002,
1.909303388928929E+009,3.084814812490332E-002,
1.914288254174174E+009,3.002033246291538E-002,
1.919273119419420E+009,2.994754421598007E-002,
1.924257984664665E+009,3.018727743539614E-002,
1.929242849909910E+009,3.076651238223864E-002,
1.934227715155155E+009,3.163425804221188E-002,
1.939212580400400E+009,3.192760127239928E-002,
1.944197445645646E+009,3.234942691510124E-002,
1.949182310890891E+009,3.185149923408290E-002,
1.954167176136136E+009,3.174388272671352E-002,
1.959152041381382E+009,3.152349182675386E-002,
1.964136906626627E+009,3.113773846511551E-002,
1.969121771871872E+009,3.052139685896128E-002,
1.974106637117117E+009,2.956556888158860E-002,
1.979091502362362E+009,2.869797629248672E-002,
1.984076367607608E+009,2.784201022010790E-002,
1.989061232852853E+009,2.704211406974263E-002,
1.994046098098098E+009,2.618667957004153E-002,
1.999030963343343E+009,2.548106481358713E-002,
2.004015828588589E+009,2.466333409092222E-002,
2.009000693833834E+009,2.469636284809532E-002,
2.013985559079079E+009,2.426131673383863E-002,
2.018970424324324E+009,2.330704044553559E-002,
2.023955289569570E+009,2.275867880003376E-002,
2.028940154814815E+009,2.168436998140191E-002,
2.033925020060060E+009,2.076460832654596E-002,
2.038909885305305E+009,2.012644650510105E-002,
2.043894750550551E+009,1.973957960728916E-002,
2.048879615795796E+009,1.884406314431384E-002,
2.053864481041041E+009,1.784062252128939E-002,
2.058849346286286E+009,1.660028830827435E-002,
2.063834211531532E+009,1.601091277347833E-002,
2.068819076776777E+009,1.539019299071536E-002,
2.073803942022022E+009,1.445584349302019E-002,
2.078788807267267E+009,1.402105845231144E-002,
2.083773672512512E+009,1.363049834967504E-002,
2.088758537757758E+009,1.285573713815081E-002,
2.093743403003003E+009,1.189315470538079E-002,
2.098728268248248E+009,1.057112058429123E-002,
2.103713133493494E+009,9.267944643066104E-003,
2.108697998738739E+009,7.193898771511944E-003,
2.113682863983984E+009,5.791897789502470E-003,
2.118667729229229E+009,4.644500971444164E-003,
2.123652594474474E+009,3.706897352855276E-003,
2.128637459719720E+009,3.071447636760502E-003,
2.133622324964965E+009,2.674943050944996E-003,
2.138607190210210E+009,2.363614288563171E-003,
2.143592055455456E+009,2.069788481894207E-003,
2.148576920700701E+009,2.184710255782459E-003,
2.153561785945946E+009,2.585795597762947E-003,
2.158546651191191E+009,3.274136248512656E-003,
2.163531516436437E+009,4.114853828383374E-003,
2.168516381681682E+009,4.943146800519396E-003,
2.173501246926927E+009,5.996210166056183E-003,
2.178486112172172E+009,6.775661735538236E-003,
2.183470977417418E+009,7.440318454375804E-003,
2.188455842662663E+009,8.001592539462763E-003,
2.193440707907908E+009,8.542249492796354E-003,
2.198425573153153E+009,9.144176769133762E-003,
2.203410438398398E+009,9.626448614047841E-003,
2.208395303643644E+009,1.015820291232024E-002,
2.213380168888889E+009,1.104855773093966E-002,
2.218365034134134E+009,1.126426517840659E-002,
2.223349899379379E+009,1.211102972801169E-002,
2.228334764624625E+009,1.211366433643190E-002,
2.233319629869870E+009,1.237711138728950E-002,
2.238304495115115E+009,1.277642790245583E-002,
2.243289360360360E+009,1.178315950159866E-002,
2.248274225605606E+009,1.135142911655549E-002,
2.253259090850851E+009,1.103655823721316E-002,
2.258243956096096E+009,1.044154091012670E-002,
2.263228821341342E+009,9.774036502294733E-003,
2.268213686586587E+009,8.955302793581241E-003,
2.273198551831832E+009,8.520808664153728E-003,
2.278183417077077E+009,7.989093703019779E-003,
2.283168282322322E+009,7.998136202736733E-003,
2.288153147567567E+009,7.709987258324073E-003,
2.293138012812813E+009,7.720435600954026E-003,
2.298122878058058E+009,8.236490383233430E-003,
2.303107743303303E+009,9.102335293204526E-003,
2.308092608548549E+009,1.065657702943953E-002,
2.313077473793794E+009,1.274673739698020E-002,
2.318062339039039E+009,1.520523715454418E-002,
2.323047204284284E+009,1.764580572730712E-002,
2.328032069529530E+009,2.008684815691822E-002,
2.333016934774775E+009,2.218997187465283E-002,
2.338001800020020E+009,2.400536453824958E-002,
2.342986665265266E+009,2.556897570399001E-002,
2.347971530510510E+009,2.698028049956719E-002,
2.352956395755756E+009,2.798435070304559E-002,
2.357941261001001E+009,2.892962254021607E-002,
2.362926126246246E+009,2.954639478568419E-002,
2.367910991491491E+009,3.001165083154159E-002,
2.372895856736737E+009,3.019224214107505E-002,
2.377880721981982E+009,3.041494752054623E-002,
2.382865587227227E+009,3.046520938174084E-002,
2.387850452472473E+009,3.045540464532738E-002,
2.392835317717718E+009,3.152834663105253E-002,
2.397820182962963E+009,3.209600715770833E-002,
2.402805048208208E+009,3.277937870162968E-002,
2.407789913453454E+009,3.318185098322264E-002,
2.412774778698699E+009,3.270430614573722E-002,
2.417759643943944E+009,3.290672664553602E-002,
2.422744509189189E+009,3.279015722299142E-002,
2.427729374434434E+009,3.296745821931248E-002,
2.432714239679680E+009,3.246422960627180E-002,
2.437699104924925E+009,3.130963074261896E-002,
2.442683970170170E+009,2.967727342555328E-002,
2.447668835415415E+009,2.913273922503671E-002,
2.452653700660661E+009,2.859676430717564E-002,
2.457638565905906E+009,2.760588069650828E-002,
2.462623431151151E+009,2.746667891832529E-002,
2.467608296396397E+009,2.686465428390260E-002,
2.472593161641642E+009,2.653445641168750E-002,
2.477578026886887E+009,2.549165559696000E-002,
2.482562892132132E+009,2.455511657076217E-002,
2.487547757377378E+009,2.399551692305182E-002,
2.492532622622623E+009,2.307056635639704E-002,
2.497517487867868E+009,2.316592163457045E-002,
2.502502353113113E+009,2.300672273544075E-002,
2.507487218358358E+009,2.350395180772876E-002,
2.512472083603604E+009,2.375289085137509E-002,
2.517456948848849E+009,2.346396354930017E-002,
2.522441814094094E+009,2.343482068376776E-002,
2.527426679339339E+009,2.404623692568897E-002,
2.532411544584585E+009,2.366694226181741E-002,
2.537396409829830E+009,2.309202563550740E-002,
2.542381275075075E+009,2.335893221799670E-002,
2.547366140320320E+009,2.277474208171163E-002,
2.552351005565566E+009,2.186957680203021E-002,
2.557335870810811E+009,2.204212397212675E-002,
2.562320736056056E+009,2.169127921695601E-002,
2.567305601301302E+009,2.212453508945888E-002,
2.572290466546547E+009,2.265706776326330E-002,
2.577275331791792E+009,2.298817254977572E-002,
2.582260197037037E+009,2.286410030367802E-002,
2.587245062282282E+009,2.334330876820207E-002,
2.592229927527527E+009,2.413780239206534E-002,
2.597214792772773E+009,2.486245514432407E-002,
2.602199658018018E+009,2.531295744921149E-002,
2.607184523263263E+009,2.641678191933214E-002,
2.612169388508509E+009,2.775691689774862E-002,
2.617154253753754E+009,2.934594601758657E-002,
2.622139118998999E+009,3.056836202936839E-002,
2.627123984244244E+009,3.202549063806121E-002,
2.632108849489490E+009,3.276718278384512E-002,
2.637093714734735E+009,3.339403491352448E-002,
2.642078579979980E+009,3.447695462582453E-002,
2.647063445225225E+009,3.449462033775112E-002,
2.652048310470470E+009,3.482203168278307E-002,
2.657033175715716E+009,3.430165241908370E-002,
2.662018040960961E+009,3.411626957588430E-002,
2.667002906206206E+009,3.395693033634177E-002,
2.671987771451451E+009,3.384482930610133E-002,
2.676972636696697E+009,3.341036751489371E-002,
2.681957501941942E+009,3.314549477069145E-002,
2.686942367187187E+009,3.289614590924334E-002,
2.691927232432433E+009,3.228942080634735E-002,
2.696912097677678E+009,3.220614214905886E-002,
2.701896962922923E+009,3.148404591743961E-002,
2.706881828168168E+009,3.151866704209937E-002,
2.711866693413414E+009,3.099668944015292E-002,
2.716851558658659E+009,3.059443146125366E-002,
2.721836423903904E+009,3.066247243326116E-002,
2.726821289149149E+009,3.058751612150110E-002,
2.731806154394394E+009,3.078282635886978E-002,
2.736791019639640E+009,3.099325500834319E-002,
2.741775884884885E+009,3.074934628821106E-002,
2.746760750130130E+009,3.032916172978423E-002,
2.751745615375375E+009,2.992644047025680E-002,
2.756730480620621E+009,3.024022317138721E-002,
2.761715345865866E+009,3.015594020298691E-002,
2.766700211111111E+009,3.057229653361815E-002,
2.771685076356356E+009,3.071187815654713E-002,
2.776669941601602E+009,3.125534411811644E-002,
2.781654806846847E+009,3.192303117611592E-002,
2.786639672092092E+009,3.284727577380336E-002,
2.791624537337338E+009,3.305001629814328E-002,
2.796609402582583E+009,3.320620542671663E-002,
2.801594267827828E+009,3.279479610121962E-002,
2.806579133073073E+009,3.215774162507547E-002,
2.811563998318318E+009,3.166270197541811E-002,
2.816548863563564E+009,3.065131628639900E-002,
2.821533728808809E+009,2.988384341478896E-002,
2.826518594054054E+009,2.893849076556052E-002,
2.831503459299299E+009,2.888570985779105E-002,
2.836488324544545E+009,2.971403497644132E-002,
2.841473189789790E+009,2.930507667321665E-002,
2.846458055035035E+009,2.998739570858889E-002,
2.851442920280280E+009,3.014241323578528E-002,
2.856427785525526E+009,2.937775181379367E-002,
2.861412650770771E+009,2.927462612271327E-002,
2.866397516016016E+009,2.818225930768597E-002,
2.871382381261262E+009,2.661604819227832E-002,
2.876367246506506E+009,2.533310835827397E-002,
2.881352111751752E+009,2.407257459781393E-002,
2.886336976996997E+009,2.292230158694647E-002,
2.891321842242242E+009,2.097333578066591E-002,
2.896306707487487E+009,2.008391987042600E-002,
2.901291572732733E+009,1.896756217354275E-002,
2.906276437977978E+009,1.832209688105347E-002,
2.911261303223223E+009,1.781022317475950E-002,
2.916246168468469E+009,1.753682017763066E-002,
2.921231033713714E+009,1.711301008616428E-002,
2.926215898958959E+009,1.649938404456292E-002,
2.931200764204204E+009,1.613029740948512E-002,
2.936185629449450E+009,1.543810716405610E-002,
2.941170494694695E+009,1.494711886386263E-002,
2.946155359939940E+009,1.538896152527885E-002,
2.951140225185185E+009,1.475731009678177E-002,
2.956125090430430E+009,1.455763884097853E-002,
2.961109955675676E+009,1.343782460277056E-002,
2.966094820920921E+009,1.395649261667877E-002,
2.971079686166166E+009,1.263217842226845E-002,
2.976064551411411E+009,1.245246814142276E-002,
2.981049416656657E+009,1.109987785602569E-002,
2.986034281901902E+009,1.016571786725519E-002,
2.991019147147147E+009,9.253845418481744E-003,
2.996004012392393E+009,8.185391939376095E-003,
3.000988877637638E+009,7.252550697327166E-003,
3.005973742882883E+009,6.627097070977660E-003,
3.010958608128128E+009,6.020390716808470E-003,
3.015943473373374E+009,5.597969171209748E-003,
3.020928338618619E+009,5.252543380907191E-003,
3.025913203863864E+009,5.021056924411631E-003,
3.030898069109109E+009,4.828324390451754E-003,
3.035882934354354E+009,4.851571665190606E-003,
3.040867799599600E+009,4.979629225628032E-003,
3.045852664844845E+009,5.101925618490931E-003,
3.050837530090090E+009,5.483205918070744E-003,
3.055822395335335E+009,5.787976427132770E-003,
3.060807260580581E+009,6.141812742511843E-003,
3.065792125825826E+009,6.495265213876681E-003,
3.070776991071071E+009,6.918898383488606E-003,
3.075761856316316E+009,7.489712719583284E-003,
3.080746721561562E+009,8.014852948729993E-003,
3.085731586806807E+009,8.464723713575154E-003,
3.090716452052052E+009,8.871123773716750E-003,
3.095701317297298E+009,9.256895273448930E-003,
3.100686182542543E+009,9.517402091903311E-003,
3.105671047787788E+009,9.664980401173938E-003,
3.110655913033033E+009,9.594575938568422E-003,
3.115640778278278E+009,9.629388525528243E-003,
3.120625643523523E+009,9.577722521745375E-003,
3.125610508768769E+009,9.822926471955809E-003,
3.130595374014014E+009,1.019543351888581E-002,
3.135580239259259E+009,1.045378444751838E-002,
3.140565104504505E+009,1.094840787971056E-002,
3.145549969749750E+009,1.162640382717166E-002,
3.150534834994995E+009,1.223215827554308E-002,
3.155519700240240E+009,1.297531946743155E-002,
3.160504565485486E+009,1.368504728904516E-002,
3.165489430730731E+009,1.431951380235613E-002,
3.170474295975976E+009,1.486356558892316E-002,
3.175459161221221E+009,1.505163858672089E-002,
3.180444026466466E+009,1.598545547904732E-002,
3.185428891711712E+009,1.562926071038066E-002,
3.190413756956957E+009,1.614856647713140E-002,
3.195398622202202E+009,1.628542988717885E-002,
3.200383487447447E+009,1.697281923860048E-002,
3.205368352692693E+009,1.692563109954314E-002,
3.210353217937938E+009,1.713643711900571E-002,
3.215338083183183E+009,1.670180763632005E-002,
3.220322948428429E+009,1.675701565939268E-002,
3.225307813673674E+009,1.738314056176128E-002,
3.230292678918919E+009,1.740111647615370E-002,
3.235277544164164E+009,1.843702905228876E-002,
3.240262409409410E+009,1.874405183986271E-002,
3.245247274654655E+009,1.843429497951213E-002,
3.250232139899900E+009,1.885033590401951E-002,
3.255217005145145E+009,1.936063095971228E-002,
3.260201870390390E+009,1.929375052950726E-002,
3.265186735635636E+009,1.973579363238390E-002,
3.270171600880881E+009,1.984525568787858E-002,
3.275156466126126E+009,1.886214018078064E-002,
3.280141331371371E+009,1.960372928850334E-002,
3.285126196616617E+009,1.907492192887991E-002,
3.290111061861862E+009,1.820573756295118E-002,
3.295095927107107E+009,1.819673698660284E-002,
3.300080792352352E+009,1.697889351293822E-002,
3.305065657597598E+009,1.661158016153413E-002,
3.310050522842843E+009,1.536135615375750E-002,
3.315035388088088E+009,1.570611842162038E-002,
3.320020253333334E+009,1.580787289761169E-002,
3.325005118578579E+009,1.529546222383924E-002,
3.329989983823824E+009,1.509291494044905E-002,
3.334974849069069E+009,1.494400325503691E-002,
3.339959714314314E+009,1.501132349188624E-002,
3.344944579559560E+009,1.484449721624336E-002,
3.349929444804805E+009,1.509199181018936E-002,
3.354914310050050E+009,1.429266284041294E-002,
3.359899175295295E+009,1.456973343621035E-002,
3.364884040540541E+009,1.465876898153400E-002,
3.369868905785786E+009,1.466598527303533E-002,
3.374853771031031E+009,1.479063553483112E-002,
3.379838636276276E+009,1.488041638017429E-002,
3.384823501521522E+009,1.464082483257826E-002,
3.389808366766767E+009,1.480510351515486E-002,
3.394793232012012E+009,1.534242090033606E-002,
3.399778097257258E+009,1.539151488539384E-002,
3.404762962502502E+009,1.447382149475640E-002,
3.409747827747748E+009,1.398841138926928E-002,
3.414732692992993E+009,1.370769019370191E-002,
3.419717558238238E+009,1.345595820081204E-002,
3.424702423483483E+009,1.302728811835230E-002,
3.429687288728729E+009,1.269678053303287E-002,
3.434672153973974E+009,1.236701112646686E-002,
3.439657019219219E+009,1.194477165353766E-002,
3.444641884464465E+009,1.145478554838266E-002,
3.449626749709710E+009,1.083220066135248E-002,
3.454611614954955E+009,1.037019199505660E-002,
3.459596480200200E+009,9.876204059628057E-003,
3.464581345445446E+009,9.417811841073724E-003,
3.469566210690691E+009,9.017176526848105E-003,
3.474551075935936E+009,8.654878460509510E-003,
3.479535941181181E+009,8.387223179016618E-003,
3.484520806426426E+009,8.250824736884705E-003,
3.489505671671672E+009,8.240535643712221E-003,
3.494490536916917E+009,8.194538120474824E-003,
3.499475402162162E+009,8.138079934238417E-003,
3.504460267407407E+009,8.321728795115418E-003,
3.509445132652653E+009,8.561623541758658E-003,
3.514429997897898E+009,8.953787572578744E-003,
3.519414863143143E+009,9.390057499958202E-003,
3.524399728388389E+009,9.619880060223884E-003,
3.529384593633634E+009,9.835612457895037E-003,
3.534369458878879E+009,1.012033749964041E-002,
3.539354324124124E+009,1.042758804763533E-002,
3.544339189369370E+009,1.074082289319334E-002,
3.549324054614615E+009,1.090026804436810E-002,
3.554308919859860E+009,1.111276329168000E-002,
3.559293785105105E+009,1.138954363497902E-002,
3.564278650350350E+009,1.177798972987111E-002,
3.569263515595596E+009,1.221397030727455E-002,
3.574248380840841E+009,1.275652616784117E-002,
3.579233246086086E+009,1.333521422610940E-002,
3.584218111331331E+009,1.370280582752476E-002,
3.589202976576577E+009,1.405632587804129E-002,
3.594187841821822E+009,1.437175017610947E-002,
3.599172707067067E+009,1.470770297979507E-002,
3.604157572312312E+009,1.489613061408705E-002,
3.609142437557558E+009,1.513288495710134E-002,
3.614127302802803E+009,1.519145792480147E-002,
3.619112168048048E+009,1.520441271960941E-002,
3.624097033293294E+009,1.519739723806412E-002,
3.629081898538539E+009,1.514232504172983E-002,
3.634066763783784E+009,1.523985278101977E-002,
3.639051629029029E+009,1.513975692095348E-002,
3.644036494274274E+009,1.521691537283640E-002,
3.649021359519519E+009,1.532689462068362E-002,
3.654006224764765E+009,1.555479987753006E-002,
3.658991090010010E+009,1.596493488363730E-002,
3.663975955255255E+009,1.636983600321624E-002,
3.668960820500501E+009,1.688918905581124E-002,
3.673945685745746E+009,1.739422838600267E-002,
3.678930550990991E+009,1.753837314284520E-002,
3.683915416236236E+009,1.861342367078270E-002,
3.688900281481482E+009,1.959647167688273E-002,
3.693885146726727E+009,1.983836252185844E-002,
3.698870011971972E+009,2.070112335140689E-002,
3.703854877217217E+009,2.077727980302117E-002,
3.708839742462462E+009,2.111876098376300E-002,
3.713824607707708E+009,2.092633769237781E-002,
3.718809472952953E+009,2.101114247017481E-002,
3.723794338198198E+009,2.110494678242805E-002,
3.728779203443443E+009,2.083052338581817E-002,
3.733764068688689E+009,2.098645130833507E-002,
3.738748933933934E+009,2.065773232886407E-002,
3.743733799179179E+009,1.958367292354251E-002,
3.748718664424425E+009,2.049313437729814E-002,
3.753703529669670E+009,2.038256430163403E-002,
3.758688394914915E+009,1.995042063810487E-002,
3.763673260160160E+009,1.994274628972249E-002,
3.768658125405406E+009,2.004273366095092E-002,
3.773642990650651E+009,2.020572641338816E-002,
3.778627855895896E+009,2.089912248818211E-002,
3.783612721141141E+009,1.989337904739389E-002,
3.788597586386386E+009,1.970270573988738E-002,
3.793582451631632E+009,2.020200051172619E-002,
3.798567316876877E+009,2.022399152723142E-002,
3.803552182122122E+009,1.915909530751066E-002,
3.808537047367367E+009,1.873040574440485E-002,
3.813521912612613E+009,1.913100839342016E-002,
3.818506777857858E+009,1.859262224278648E-002,
3.823491643103103E+009,1.823833174103000E-002,
3.828476508348349E+009,1.852051093276102E-002,
3.833461373593594E+009,1.814911621371183E-002,
3.838446238838839E+009,1.757473439075329E-002,
3.843431104084084E+009,1.717691051286133E-002,
3.848415969329330E+009,1.755850540116218E-002,
3.853400834574575E+009,1.768656171803044E-002,
3.858385699819820E+009,1.772115617944892E-002,
3.863370565065065E+009,1.715026981033968E-002,
3.868355430310310E+009,1.771417190422703E-002,
3.873340295555556E+009,1.686045097195519E-002,
3.878325160800801E+009,1.687440850854781E-002,
3.883310026046046E+009,1.659261784441387E-002,
3.888294891291291E+009,1.661387110411931E-002,
3.893279756536537E+009,1.648699246296640E-002,
3.898264621781782E+009,1.614761858019619E-002,
3.903249487027027E+009,1.502835308556382E-002,
3.908234352272272E+009,1.542563963969255E-002,
3.913219217517518E+009,1.536648079937248E-002,
3.918204082762763E+009,1.522691234705792E-002,
3.923188948008008E+009,1.464486239101194E-002,
3.928173813253254E+009,1.358964131680163E-002,
3.933158678498498E+009,1.327913988635862E-002,
3.938143543743744E+009,1.304100815014282E-002,
3.943128408988989E+009,1.356759275629916E-002,
3.948113274234234E+009,1.275199229423726E-002,
3.953098139479479E+009,1.348877700296716E-002,
3.958083004724725E+009,1.273950338469011E-002,
3.963067869969970E+009,1.302974151132662E-002,
3.968052735215215E+009,1.327198995388014E-002,
3.973037600460461E+009,1.321486890160742E-002,
3.978022465705706E+009,1.310642818147879E-002,
3.983007330950951E+009,1.296031185854025E-002,
3.987992196196196E+009,1.270233586285280E-002,
3.992977061441442E+009,1.240733940019242E-002,
3.997961926686687E+009,1.220609711478993E-002,
4.002946791931932E+009,1.189841813123998E-002,
4.007931657177177E+009,1.161507721735262E-002,
4.012916522422422E+009,1.143331314073117E-002,
4.017901387667668E+009,1.115157191475304E-002,
4.022886252912913E+009,1.089152124907819E-002,
4.027871118158158E+009,1.050849748940397E-002,
4.032855983403403E+009,1.025536488868003E-002,
4.037840848648649E+009,1.015434105462800E-002,
4.042825713893894E+009,1.012467201789600E-002,
4.047810579139139E+009,1.036726529048426E-002,
4.052795444384385E+009,1.062703160432968E-002,
4.057780309629630E+009,1.090615749913112E-002,
4.062765174874875E+009,1.113497730246276E-002,
4.067750040120120E+009,1.146980147655158E-002,
4.072734905365366E+009,1.164853286536192E-002,
4.077719770610611E+009,1.164619217832117E-002,
4.082704635855856E+009,1.145172774319627E-002,
4.087689501101101E+009,1.115620832513023E-002,
4.092674366346346E+009,1.077901499863685E-002,
4.097659231591592E+009,1.030811313141484E-002,
4.102644096836837E+009,9.897125091132135E-003,
4.107628962082082E+009,9.402648067498352E-003,
4.112613827327327E+009,8.864221961206160E-003,
4.117598692572573E+009,8.406561199622225E-003,
4.122583557817818E+009,8.020978575829715E-003,
4.127568423063063E+009,7.774861287617486E-003,
4.132553288308308E+009,7.632009184800186E-003,
4.137538153553554E+009,7.506769848284969E-003,
4.142523018798799E+009,7.477484561412148E-003,
4.147507884044044E+009,7.388207639507191E-003,
4.152492749289290E+009,7.392115839288225E-003,
4.157477614534535E+009,7.406930779851164E-003,
4.162462479779780E+009,7.325331813883294E-003,
4.167447345025025E+009,7.263159434690737E-003,
4.172432210270270E+009,7.142304537561316E-003,
4.177417075515515E+009,6.845130680260601E-003,
4.182401940760761E+009,6.571071743976928E-003,
4.187386806006006E+009,6.255921477518937E-003,
4.192371671251251E+009,5.876893712720969E-003,
4.197356536496497E+009,5.658183546008723E-003,
4.202341401741742E+009,5.422372378479728E-003,
4.207326266986987E+009,5.166169843688034E-003,
4.212311132232232E+009,4.796504576484331E-003,
4.217295997477478E+009,4.510395135203035E-003,
4.222280862722723E+009,4.178458001497599E-003,
4.227265727967968E+009,3.997606146140019E-003,
4.232250593213213E+009,3.721227044536524E-003,
4.237235458458458E+009,3.505858872856809E-003,
4.242220323703704E+009,3.339211196108262E-003,
4.247205188948949E+009,3.116376690466900E-003,
4.252190054194194E+009,2.806993090061013E-003,
4.257174919439439E+009,2.483306783101725E-003,
4.262159784684685E+009,2.167763137950861E-003,
4.267144649929930E+009,2.080977854615566E-003,
4.272129515175175E+009,1.898190719740373E-003,
4.277114380420421E+009,1.673143745327513E-003,
4.282099245665666E+009,1.344173855707599E-003,
4.287084110910911E+009,9.854714917471635E-004,
4.292068976156156E+009,6.397877858774022E-004,
4.297053841401402E+009,2.807884803526792E-004,
4.302038706646647E+009,2.415347322620150E-004,
4.307023571891892E+009,6.743120971705228E-004,
4.312008437137137E+009,1.256751910404330E-003,
4.316993302382382E+009,1.827727835143661E-003,
4.321978167627627E+009,2.106538510855445E-003,
4.326963032872873E+009,2.540382351686327E-003,
4.331947898118118E+009,2.760195644344931E-003,
4.336932763363363E+009,3.161078300790681E-003,
4.341917628608608E+009,3.506826641571196E-003,
4.346902493853854E+009,3.717206938640005E-003,
4.351887359099099E+009,4.068973934303002E-003,
4.356872224344344E+009,4.478380280124867E-003,
4.361857089589590E+009,4.779325314921189E-003,
4.366841954834835E+009,5.056698970988833E-003,
4.371826820080080E+009,5.361092204004104E-003,
4.376811685325325E+009,5.718103919748528E-003,
4.381796550570571E+009,5.922786884202402E-003,
4.386781415815816E+009,6.270126207209435E-003,
4.391766281061061E+009,6.579888358961115E-003,
4.396751146306306E+009,6.596912518072812E-003,
4.401736011551552E+009,6.658234992183759E-003,
4.406720876796797E+009,6.570758842274056E-003,
4.411705742042042E+009,6.543417199605444E-003,
4.416690607287288E+009,6.520420974926058E-003,
4.421675472532533E+009,6.370431429249505E-003,
4.426660337777778E+009,6.217612848104280E-003,
4.431645203023023E+009,6.039057207705930E-003,
4.436630068268269E+009,5.831378849241196E-003,
4.441614933513514E+009,5.756764392311542E-003,
4.446599798758759E+009,5.640118629635325E-003,
4.451584664004005E+009,5.543917350890899E-003,
4.456569529249250E+009,5.404161038104903E-003,
4.461554394494494E+009,5.250447144455492E-003,
4.466539259739739E+009,5.080307433189437E-003,
4.471524124984985E+009,5.020562359235118E-003,
4.476508990230230E+009,5.130049694826403E-003,
4.481493855475475E+009,5.144820086608195E-003,
4.486478720720720E+009,5.248256867633337E-003,
4.491463585965966E+009,5.210290079916360E-003,
4.496448451211211E+009,5.402913647722890E-003,
4.501433316456456E+009,5.419538537830035E-003,
4.506418181701702E+009,5.456335222920408E-003,
4.511403046946947E+009,5.371243150544761E-003,
4.516387912192192E+009,5.192033722700248E-003,
4.521372777437437E+009,5.141213387791238E-003,
4.526357642682683E+009,4.997039515784788E-003,
4.531342507927928E+009,4.672842350610103E-003,
4.536327373173173E+009,4.316341375142922E-003,
4.541312238418419E+009,3.939240602709008E-003,
4.546297103663664E+009,3.420571929379207E-003,
4.551281968908909E+009,3.033360911202073E-003,
4.556266834154154E+009,2.765536219374538E-003,
4.561251699399400E+009,2.530703221063507E-003,
4.566236564644645E+009,2.335160810626714E-003,
4.571221429889890E+009,2.200644927156268E-003,
4.576206295135135E+009,2.008411585741016E-003,
4.581191160380381E+009,1.864525462390955E-003,
4.586176025625626E+009,1.756832818477898E-003,
4.591160890870871E+009,1.395289087790616E-003,
4.596145756116117E+009,1.199218014080278E-003,
4.601130621361362E+009,1.027174452794985E-003,
4.606115486606607E+009,8.177008839367263E-004,
4.611100351851852E+009,5.268711519562306E-004,
4.616085217097097E+009,2.328501314471441E-004,
4.621070082342342E+009,3.319995399522650E-004,
4.626054947587587E+009,7.288891603597262E-004,
4.631039812832833E+009,1.190484865814232E-003,
4.636024678078078E+009,1.538385925436121E-003,
4.641009543323323E+009,1.858302134366057E-003,
4.645994408568568E+009,1.989717452444542E-003,
4.650979273813814E+009,2.168771743762457E-003,
4.655964139059059E+009,2.324161380885208E-003,
4.660949004304304E+009,2.520986272575059E-003,
4.665933869549550E+009,2.579919746214981E-003,
4.670918734794795E+009,2.644734850890250E-003,
4.675903600040040E+009,2.781908028562780E-003,
4.680888465285285E+009,3.080218795203820E-003,
4.685873330530531E+009,3.387185363421146E-003,
4.690858195775776E+009,3.729345641477436E-003,
4.695843061021021E+009,4.152068427977609E-003,
4.700827926266266E+009,4.454165099087535E-003,
4.705812791511512E+009,4.899283145738521E-003,
4.710797656756757E+009,5.133677202830648E-003,
4.715782522002002E+009,5.426431826383966E-003,
4.720767387247248E+009,5.539979690019212E-003,
4.725752252492493E+009,5.584941140930355E-003,
4.730737117737738E+009,5.682773214514509E-003,
4.735721982982983E+009,5.510402597746573E-003,
4.740706848228229E+009,5.549987482940923E-003,
4.745691713473474E+009,5.387846489551012E-003,
4.750676578718719E+009,5.314661637154040E-003,
4.755661443963965E+009,5.411593069007205E-003,
4.760646309209209E+009,5.622121446467474E-003,
4.765631174454454E+009,5.753562064761767E-003,
4.770616039699699E+009,6.051454874439493E-003,
4.775600904944945E+009,6.357108487434838E-003,
4.780585770190190E+009,6.782181503547921E-003,
4.785570635435435E+009,7.077818233396950E-003,
4.790555500680680E+009,7.535824924814594E-003,
4.795540365925926E+009,7.862155276611570E-003,
4.800525231171171E+009,8.204986144829150E-003,
4.805510096416416E+009,8.696381167648029E-003,
4.810494961661662E+009,9.015320763335165E-003,
4.815479826906907E+009,9.372906833290054E-003,
4.820464692152152E+009,9.632948515052238E-003,
4.825449557397397E+009,9.816756936966476E-003,
4.830434422642643E+009,9.783926677706702E-003,
4.835419287887888E+009,9.645346006767820E-003,
4.840404153133133E+009,9.515612672967902E-003,
4.845389018378379E+009,9.240635797956257E-003,
4.850373883623624E+009,9.100814873854238E-003,
4.855358748868869E+009,9.021778144982359E-003,
4.860343614114114E+009,8.849011259679684E-003,
4.865328479359360E+009,8.949767109922055E-003,
4.870313344604605E+009,8.973094122812188E-003,
4.875298209849850E+009,9.034668614723389E-003,
4.880283075095095E+009,9.244517586072761E-003,
4.885267940340341E+009,9.481476020733142E-003,
4.890252805585586E+009,9.624414367988511E-003,
4.895237670830831E+009,1.003663380001158E-002,
4.900222536076077E+009,1.028308012097482E-002,
4.905207401321322E+009,1.064011741453582E-002,
4.910192266566567E+009,1.088567576998506E-002,
4.915177131811811E+009,1.119604088710909E-002,
4.920161997057057E+009,1.131581773425050E-002,
4.925146862302302E+009,1.126901753811893E-002,
4.930131727547547E+009,1.116118372520508E-002,
4.935116592792793E+009,1.084010248411252E-002,
4.940101458038038E+009,1.050466203567333E-002,
4.945086323283283E+009,1.022146360100486E-002,
4.950071188528528E+009,9.894570730240819E-003,
4.955056053773774E+009,9.583038998156610E-003,
4.960040919019019E+009,9.322846142735502E-003,
4.965025784264264E+009,9.172247056597208E-003,
4.970010649509509E+009,9.119992727733508E-003,
4.974995514754755E+009,9.081998840373605E-003,
4.979980380000000E+009,9.092376225703937E-003,
