% Version 1.00
%
% Ref Impedances: Z01: 50, Z02: 50
% 
%freq[Hz];Trc1_S21[U];
1.000000000000000E+005,2.472915511039248E-005,
5.084865245245245E+006,3.151470298297999E-004,
1.006973049049049E+007,8.614313684836965E-004,
1.505459573573574E+007,1.959711735301094E-003,
2.003946098098098E+007,2.474279901327320E-003,
2.502432622622623E+007,3.456794217486590E-003,
3.000919147147147E+007,4.790874906806515E-003,
3.499405671671671E+007,8.449996517473612E-003,
3.997892196196196E+007,1.508661112027340E-002,
4.496378720720721E+007,4.584640585830561E-002,
4.994865245245245E+007,6.348400814012586E-002,
5.493351769769770E+007,2.937188599077499E-002,
5.991838294294295E+007,2.378841818568727E-002,
6.490324818818819E+007,1.655913594980618E-002,
6.988811343343343E+007,1.231050365224682E-002,
7.487297867867868E+007,9.986504697115536E-003,
7.985784392392393E+007,8.837334137012076E-003,
8.484270916916917E+007,8.981781663725933E-003,
8.982757441441442E+007,9.542574350837513E-003,
9.481243965965965E+007,1.017035345733989E-002,
9.979730490490490E+007,1.157949136282748E-002,
1.047821701501502E+008,1.338125013785010E-002,
1.097670353953954E+008,1.526524934842267E-002,
1.147519006406407E+008,1.774143823942094E-002,
1.197367658858859E+008,2.075355107572488E-002,
1.247216311311311E+008,2.479405223747380E-002,
1.297064963763764E+008,3.086327980710532E-002,
1.346913616216216E+008,3.934283854008198E-002,
1.396762268668669E+008,5.406039678049963E-002,
1.446610921121121E+008,8.004374773492405E-002,
1.496459573573574E+008,1.350797928865990E-001,
1.546308226026026E+008,1.877607531045879E-001,
1.596156878478479E+008,1.365261537265972E-001,
1.646005530930931E+008,1.021180255057701E-001,
1.695854183383384E+008,8.461645655619042E-002,
1.745702835835836E+008,6.318164290923499E-002,
1.795551488288288E+008,3.880543352915204E-002,
1.845400140740741E+008,2.465890859557512E-002,
1.895248793193193E+008,1.777920159879200E-002,
1.945097445645646E+008,1.426058657957193E-002,
1.994946098098098E+008,1.162473022725834E-002,
2.044794750550551E+008,9.393319995190306E-003,
2.094643403003003E+008,7.390775064130459E-003,
2.144492055455456E+008,6.232488857570545E-003,
2.194340707907908E+008,5.322937467936256E-003,
2.244189360360360E+008,5.009811246040397E-003,
2.294038012812813E+008,5.417791337128819E-003,
2.343886665265265E+008,6.737412241566399E-003,
2.393735317717718E+008,8.688967117519748E-003,
2.443583970170170E+008,1.166689363051750E-002,
2.493432622622623E+008,1.641289767830204E-002,
2.543281275075075E+008,2.329620036039875E-002,
2.593129927527528E+008,3.349144314333271E-002,
2.642978579979980E+008,5.019250492497863E-002,
2.692827232432432E+008,8.119594908053072E-002,
2.742675884884885E+008,1.481257237379693E-001,
2.792524537337337E+008,2.160109278888652E-001,
2.842373189789790E+008,1.363080608992883E-001,
2.892221842242242E+008,8.781323801277932E-002,
2.942070494694695E+008,6.388704211915712E-002,
2.991919147147147E+008,5.052768997278556E-002,
3.041767799599600E+008,4.102158762328977E-002,
3.091616452052052E+008,3.506214338897488E-002,
3.141465104504505E+008,3.041425066602049E-002,
3.191313756956957E+008,2.606045893659966E-002,
3.241162409409409E+008,2.239449396190608E-002,
3.291011061861862E+008,1.989189815732239E-002,
3.340859714314314E+008,1.735548837011465E-002,
3.390708366766767E+008,1.432316453002572E-002,
3.440557019219219E+008,1.252797248190628E-002,
3.490405671671672E+008,1.123308378228868E-002,
3.540254324124124E+008,9.769704960139024E-003,
3.590102976576577E+008,8.610355765073423E-003,
3.639951629029029E+008,7.604703328824356E-003,
3.689800281481482E+008,6.973298899383895E-003,
3.739648933933934E+008,6.171924777719151E-003,
3.789497586386386E+008,6.213424373142948E-003,
3.839346238838839E+008,6.527833571019544E-003,
3.889194891291291E+008,6.918692514904113E-003,
3.939043543743744E+008,7.339306719956254E-003,
3.988892196196196E+008,7.538254025707707E-003,
4.038740848648649E+008,7.674225140798660E-003,
4.088589501101101E+008,7.651394424651885E-003,
4.138438153553554E+008,7.589320679759736E-003,
4.188286806006006E+008,8.510271533917015E-003,
4.238135458458459E+008,1.089254151193358E-002,
4.287984110910911E+008,1.302814845694073E-002,
4.337832763363363E+008,1.341256981723994E-002,
4.387681415815816E+008,1.346847551053090E-002,
4.437530068268268E+008,1.349560267972030E-002,
4.487378720720721E+008,1.348355982179902E-002,
4.537227373173173E+008,1.406893479541667E-002,
4.587076025625626E+008,1.448432686182935E-002,
4.636924678078078E+008,1.537688907665538E-002,
4.686773330530531E+008,1.646001816990064E-002,
4.736621982982983E+008,1.782243706628631E-002,
4.786470635435436E+008,1.968232890523666E-002,
4.836319287887888E+008,2.143022972137131E-002,
4.886167940340340E+008,2.287720453864277E-002,
4.936016592792793E+008,2.468451967695202E-002,
4.985865245245245E+008,2.579573809003657E-002,
5.035713897697698E+008,2.746239588957516E-002,
5.085562550150150E+008,2.905401441866977E-002,
5.135411202602603E+008,2.995639161281007E-002,
5.185259855055055E+008,3.088636729085561E-002,
5.235108507507508E+008,3.191389805075624E-002,
5.284957159959960E+008,3.241197658426539E-002,
5.334805812412412E+008,3.287424475527283E-002,
5.384654464864864E+008,3.334012110268444E-002,
5.434503117317318E+008,3.462859563548322E-002,
5.484351769769770E+008,3.600965193678676E-002,
5.534200422222222E+008,3.772809596036350E-002,
5.584049074674674E+008,3.871329197586894E-002,
5.633897727127128E+008,3.959952871999160E-002,
5.683746379579580E+008,4.045796682213412E-002,
5.733595032032032E+008,4.182103932119038E-002,
5.783443684484484E+008,4.241401572003318E-002,
5.833292336936938E+008,4.246709014310951E-002,
5.883140989389390E+008,4.288191265427469E-002,
5.932989641841842E+008,4.327114608441458E-002,
5.982838294294294E+008,4.456978933858088E-002,
6.032686946746746E+008,4.595954259645343E-002,
6.082535599199200E+008,4.716320872875206E-002,
6.132384251651652E+008,4.899078456355212E-002,
6.182232904104104E+008,4.987934607015550E-002,
6.232081556556556E+008,5.039571143871519E-002,
6.281930209009010E+008,5.153880311745753E-002,
6.331778861461462E+008,5.330111374537759E-002,
6.381627513913914E+008,5.396028775239124E-002,
6.431476166366366E+008,5.517453827435924E-002,
6.481324818818818E+008,5.669436762136969E-002,
6.531173471271272E+008,5.924029361028688E-002,
6.581022123723724E+008,6.253216985925938E-002,
6.630870776176176E+008,6.683477599548554E-002,
6.680719428628628E+008,7.363481673376482E-002,
6.730568081081082E+008,7.986507523114859E-002,
6.780416733533534E+008,8.586176271668304E-002,
6.830265385985986E+008,9.114023713411411E-002,
6.880114038438438E+008,9.619383627912388E-002,
6.929962690890890E+008,1.017804984883393E-001,
6.979811343343344E+008,1.078127107203600E-001,
7.029659995795796E+008,1.141823069703911E-001,
7.079508648248248E+008,1.190546689657081E-001,
7.129357300700700E+008,1.237483090105637E-001,
7.179205953153154E+008,1.289651371062200E-001,
7.229054605605606E+008,1.326391812826858E-001,
7.278903258058058E+008,1.362989749928667E-001,
7.328751910510510E+008,1.397684398583385E-001,
7.378600562962964E+008,1.433095671650196E-001,
7.428449215415416E+008,1.480719349028648E-001,
7.478297867867868E+008,1.530997590665048E-001,
7.528146520320320E+008,1.579903851332925E-001,
7.577995172772772E+008,1.643634326267115E-001,
7.627843825225226E+008,1.708647037222109E-001,
7.677692477677678E+008,1.757890499319942E-001,
7.727541130130130E+008,1.790518479563621E-001,
7.777389782582582E+008,1.796563554652575E-001,
7.827238435035036E+008,1.759806855272712E-001,
7.877087087487488E+008,1.693295286498777E-001,
7.926935739939940E+008,1.618740025450243E-001,
7.976784392392392E+008,1.541917211246223E-001,
8.026633044844844E+008,1.479758792330890E-001,
8.076481697297298E+008,1.434050699974585E-001,
8.126330349749750E+008,1.391926983881135E-001,
8.176179002202202E+008,1.385710068564048E-001,
8.226027654654654E+008,1.415137235465553E-001,
8.275876307107108E+008,1.445992147146443E-001,
8.325724959559560E+008,1.483082735105846E-001,
8.375573612012012E+008,1.535567595471889E-001,
8.425422264464464E+008,1.586756086085915E-001,
8.475270916916918E+008,1.633841488451348E-001,
8.525119569369370E+008,1.660808275740534E-001,
8.574968221821822E+008,1.687179832052884E-001,
8.624816874274274E+008,1.700031214338366E-001,
8.674665526726726E+008,1.690819518447100E-001,
8.724514179179180E+008,1.685031171053544E-001,
8.774362831631632E+008,1.666127323988888E-001,
8.824211484084084E+008,1.638686204356459E-001,
8.874060136536536E+008,1.623268136404094E-001,
8.923908788988990E+008,1.628543313709525E-001,
8.973757441441442E+008,1.650219694418626E-001,
9.023606093893894E+008,1.673218302185933E-001,
9.073454746346346E+008,1.700267918855418E-001,
9.123303398798798E+008,1.722148344695175E-001,
9.173152051251252E+008,1.742733240578745E-001,
9.223000703703704E+008,1.765164122202525E-001,
9.272849356156156E+008,1.777691162808477E-001,
9.322698008608608E+008,1.776333591373000E-001,
9.372546661061062E+008,1.770332596247169E-001,
9.422395313513514E+008,1.767648516780878E-001,
9.472243965965966E+008,1.742739176571176E-001,
9.522092618418418E+008,1.707558779226416E-001,
9.571941270870872E+008,1.665140329858779E-001,
9.621789923323324E+008,1.627786168405724E-001,
9.671638575775776E+008,1.581896549264734E-001,
9.721487228228228E+008,1.544573046205256E-001,
9.771335880680680E+008,1.520637602681013E-001,
9.821184533133134E+008,1.480522557786264E-001,
9.871033185585586E+008,1.432830225273621E-001,
9.920881838038038E+008,1.394160493544396E-001,
9.970730490490490E+008,1.357941856122240E-001,
1.002057914294294E+009,1.329152680440691E-001,
1.007042779539540E+009,1.311589440325392E-001,
1.012027644784785E+009,1.300765932348039E-001,
1.017012510030030E+009,1.298094179912971E-001,
1.021997375275275E+009,1.301663493703880E-001,
1.026982240520521E+009,1.310493335199388E-001,
1.031967105765766E+009,1.309890458354790E-001,
1.036951971011011E+009,1.276747919992711E-001,
1.041936836256256E+009,1.230879463000794E-001,
1.046921701501502E+009,1.190269901660381E-001,
1.051906566746747E+009,1.143481305211599E-001,
1.056891431991992E+009,1.104914235461984E-001,
1.061876297237237E+009,1.063604249068714E-001,
1.066861162482482E+009,1.037168632603300E-001,
1.071846027727728E+009,1.033893010092472E-001,
1.076830892972973E+009,1.036056890741498E-001,
1.081815758218218E+009,1.051425800910108E-001,
1.086800623463464E+009,1.064153778603499E-001,
1.091785488708709E+009,1.094156829294988E-001,
1.096770353953954E+009,1.114024173266349E-001,
1.101755219199199E+009,1.129716378534143E-001,
1.106740084444444E+009,1.129309238972359E-001,
1.111724949689690E+009,1.128063493254519E-001,
1.116709814934935E+009,1.120794740214556E-001,
1.121694680180180E+009,1.119313691398265E-001,
1.126679545425426E+009,1.117198412686444E-001,
1.131664410670671E+009,1.105768721797158E-001,
1.136649275915916E+009,1.087654262869417E-001,
1.141634141161161E+009,1.052718448786496E-001,
1.146619006406406E+009,1.010681671266020E-001,
1.151603871651652E+009,9.736853611238061E-002,
1.156588736896897E+009,9.262706189597644E-002,
1.161573602142142E+009,8.804656285503615E-002,
1.166558467387388E+009,8.451726446466482E-002,
1.171543332632633E+009,8.121142508621120E-002,
1.176528197877878E+009,7.970871074357318E-002,
1.181513063123123E+009,7.889274443450858E-002,
1.186497928368368E+009,7.914452352721860E-002,
1.191482793613614E+009,7.972766151271414E-002,
1.196467658858859E+009,8.051646501403420E-002,
1.201452524104104E+009,8.096986456874089E-002,
1.206437389349349E+009,8.168681177272101E-002,
1.211422254594595E+009,8.260666765612140E-002,
1.216407119839840E+009,8.212866108950763E-002,
1.221391985085085E+009,8.136849727067103E-002,
1.226376850330330E+009,8.037164372362676E-002,
1.231361715575576E+009,7.906004423492062E-002,
1.236346580820821E+009,7.839581684488584E-002,
1.241331446066066E+009,7.688282894572025E-002,
1.246316311311311E+009,7.575188099649412E-002,
1.251301176556557E+009,7.487788025804440E-002,
1.256286041801802E+009,7.341286467808786E-002,
1.261270907047047E+009,7.357049927016904E-002,
1.266255772292292E+009,7.456090669218683E-002,
1.271240637537538E+009,7.508935210903524E-002,
1.276225502782783E+009,7.620131236261371E-002,
1.281210368028028E+009,7.695805263351863E-002,
1.286195233273273E+009,7.722878679750334E-002,
1.291180098518518E+009,7.767815639929541E-002,
1.296164963763764E+009,7.782141428794084E-002,
1.301149829009009E+009,7.830726840632565E-002,
1.306134694254254E+009,7.837466759033974E-002,
1.311119559499500E+009,7.646102949044920E-002,
1.316104424744745E+009,7.395328734401087E-002,
1.321089289989990E+009,7.105833171902447E-002,
1.326074155235235E+009,6.769720335837676E-002,
1.331059020480480E+009,6.494258148285161E-002,
1.336043885725726E+009,6.228628075903059E-002,
1.341028750970971E+009,5.960004140994221E-002,
1.346013616216216E+009,5.766539440931898E-002,
1.350998481461462E+009,5.620244493758832E-002,
1.355983346706707E+009,5.608845182428959E-002,
1.360968211951952E+009,5.566513036731971E-002,
1.365953077197197E+009,5.690471498129347E-002,
1.370937942442442E+009,5.790017712511768E-002,
1.375922807687688E+009,5.909424898502864E-002,
1.380907672932933E+009,6.006245222820791E-002,
1.385892538178178E+009,6.063549179206001E-002,
1.390877403423424E+009,6.047214222671790E-002,
1.395862268668669E+009,6.115895893806168E-002,
1.400847133913914E+009,6.255489835860384E-002,
1.405831999159159E+009,6.357143148178043E-002,
1.410816864404404E+009,6.350422859848307E-002,
1.415801729649650E+009,6.362794926004674E-002,
1.420786594894895E+009,6.315475647015946E-002,
1.425771460140140E+009,6.310619332171874E-002,
1.430756325385386E+009,6.205828353355121E-002,
1.435741190630631E+009,6.111881392136567E-002,
1.440726055875876E+009,6.024745340449599E-002,
1.445710921121121E+009,5.907831221494001E-002,
1.450695786366366E+009,5.885652531583634E-002,
1.455680651611612E+009,5.837864136661834E-002,
1.460665516856857E+009,5.774959077178696E-002,
1.465650382102102E+009,5.769033649944200E-002,
1.470635247347347E+009,5.809363898163157E-002,
1.475620112592593E+009,5.842662943700352E-002,
1.480604977837838E+009,5.897797592944541E-002,
1.485589843083083E+009,5.906681012453231E-002,
1.490574708328328E+009,5.869431359616248E-002,
1.495559573573574E+009,5.808413866444508E-002,
1.500544438818819E+009,5.657825960812588E-002,
1.505529304064064E+009,5.513657452360540E-002,
1.510514169309309E+009,5.350568115240202E-002,
1.515499034554555E+009,5.154603433790159E-002,
1.520483899799800E+009,5.033570867366701E-002,
1.525468765045045E+009,4.977036079337385E-002,
1.530453630290290E+009,5.020022274053120E-002,
1.535438495535536E+009,5.143324990727333E-002,
1.540423360780781E+009,5.276515832578849E-002,
1.545408226026026E+009,5.377140412275522E-002,
1.550393091271271E+009,5.441644072935035E-002,
1.555377956516516E+009,5.533806233935765E-002,
1.560362821761762E+009,5.660652039799716E-002,
1.565347687007007E+009,5.725383084688460E-002,
1.570332552252252E+009,5.729904518341431E-002,
1.575317417497498E+009,5.771844688175453E-002,
1.580302282742743E+009,5.701758635475307E-002,
1.585287147987988E+009,5.714218758852204E-002,
1.590272013233233E+009,5.670025436282411E-002,
1.595256878478478E+009,5.701150602618085E-002,
1.600241743723724E+009,5.584154822526725E-002,
1.605226608968969E+009,5.514835420625469E-002,
1.610211474214214E+009,5.443823101184288E-002,
1.615196339459460E+009,5.424589425596160E-002,
1.620181204704705E+009,5.326723173572364E-002,
1.625166069949950E+009,5.213531718696719E-002,
1.630150935195195E+009,5.126516998740613E-002,
1.635135800440440E+009,5.035137142265322E-002,
1.640120665685686E+009,4.990202730290547E-002,
1.645105530930931E+009,4.874418189268702E-002,
1.650090396176176E+009,4.713665783232125E-002,
1.655075261421422E+009,4.649594522453489E-002,
1.660060126666667E+009,4.500390303298017E-002,
1.665044991911912E+009,4.374947647063380E-002,
1.670029857157157E+009,4.187078335931457E-002,
1.675014722402402E+009,4.018720752425601E-002,
1.679999587647648E+009,3.872217755959809E-002,
1.684984452892893E+009,3.661556270842702E-002,
1.689969318138138E+009,3.510630728839213E-002,
1.694954183383384E+009,3.296801823579765E-002,
1.699939048628629E+009,3.154605777154881E-002,
1.704923913873874E+009,2.971814638415632E-002,
1.709908779119119E+009,2.856513412058792E-002,
1.714893644364364E+009,2.678979539438605E-002,
1.719878509609610E+009,2.555263641626936E-002,
1.724863374854855E+009,2.388767131183930E-002,
1.729848240100100E+009,2.219848790285389E-002,
1.734833105345345E+009,2.090746201116846E-002,
1.739817970590591E+009,1.978354110561385E-002,
1.744802835835836E+009,1.915455867536395E-002,
1.749787701081081E+009,1.933951329830155E-002,
1.754772566326326E+009,2.016774359442098E-002,
1.759757431571572E+009,2.164273315007209E-002,
1.764742296816817E+009,2.285885328653162E-002,
1.769727162062062E+009,2.420425783112619E-002,
1.774712027307307E+009,2.441390250947255E-002,
1.779696892552553E+009,2.369355972396930E-002,
1.784681757797798E+009,2.230827014560934E-002,
1.789666623043043E+009,2.082832733100293E-002,
1.794651488288288E+009,1.964328442393733E-002,
1.799636353533534E+009,1.989204091183214E-002,
1.804621218778779E+009,1.986445284371803E-002,
1.809606084024024E+009,2.035181330848605E-002,
1.814590949269269E+009,2.005252817278228E-002,
1.819575814514514E+009,1.955622014068038E-002,
1.824560679759760E+009,1.849561183652859E-002,
1.829545545005005E+009,1.779728545861286E-002,
1.834530410250250E+009,1.719166936111650E-002,
1.839515275495496E+009,1.613977933617518E-002,
1.844500140740741E+009,1.598822384689050E-002,
1.849485005985986E+009,1.582241013868302E-002,
1.854469871231231E+009,1.605742839043374E-002,
1.859454736476476E+009,1.691734891323456E-002,
1.864439601721722E+009,1.767345615532734E-002,
1.869424466966967E+009,1.891585885907497E-002,
1.874409332212212E+009,1.979501496094602E-002,
1.879394197457458E+009,2.002864347686130E-002,
1.884379062702703E+009,1.975550882594683E-002,
1.889363927947948E+009,1.983212338497915E-002,
1.894348793193193E+009,2.019949087814837E-002,
1.899333658438438E+009,2.154949748568165E-002,
1.904318523683684E+009,2.289221136512746E-002,
1.909303388928929E+009,2.423179843064450E-002,
1.914288254174174E+009,2.556146020973850E-002,
1.919273119419420E+009,2.675997659290327E-002,
1.924257984664665E+009,2.765064641819481E-002,
1.929242849909910E+009,2.917071732981932E-002,
1.934227715155155E+009,3.006571057482244E-002,
1.939212580400400E+009,3.104937162922016E-002,
1.944197445645646E+009,3.102045607517556E-002,
1.949182310890891E+009,3.094299087786821E-002,
1.954167176136136E+009,3.163209874190457E-002,
1.959152041381382E+009,3.155449531452001E-002,
1.964136906626627E+009,3.196149594092476E-002,
1.969121771871872E+009,3.202519723745863E-002,
1.974106637117117E+009,3.178709149041356E-002,
1.979091502362362E+009,3.189311395349401E-002,
1.984076367607608E+009,3.128481615768122E-002,
1.989061232852853E+009,3.109570772425988E-002,
1.994046098098098E+009,3.070103769829321E-002,
1.999030963343343E+009,3.020794054561025E-002,
2.004015828588589E+009,2.999012498800450E-002,
2.009000693833834E+009,2.943296554638461E-002,
2.013985559079079E+009,2.914796264800930E-002,
2.018970424324324E+009,2.855222388548587E-002,
2.023955289569570E+009,2.777445065556667E-002,
2.028940154814815E+009,2.804046452928051E-002,
2.033925020060060E+009,2.781704888219029E-002,
2.038909885305305E+009,2.853842351439291E-002,
2.043894750550551E+009,2.868179807176466E-002,
2.048879615795796E+009,2.846562052872273E-002,
2.053864481041041E+009,2.789593414650007E-002,
2.058849346286286E+009,2.758228307402970E-002,
2.063834211531532E+009,2.691004610388068E-002,
2.068819076776777E+009,2.675613718842812E-002,
2.073803942022022E+009,2.657246034832028E-002,
2.078788807267267E+009,2.636859495095066E-002,
2.083773672512512E+009,2.568007694849293E-002,
2.088758537757758E+009,2.501267013925858E-002,
2.093743403003003E+009,2.388116938080172E-002,
2.098728268248248E+009,2.294282540187606E-002,
2.103713133493494E+009,2.186816594474033E-002,
2.108697998738739E+009,2.141761011514887E-002,
2.113682863983984E+009,2.090686415847527E-002,
2.118667729229229E+009,2.076690932032881E-002,
2.123652594474474E+009,2.108723742999053E-002,
2.128637459719720E+009,2.067844624170178E-002,
2.133622324964965E+009,2.018634891957050E-002,
2.138607190210210E+009,1.901310725008736E-002,
2.143592055455456E+009,1.763599126807513E-002,
2.148576920700701E+009,1.620016637438572E-002,
2.153561785945946E+009,1.544800154365334E-002,
2.158546651191191E+009,1.393664253501526E-002,
2.163531516436437E+009,1.235968180022161E-002,
2.168516381681682E+009,1.134313606477464E-002,
2.173501246926927E+009,1.041263488594362E-002,
2.178486112172172E+009,9.890338041106362E-003,
2.183470977417418E+009,9.701864075068291E-003,
2.188455842662663E+009,9.813601745327558E-003,
2.193440707907908E+009,9.956103498295017E-003,
2.198425573153153E+009,1.026739896488115E-002,
2.203410438398398E+009,1.036380908553368E-002,
2.208395303643644E+009,1.089219933415022E-002,
2.213380168888889E+009,1.116931293286643E-002,
2.218365034134134E+009,1.182903984075936E-002,
2.223349899379379E+009,1.260678840246202E-002,
2.228334764624625E+009,1.327666574026981E-002,
2.233319629869870E+009,1.386507549333098E-002,
2.238304495115115E+009,1.444856821125215E-002,
2.243289360360360E+009,1.482658469450414E-002,
2.248274225605606E+009,1.526028992185642E-002,
2.253259090850851E+009,1.474298539329155E-002,
2.258243956096096E+009,1.484623586929466E-002,
2.263228821341342E+009,1.502270257037215E-002,
2.268213686586587E+009,1.499409610323869E-002,
2.273198551831832E+009,1.543961506531488E-002,
2.278183417077077E+009,1.555893473991535E-002,
2.283168282322322E+009,1.614810238793487E-002,
2.288153147567567E+009,1.706474218028835E-002,
2.293138012812813E+009,1.820539135237331E-002,
2.298122878058058E+009,1.937859617557304E-002,
2.303107743303303E+009,2.081294904769247E-002,
2.308092608548549E+009,2.250512025831856E-002,
2.313077473793794E+009,2.405210600407135E-002,
2.318062339039039E+009,2.580357453681918E-002,
2.323047204284284E+009,2.577057669497803E-002,
2.328032069529530E+009,2.723762538273707E-002,
2.333016934774775E+009,2.780001735796993E-002,
2.338001800020020E+009,2.786606310723697E-002,
2.342986665265266E+009,2.825712899695949E-002,
2.347971530510510E+009,2.820420350985575E-002,
2.352956395755756E+009,2.817260881464881E-002,
2.357941261001001E+009,2.815337569378227E-002,
2.362926126246246E+009,2.869297313373196E-002,
2.367910991491491E+009,2.798581553689997E-002,
2.372895856736737E+009,2.796081064492034E-002,
2.377880721981982E+009,2.768646965512731E-002,
2.382865587227227E+009,2.793040522460623E-002,
2.387850452472473E+009,2.851548542236537E-002,
2.392835317717718E+009,2.885791369534601E-002,
2.397820182962963E+009,2.938898835466278E-002,
2.402805048208208E+009,2.980927986285277E-002,
2.407789913453454E+009,2.953631542171518E-002,
2.412774778698699E+009,2.976616217090510E-002,
2.417759643943944E+009,2.970175932712211E-002,
2.422744509189189E+009,2.984540776371454E-002,
2.427729374434434E+009,2.978868771121751E-002,
2.432714239679680E+009,2.927428086400883E-002,
2.437699104924925E+009,2.840665263721724E-002,
2.442683970170170E+009,2.764059713879207E-002,
2.447668835415415E+009,2.703718535425883E-002,
2.452653700660661E+009,2.646176854146079E-002,
2.457638565905906E+009,2.587713555172862E-002,
2.462623431151151E+009,2.598803291917658E-002,
2.467608296396397E+009,2.506917942545719E-002,
2.472593161641642E+009,2.428827929794519E-002,
2.477578026886887E+009,2.386828287965442E-002,
2.482562892132132E+009,2.282223647821390E-002,
2.487547757377378E+009,2.203643983334078E-002,
2.492532622622623E+009,2.139238745324426E-002,
2.497517487867868E+009,2.096796714523763E-002,
2.502502353113113E+009,2.079605174487232E-002,
2.507487218358358E+009,2.132669347097676E-002,
2.512472083603604E+009,2.179448583762877E-002,
2.517456948848849E+009,2.184921505230953E-002,
2.522441814094094E+009,2.233694180372611E-002,
2.527426679339339E+009,2.233739850594138E-002,
2.532411544584585E+009,2.272670792240146E-002,
2.537396409829830E+009,2.275237389658350E-002,
2.542381275075075E+009,2.241122569964200E-002,
2.547366140320320E+009,2.140957854231157E-002,
2.552351005565566E+009,2.062786236563192E-002,
2.557335870810811E+009,2.068702135575083E-002,
2.562320736056056E+009,2.011329871604686E-002,
2.567305601301302E+009,1.992276732038089E-002,
2.572290466546547E+009,2.028541812940563E-002,
2.577275331791792E+009,1.976462447188527E-002,
2.582260197037037E+009,1.956357220608186E-002,
2.587245062282282E+009,2.010967254859940E-002,
2.592229927527527E+009,2.087273524377591E-002,
2.597214792772773E+009,2.075075967585009E-002,
2.602199658018018E+009,2.084920338492232E-002,
2.607184523263263E+009,2.099029165188932E-002,
2.612169388508509E+009,2.205296376545576E-002,
2.617154253753754E+009,2.372316806369122E-002,
2.622139118998999E+009,2.363122883270128E-002,
2.627123984244244E+009,2.509575284691779E-002,
2.632108849489490E+009,2.597397196533627E-002,
2.637093714734735E+009,2.670588494179572E-002,
2.642078579979980E+009,2.748776716921136E-002,
2.647063445225225E+009,2.794697487913116E-002,
2.652048310470470E+009,2.856416452860139E-002,
2.657033175715716E+009,2.798495049879821E-002,
2.662018040960961E+009,2.765977715565962E-002,
2.667002906206206E+009,2.849711241196435E-002,
2.671987771451451E+009,2.865902419394196E-002,
2.676972636696697E+009,2.878274609540022E-002,
2.681957501941942E+009,2.882922491450578E-002,
2.686942367187187E+009,2.919854276268451E-002,
2.691927232432433E+009,2.983313820650851E-002,
2.696912097677678E+009,2.935596486797205E-002,
2.701896962922923E+009,2.975361361931908E-002,
2.706881828168168E+009,3.009453205971646E-002,
2.711866693413414E+009,3.009799300560558E-002,
2.716851558658659E+009,3.047455600081107E-002,
2.721836423903904E+009,3.095592614458735E-002,
2.726821289149149E+009,3.163314504465404E-002,
2.731806154394394E+009,3.226697963072853E-002,
2.736791019639640E+009,3.262762711731873E-002,
2.741775884884885E+009,3.241416729799226E-002,
2.746760750130130E+009,3.262774699285589E-002,
2.751745615375375E+009,3.270142545869654E-002,
2.756730480620621E+009,3.293488877707242E-002,
2.761715345865866E+009,3.313254479280562E-002,
2.766700211111111E+009,3.374239065841789E-002,
2.771685076356356E+009,3.418694684966613E-002,
2.776669941601602E+009,3.496431159373964E-002,
2.781654806846847E+009,3.599182619910069E-002,
2.786639672092092E+009,3.659921673753819E-002,
2.791624537337338E+009,3.725163212114072E-002,
2.796609402582583E+009,3.736127090138916E-002,
2.801594267827828E+009,3.709187586029684E-002,
2.806579133073073E+009,3.726772556317056E-002,
2.811563998318318E+009,3.657966736770377E-002,
2.816548863563564E+009,3.605245307886408E-002,
2.821533728808809E+009,3.575233517329703E-002,
2.826518594054054E+009,3.635710985584569E-002,
2.831503459299299E+009,3.609379672152207E-002,
2.836488324544545E+009,3.696869062581077E-002,
2.841473189789790E+009,3.787974774790501E-002,
2.846458055035035E+009,3.824603713734677E-002,
2.851442920280280E+009,3.809518200186392E-002,
2.856427785525526E+009,3.829187350040232E-002,
2.861412650770771E+009,3.866594524724522E-002,
2.866397516016016E+009,3.759870405645650E-002,
2.871382381261262E+009,3.660247661397909E-002,
2.876367246506506E+009,3.613532304833944E-002,
2.881352111751752E+009,3.527188198450341E-002,
2.886336976996997E+009,3.417505753702179E-002,
2.891321842242242E+009,3.324810260363166E-002,
2.896306707487487E+009,3.240294773476712E-002,
2.901291572732733E+009,3.146334651769681E-002,
2.906276437977978E+009,3.053470159629449E-002,
2.911261303223223E+009,3.011708587775635E-002,
2.916246168468469E+009,2.955152289234542E-002,
2.921231033713714E+009,2.884512327295298E-002,
2.926215898958959E+009,2.782330397004415E-002,
2.931200764204204E+009,2.817974460039140E-002,
2.936185629449450E+009,2.795282901528811E-002,
2.941170494694695E+009,2.843001903008583E-002,
2.946155359939940E+009,2.871575952547620E-002,
2.951140225185185E+009,2.868526858548770E-002,
2.956125090430430E+009,2.895638346583318E-002,
2.961109955675676E+009,2.912786301372855E-002,
2.966094820920921E+009,2.868795797264802E-002,
2.971079686166166E+009,2.866260797336893E-002,
2.976064551411411E+009,2.734734088943683E-002,
2.981049416656657E+009,2.683364142709939E-002,
2.986034281901902E+009,2.550505011049771E-002,
2.991019147147147E+009,2.367781224779234E-002,
2.996004012392393E+009,2.320532399674131E-002,
3.000988877637638E+009,2.194456051526696E-002,
3.005973742882883E+009,2.043900170641966E-002,
3.010958608128128E+009,1.919537873890679E-002,
3.015943473373374E+009,1.882613419629893E-002,
3.020928338618619E+009,1.821272846477367E-002,
3.025913203863864E+009,1.714472412685791E-002,
3.030898069109109E+009,1.656792168536895E-002,
3.035882934354354E+009,1.586256037689885E-002,
3.040867799599600E+009,1.551999087708735E-002,
3.045852664844845E+009,1.498857412327504E-002,
3.050837530090090E+009,1.426019106656129E-002,
3.055822395335335E+009,1.311131517008031E-002,
3.060807260580581E+009,1.322464702951586E-002,
3.065792125825826E+009,1.305164203088085E-002,
3.070776991071071E+009,1.224800854770242E-002,
3.075761856316316E+009,1.172162498745839E-002,
3.080746721561562E+009,1.084113466658060E-002,
3.085731586806807E+009,9.881146817312293E-003,
3.090716452052052E+009,8.880046436572555E-003,
3.095701317297298E+009,7.914015123410384E-003,
3.100686182542543E+009,6.867598289843153E-003,
3.105671047787788E+009,6.006700262599343E-003,
3.110655913033033E+009,5.220801427744825E-003,
3.115640778278278E+009,4.798734905482192E-003,
3.120625643523523E+009,4.495684434544639E-003,
3.125610508768769E+009,4.171586290071826E-003,
3.130595374014014E+009,3.786658365792841E-003,
3.135580239259259E+009,3.405378329889255E-003,
3.140565104504505E+009,3.226192323091143E-003,
3.145549969749750E+009,3.039126799927424E-003,
3.150534834994995E+009,2.878585227126267E-003,
3.155519700240240E+009,2.910105947406828E-003,
3.160504565485486E+009,2.967701876239491E-003,
3.165489430730731E+009,3.172947503569984E-003,
3.170474295975976E+009,3.294349254960606E-003,
3.175459161221221E+009,3.510430040899697E-003,
3.180444026466466E+009,3.871501111783937E-003,
3.185428891711712E+009,4.410775159942705E-003,
3.190413756956957E+009,4.984263004283338E-003,
3.195398622202202E+009,5.499078579343598E-003,
3.200383487447447E+009,6.069524102761357E-003,
3.205368352692693E+009,6.527366538546450E-003,
3.210353217937938E+009,6.926627144437307E-003,
3.215338083183183E+009,7.275721425523583E-003,
3.220322948428429E+009,7.698438208888678E-003,
3.225307813673674E+009,8.158912662937808E-003,
3.230292678918919E+009,8.402623335726351E-003,
3.235277544164164E+009,8.805890946205076E-003,
3.240262409409410E+009,9.187637835846302E-003,
3.245247274654655E+009,9.524564986962919E-003,
3.250232139899900E+009,9.912476078290867E-003,
3.255217005145145E+009,1.032590525589916E-002,
3.260201870390390E+009,1.080700259916839E-002,
3.265186735635636E+009,1.117384363525329E-002,
3.270171600880881E+009,1.132841085666858E-002,
3.275156466126126E+009,1.130172333943576E-002,
3.280141331371371E+009,1.117476105658078E-002,
3.285126196616617E+009,1.095137139530418E-002,
3.290111061861862E+009,1.071569724670921E-002,
3.295095927107107E+009,1.046945481833257E-002,
3.300080792352352E+009,1.030258413670939E-002,
3.305065657597598E+009,1.018519787305148E-002,
3.310050522842843E+009,1.006144953976483E-002,
3.315035388088088E+009,1.009610776050251E-002,
3.320020253333334E+009,1.005052684802278E-002,
3.325005118578579E+009,1.018760743627501E-002,
3.329989983823824E+009,1.012137327025998E-002,
3.334974849069069E+009,1.009544732796899E-002,
3.339959714314314E+009,1.010110432162847E-002,
3.344944579559560E+009,1.000725069529606E-002,
3.349929444804805E+009,1.001084624267923E-002,
3.354914310050050E+009,1.015137321044735E-002,
3.359899175295295E+009,1.034572804683518E-002,
3.364884040540541E+009,1.061239993606789E-002,
3.369868905785786E+009,1.090879042189762E-002,
3.374853771031031E+009,1.119615955482741E-002,
3.379838636276276E+009,1.144732449658102E-002,
3.384823501521522E+009,1.153640402340193E-002,
3.389808366766767E+009,1.154685655049067E-002,
3.394793232012012E+009,1.169591995981897E-002,
3.399778097257258E+009,1.158724198069604E-002,
3.404762962502502E+009,1.142018192709993E-002,
3.409747827747748E+009,1.106818294799238E-002,
3.414732692992993E+009,1.083022121241381E-002,
3.419717558238238E+009,1.059627307747698E-002,
3.424702423483483E+009,1.032801498942704E-002,
3.429687288728729E+009,1.017681793207206E-002,
3.434672153973974E+009,9.974187735423617E-003,
3.439657019219219E+009,9.484893715406477E-003,
3.444641884464465E+009,9.019055393540068E-003,
3.449626749709710E+009,8.432264540545142E-003,
3.454611614954955E+009,7.697607659470496E-003,
3.459596480200200E+009,7.255461416939617E-003,
3.464581345445446E+009,6.745612962175551E-003,
3.469566210690691E+009,6.227621895780661E-003,
3.474551075935936E+009,5.731680091466010E-003,
3.479535941181181E+009,5.154857731825669E-003,
3.484520806426426E+009,4.573132332275709E-003,
3.489505671671672E+009,4.128698795955983E-003,
3.494490536916917E+009,3.762919241611454E-003,
3.499475402162162E+009,3.275264040577775E-003,
3.504460267407407E+009,2.770029426946778E-003,
3.509445132652653E+009,2.531244338545201E-003,
3.514429997897898E+009,2.449294685006381E-003,
3.519414863143143E+009,2.732142283100922E-003,
3.524399728388389E+009,3.104695282188002E-003,
3.529384593633634E+009,3.486597050752614E-003,
3.534369458878879E+009,4.005415350588870E-003,
3.539354324124124E+009,4.431358505791253E-003,
3.544339189369370E+009,4.955604910847248E-003,
3.549324054614615E+009,5.202843777309867E-003,
3.554308919859860E+009,5.701746665087499E-003,
3.559293785105105E+009,6.098778762498392E-003,
3.564278650350350E+009,6.699109884899349E-003,
3.569263515595596E+009,7.333330006748553E-003,
3.574248380840841E+009,7.930796863099072E-003,
3.579233246086086E+009,8.455237081196386E-003,
3.584218111331331E+009,8.955328347785509E-003,
3.589202976576577E+009,9.198134437108920E-003,
3.594187841821822E+009,9.569345670863426E-003,
3.599172707067067E+009,9.892591111565475E-003,
3.604157572312312E+009,1.018327866580665E-002,
3.609142437557558E+009,1.034374163297143E-002,
3.614127302802803E+009,1.051617507492230E-002,
3.619112168048048E+009,1.070850117538595E-002,
3.624097033293294E+009,1.086072266088327E-002,
3.629081898538539E+009,1.111129204621839E-002,
3.634066763783784E+009,1.125868389641602E-002,
3.639051629029029E+009,1.145535818920542E-002,
3.644036494274274E+009,1.167822587873717E-002,
3.649021359519519E+009,1.193117579839178E-002,
3.654006224764765E+009,1.246185515064546E-002,
3.658991090010010E+009,1.288674918014041E-002,
3.663975955255255E+009,1.338452002635764E-002,
3.668960820500501E+009,1.391303615190549E-002,
3.673945685745746E+009,1.456248439941715E-002,
3.678930550990991E+009,1.519145678887427E-002,
3.683915416236236E+009,1.608225545221706E-002,
3.688900281481482E+009,1.695140919159386E-002,
3.693885146726727E+009,1.774116830408897E-002,
3.698870011971972E+009,1.869558442017614E-002,
3.703854877217217E+009,1.947423023606503E-002,
3.708839742462462E+009,2.008557785427500E-002,
3.713824607707708E+009,1.954581415093562E-002,
3.718809472952953E+009,2.011148856656750E-002,
3.723794338198198E+009,1.999561242938229E-002,
3.728779203443443E+009,2.043385295536830E-002,
3.733764068688689E+009,2.006940656835432E-002,
3.738748933933934E+009,2.052024407755728E-002,
3.743733799179179E+009,2.010720506407079E-002,
3.748718664424425E+009,2.078234322313943E-002,
3.753703529669670E+009,2.012823580233917E-002,
3.758688394914915E+009,1.986953433781878E-002,
3.763673260160160E+009,2.027590481641432E-002,
3.768658125405406E+009,2.046402060323789E-002,
3.773642990650651E+009,2.138042964758063E-002,
3.778627855895896E+009,2.191895272952040E-002,
3.783612721141141E+009,2.181018305609086E-002,
3.788597586386386E+009,2.146874404632912E-002,
3.793582451631632E+009,2.151828532209730E-002,
3.798567316876877E+009,2.153222927480840E-002,
3.803552182122122E+009,2.163767974914424E-002,
3.808537047367367E+009,2.133319926558588E-002,
3.813521912612613E+009,2.126402958436137E-002,
3.818506777857858E+009,2.159447507693378E-002,
3.823491643103103E+009,2.114624482086652E-002,
3.828476508348349E+009,2.119641587402026E-002,
3.833461373593594E+009,2.097792937012238E-002,
3.838446238838839E+009,2.029836577406354E-002,
3.843431104084084E+009,2.060063410976078E-002,
3.848415969329330E+009,2.057244140461237E-002,
3.853400834574575E+009,2.082233692181413E-002,
3.858385699819820E+009,2.114809507708293E-002,
3.863370565065065E+009,2.059520102676527E-002,
3.868355430310310E+009,2.139431441643067E-002,
3.873340295555556E+009,2.109722503440843E-002,
3.878325160800801E+009,2.156454175514366E-002,
3.883310026046046E+009,2.176277887789974E-002,
3.888294891291291E+009,2.150616307660739E-002,
3.893279756536537E+009,2.149952670843279E-002,
3.898264621781782E+009,2.137080742864327E-002,
3.903249487027027E+009,2.091860943032558E-002,
3.908234352272272E+009,2.034471487774646E-002,
3.913219217517518E+009,2.080484120870508E-002,
3.918204082762763E+009,1.943030637185348E-002,
3.923188948008008E+009,1.913728029281179E-002,
3.928173813253254E+009,1.848432434525695E-002,
3.933158678498498E+009,1.871783956627289E-002,
3.938143543743744E+009,1.748845516245296E-002,
3.943128408988989E+009,1.722206843856034E-002,
3.948113274234234E+009,1.730739961947464E-002,
3.953098139479479E+009,1.697210034711696E-002,
3.958083004724725E+009,1.693661398905962E-002,
3.963067869969970E+009,1.784732883550922E-002,
3.968052735215215E+009,1.807353632191334E-002,
3.973037600460461E+009,1.830459288867938E-002,
3.978022465705706E+009,1.783044567489161E-002,
3.983007330950951E+009,1.747143355242256E-002,
3.987992196196196E+009,1.755277168357919E-002,
3.992977061441442E+009,1.738140489457063E-002,
3.997961926686687E+009,1.664790199114012E-002,
4.002946791931932E+009,1.627013848162221E-002,
4.007931657177177E+009,1.566246916507820E-002,
4.012916522422422E+009,1.518692801620387E-002,
4.017901387667668E+009,1.479180090173296E-002,
4.022886252912913E+009,1.449248040865771E-002,
4.027871118158158E+009,1.440773458254780E-002,
4.032855983403403E+009,1.446778274232344E-002,
4.037840848648649E+009,1.455313706694172E-002,
4.042825713893894E+009,1.468692205055997E-002,
4.047810579139139E+009,1.483864555032348E-002,
4.052795444384385E+009,1.502741629555895E-002,
4.057780309629630E+009,1.521874029857581E-002,
4.062765174874875E+009,1.535236217009261E-002,
4.067750040120120E+009,1.536829823840383E-002,
4.072734905365366E+009,1.518347295461517E-002,
4.077719770610611E+009,1.485859766431905E-002,
4.082704635855856E+009,1.449976182445587E-002,
4.087689501101101E+009,1.411329334452919E-002,
4.092674366346346E+009,1.370993422143688E-002,
4.097659231591592E+009,1.324313791529220E-002,
4.102644096836837E+009,1.288532338448808E-002,
4.107628962082082E+009,1.235053255618735E-002,
4.112613827327327E+009,1.187144457394009E-002,
4.117598692572573E+009,1.142975004762730E-002,
4.122583557817818E+009,1.120883608645340E-002,
4.127568423063063E+009,1.091358435708173E-002,
4.132553288308308E+009,1.067314337322188E-002,
4.137538153553554E+009,1.068492298097957E-002,
4.142523018798799E+009,1.074083129040758E-002,
4.147507884044044E+009,1.088539431614188E-002,
4.152492749289290E+009,1.100657768260033E-002,
4.157477614534535E+009,1.121497592656714E-002,
4.162462479779780E+009,1.134421759334286E-002,
4.167447345025025E+009,1.152286069275572E-002,
4.172432210270270E+009,1.160402349860544E-002,
4.177417075515515E+009,1.168857034728803E-002,
4.182401940760761E+009,1.164893851440766E-002,
4.187386806006006E+009,1.147911198406763E-002,
4.192371671251251E+009,1.131973235310722E-002,
4.197356536496497E+009,1.097052202003015E-002,
4.202341401741742E+009,1.070828924960074E-002,
4.207326266986987E+009,1.029526134996024E-002,
4.212311132232232E+009,1.005960416455617E-002,
4.217295997477478E+009,9.819216884441763E-003,
4.222280862722723E+009,9.606983755333894E-003,
4.227265727967968E+009,9.439734852024562E-003,
4.232250593213213E+009,9.352372649663480E-003,
4.237235458458458E+009,9.244579506528723E-003,
4.242220323703704E+009,9.105312652040298E-003,
4.247205188948949E+009,8.949713457368627E-003,
4.252190054194194E+009,8.995096338459562E-003,
4.257174919439439E+009,9.030791136526981E-003,
4.262159784684685E+009,9.120929544313105E-003,
4.267144649929930E+009,9.139142881647903E-003,
4.272129515175175E+009,9.027512481939269E-003,
4.277114380420421E+009,8.931419845224038E-003,
4.282099245665666E+009,8.686386271092266E-003,
4.287084110910911E+009,8.447537437981290E-003,
4.292068976156156E+009,8.221451807475253E-003,
4.297053841401402E+009,7.793859007349559E-003,
4.302038706646647E+009,7.372450760225476E-003,
4.307023571891892E+009,7.124826386447147E-003,
4.312008437137137E+009,6.863685044564229E-003,
4.316993302382382E+009,6.785944524852494E-003,
4.321978167627627E+009,6.716546908719548E-003,
4.326963032872873E+009,6.627390980774680E-003,
4.331947898118118E+009,6.537679674789475E-003,
4.336932763363363E+009,6.531116149361110E-003,
4.341917628608608E+009,6.516353973775629E-003,
4.346902493853854E+009,6.549064416458614E-003,
4.351887359099099E+009,6.766019945192837E-003,
4.356872224344344E+009,7.029211426196682E-003,
4.361857089589590E+009,7.258433896901035E-003,
4.366841954834835E+009,7.463017135969873E-003,
4.371826820080080E+009,7.679813032700691E-003,
4.376811685325325E+009,7.944224915638754E-003,
4.381796550570571E+009,8.147160018732948E-003,
4.386781415815816E+009,8.439575191842670E-003,
4.391766281061061E+009,8.701383764620785E-003,
4.396751146306306E+009,8.857016178464183E-003,
4.401736011551552E+009,8.816674066403747E-003,
4.406720876796797E+009,8.869828711382533E-003,
4.411705742042042E+009,8.753735252623785E-003,
4.416690607287288E+009,8.687981477119156E-003,
4.421675472532533E+009,8.813882328252377E-003,
4.426660337777778E+009,8.702947922500438E-003,
4.431645203023023E+009,8.494748423007417E-003,
4.436630068268269E+009,8.430945160052585E-003,
4.441614933513514E+009,8.152103675175680E-003,
4.446599798758759E+009,8.035422229371004E-003,
4.451584664004005E+009,7.998299355373925E-003,
4.456569529249250E+009,7.927989547787610E-003,
4.461554394494494E+009,8.000104725436824E-003,
4.466539259739739E+009,7.929541992644942E-003,
4.471524124984985E+009,8.046071306074161E-003,
4.476508990230230E+009,8.289209431096678E-003,
4.481493855475475E+009,8.492548576209034E-003,
4.486478720720720E+009,8.639247321381161E-003,
4.491463585965966E+009,8.933669789635447E-003,
4.496448451211211E+009,9.174787186690783E-003,
4.501433316456456E+009,9.406370601001737E-003,
4.506418181701702E+009,9.495673863251527E-003,
4.511403046946947E+009,9.409700861979594E-003,
4.516387912192192E+009,9.441790842817781E-003,
4.521372777437437E+009,9.354921482658743E-003,
4.526357642682683E+009,9.156932337942483E-003,
4.531342507927928E+009,9.048076442129051E-003,
4.536327373173173E+009,8.681495572519548E-003,
4.541312238418419E+009,8.320874669496176E-003,
4.546297103663664E+009,8.077966182348576E-003,
4.551281968908909E+009,7.786659834637126E-003,
4.556266834154154E+009,7.615974964876708E-003,
4.561251699399400E+009,7.357202976610897E-003,
4.566236564644645E+009,7.296482230149677E-003,
4.571221429889890E+009,7.243874753410880E-003,
4.576206295135135E+009,7.316779597815723E-003,
4.581191160380381E+009,7.442517311788750E-003,
4.586176025625626E+009,7.540140822122697E-003,
4.591160890870871E+009,7.736208301857470E-003,
4.596145756116117E+009,7.949130626177648E-003,
4.601130621361362E+009,8.168425191086907E-003,
4.606115486606607E+009,8.292505555199156E-003,
4.611100351851852E+009,8.276523626019017E-003,
4.616085217097097E+009,8.138538752838213E-003,
4.621070082342342E+009,7.613442087332407E-003,
4.626054947587587E+009,7.099988263982565E-003,
4.631039812832833E+009,6.515156457346112E-003,
4.636024678078078E+009,5.997337818618592E-003,
4.641009543323323E+009,5.585183673884273E-003,
4.645994408568568E+009,5.316039494122076E-003,
4.650979273813814E+009,5.131428507138952E-003,
4.655964139059059E+009,4.945705188275454E-003,
4.660949004304304E+009,4.797151648592745E-003,
4.665933869549550E+009,4.747017677092165E-003,
4.670918734794795E+009,4.677414127882212E-003,
4.675903600040040E+009,4.640067029530920E-003,
4.680888465285285E+009,4.506032521482246E-003,
4.685873330530531E+009,4.471471638703171E-003,
4.690858195775776E+009,4.484296792363270E-003,
4.695843061021021E+009,4.513364945192212E-003,
4.700827926266266E+009,4.489658342293377E-003,
4.705812791511512E+009,4.529202051293555E-003,
4.710797656756757E+009,4.505404078754305E-003,
4.715782522002002E+009,4.379764017626739E-003,
4.720767387247248E+009,4.375492428349308E-003,
4.725752252492493E+009,4.248736827728915E-003,
4.730737117737738E+009,4.196622064412691E-003,
4.735721982982983E+009,4.016899210870946E-003,
4.740706848228229E+009,3.992435407744188E-003,
4.745691713473474E+009,3.961508623485809E-003,
4.750676578718719E+009,4.043905184298435E-003,
4.755661443963965E+009,3.799884230403787E-003,
4.760646309209209E+009,3.796077212286388E-003,
4.765631174454454E+009,3.692985217937330E-003,
4.770616039699699E+009,3.663038872951049E-003,
4.775600904944945E+009,3.688574288627152E-003,
4.780585770190190E+009,3.811820495354480E-003,
4.785570635435435E+009,4.041573353233549E-003,
4.790555500680680E+009,4.254848169654601E-003,
4.795540365925926E+009,4.540573271180793E-003,
4.800525231171171E+009,4.953622695754823E-003,
4.805510096416416E+009,5.371890411626926E-003,
4.810494961661662E+009,5.515432873488161E-003,
4.815479826906907E+009,5.817400670754468E-003,
4.820464692152152E+009,6.040916719663779E-003,
4.825449557397397E+009,5.912595633426190E-003,
4.830434422642643E+009,5.903171256518940E-003,
4.835419287887888E+009,5.863132281675295E-003,
4.840404153133133E+009,5.771972838911762E-003,
4.845389018378379E+009,5.611210100106717E-003,
4.850373883623624E+009,5.437997518527711E-003,
4.855358748868869E+009,5.337013781038322E-003,
4.860343614114114E+009,5.259799415198409E-003,
4.865328479359360E+009,5.199847741146290E-003,
4.870313344604605E+009,5.250280230339954E-003,
4.875298209849850E+009,5.296320466791300E-003,
4.880283075095095E+009,5.371758990727891E-003,
4.885267940340341E+009,5.477645013175629E-003,
4.890252805585586E+009,5.632563813136936E-003,
4.895237670830831E+009,5.785639648574937E-003,
4.900222536076077E+009,6.079312462875437E-003,
4.905207401321322E+009,6.340230368111648E-003,
4.910192266566567E+009,6.394416636727825E-003,
4.915177131811811E+009,6.661637133542161E-003,
4.920161997057057E+009,6.792608498273184E-003,
4.925146862302302E+009,6.747721694137862E-003,
4.930131727547547E+009,6.624029758570788E-003,
4.935116592792793E+009,6.504689400802851E-003,
4.940101458038038E+009,6.438267369862899E-003,
4.945086323283283E+009,6.392374719270696E-003,
4.950071188528528E+009,6.499571454363571E-003,
4.955056053773774E+009,6.259390568120101E-003,
4.960040919019019E+009,6.273742355889672E-003,
4.965025784264264E+009,6.252032494735123E-003,
4.970010649509509E+009,6.180300145629160E-003,
4.974995514754755E+009,6.201662805419129E-003,
4.979980380000000E+009,6.261735888533555E-003,
