% Version 1.00
%
% Ref Impedances: Z01: 50, Z02: 50
% 
%freq[Hz];Trc1_S21[U];
1.000000000000000E+005,3.544537810300002E-005,
5.084865245245245E+006,4.033602502240358E-004,
1.006973049049049E+007,9.260362203632644E-004,
1.505459573573574E+007,1.754100878250718E-003,
2.003946098098098E+007,2.411982571306281E-003,
2.502432622622623E+007,3.478769310283480E-003,
3.000919147147147E+007,5.104245025545249E-003,
3.499405671671671E+007,8.945138134285723E-003,
3.997892196196196E+007,1.780131605916745E-002,
4.496378720720721E+007,5.756862095159906E-002,
4.994865245245245E+007,4.884278437329562E-002,
5.493351769769770E+007,2.559306771656372E-002,
5.991838294294295E+007,1.907474609902462E-002,
6.490324818818819E+007,1.405665592796951E-002,
6.988811343343343E+007,1.113564089643877E-002,
7.487297867867868E+007,9.040769924209709E-003,
7.985784392392393E+007,6.812141872931139E-003,
8.484270916916917E+007,6.585751862150300E-003,
8.982757441441442E+007,6.390992962305096E-003,
9.481243965965965E+007,6.131916874165220E-003,
9.979730490490490E+007,6.517346487965643E-003,
1.047821701501502E+008,7.147725920329699E-003,
1.097670353953954E+008,8.231366732712058E-003,
1.147519006406407E+008,8.838029970206366E-003,
1.197367658858859E+008,9.171339781333249E-003,
1.247216311311311E+008,1.020118856836696E-002,
1.297064963763764E+008,1.148629627932307E-002,
1.346913616216216E+008,1.374053364469431E-002,
1.396762268668669E+008,1.806132742103038E-002,
1.446610921121121E+008,2.215939112008053E-002,
1.496459573573574E+008,2.870276210307844E-002,
1.546308226026026E+008,4.012864517829352E-002,
1.596156878478479E+008,7.007260452445792E-002,
1.646005530930931E+008,1.343548261324216E-001,
1.695854183383384E+008,1.539861187071923E-001,
1.745702835835836E+008,8.687750970537427E-002,
1.795551488288288E+008,5.381872598755518E-002,
1.845400140740741E+008,3.711772647828588E-002,
1.895248793193193E+008,2.891115998395661E-002,
1.945097445645646E+008,2.321098838972188E-002,
1.994946098098098E+008,1.790229475403357E-002,
2.044794750550551E+008,1.389241908772891E-002,
2.094643403003003E+008,1.107696320504670E-002,
2.144492055455456E+008,8.412500577352450E-003,
2.194340707907908E+008,6.470326441042398E-003,
2.244189360360360E+008,4.939899147356127E-003,
2.294038012812813E+008,3.834069500270898E-003,
2.343886665265265E+008,3.625393274596759E-003,
2.393735317717718E+008,5.074734213910791E-003,
2.443583970170170E+008,7.949488705404347E-003,
2.493432622622623E+008,1.210450757704690E-002,
2.543281275075075E+008,1.750369336286167E-002,
2.593129927527528E+008,2.554323559916343E-002,
2.642978579979980E+008,3.767374875391191E-002,
2.692827232432432E+008,6.008160421851826E-002,
2.742675884884885E+008,9.974402472568793E-002,
2.792524537337337E+008,1.540942483805696E-001,
2.842373189789790E+008,1.355386144376043E-001,
2.892221842242242E+008,9.208149243443858E-002,
2.942070494694695E+008,6.629121831247417E-002,
2.991919147147147E+008,5.171893799743328E-002,
3.041767799599600E+008,4.188808511390271E-002,
3.091616452052052E+008,3.573812367861524E-002,
3.141465104504505E+008,3.050286254737251E-002,
3.191313756956957E+008,2.527831783376746E-002,
3.241162409409409E+008,2.130279490814651E-002,
3.291011061861862E+008,1.803713471189390E-002,
3.340859714314314E+008,1.525085028983071E-002,
3.390708366766767E+008,1.260595517138463E-002,
3.440557019219219E+008,1.018829315940606E-002,
3.490405671671672E+008,8.561018475017779E-003,
3.540254324124124E+008,7.046038237446050E-003,
3.590102976576577E+008,5.413463966724127E-003,
3.639951629029029E+008,3.972652531746976E-003,
3.689800281481482E+008,2.771776595756344E-003,
3.739648933933934E+008,2.129936634218752E-003,
3.789497586386386E+008,2.375311715645736E-003,
3.839346238838839E+008,3.574198645546548E-003,
3.889194891291291E+008,4.821187647975413E-003,
3.939043543743744E+008,5.766926563834297E-003,
3.988892196196196E+008,6.664534198382588E-003,
4.038740848648649E+008,7.688229260344999E-003,
4.088589501101101E+008,9.352230886194373E-003,
4.138438153553554E+008,1.062199021099210E-002,
4.188286806006006E+008,1.263447329938961E-002,
4.238135458458459E+008,1.530595775475914E-002,
4.287984110910911E+008,1.612811230697809E-002,
4.337832763363363E+008,1.566430049953213E-002,
4.387681415815816E+008,1.578781017333907E-002,
4.437530068268268E+008,1.563602800934773E-002,
4.487378720720721E+008,1.619104387336901E-002,
4.537227373173173E+008,1.739533531472225E-002,
4.587076025625626E+008,1.870417836122283E-002,
4.636924678078078E+008,2.055791334344643E-002,
4.686773330530531E+008,2.236747882502672E-002,
4.736621982982983E+008,2.488836181455589E-002,
4.786470635435436E+008,2.730205569486200E-002,
4.836319287887888E+008,2.983373046843006E-002,
4.886167940340340E+008,3.212927721379313E-002,
4.936016592792793E+008,3.477008524030089E-002,
4.985865245245245E+008,3.638569102023589E-002,
5.035713897697698E+008,3.789555880875716E-002,
5.085562550150150E+008,3.921687146609789E-002,
5.135411202602603E+008,4.022265470409940E-002,
5.185259855055055E+008,4.049099497018206E-002,
5.235108507507508E+008,4.094579580704776E-002,
5.284957159959960E+008,4.149936110702381E-002,
5.334805812412412E+008,4.205193076749800E-002,
5.384654464864864E+008,4.235426881627430E-002,
5.434503117317318E+008,4.418443896152151E-002,
5.484351769769770E+008,4.579355169028172E-002,
5.534200422222222E+008,4.791926586992345E-002,
5.584049074674674E+008,4.890408832627300E-002,
5.633897727127128E+008,5.068311907574651E-002,
5.683746379579580E+008,5.231427464009762E-002,
5.733595032032032E+008,5.239971318255079E-002,
5.783443684484484E+008,5.286713295352804E-002,
5.833292336936938E+008,5.186261900986178E-002,
5.883140989389390E+008,5.219077457814000E-002,
5.932989641841842E+008,5.209410464757932E-002,
5.982838294294294E+008,5.301376217927734E-002,
6.032686946746746E+008,5.373821409796714E-002,
6.082535599199200E+008,5.455770174307570E-002,
6.132384251651652E+008,5.527471177736493E-002,
6.182232904104104E+008,5.643068459294757E-002,
6.232081556556556E+008,5.724765353406128E-002,
6.281930209009010E+008,5.859161026633809E-002,
6.331778861461462E+008,6.032558260249828E-002,
6.381627513913914E+008,6.246587357221131E-002,
6.431476166366366E+008,6.444532203511287E-002,
6.481324818818818E+008,6.639159946817962E-002,
6.531173471271272E+008,6.874041450019038E-002,
6.581022123723724E+008,7.119010818025748E-002,
6.630870776176176E+008,7.380669862087172E-002,
6.680719428628628E+008,7.869926831059133E-002,
6.730568081081082E+008,8.454844474177854E-002,
6.780416733533534E+008,9.016023386113943E-002,
6.830265385985986E+008,9.620343586024198E-002,
6.880114038438438E+008,1.020617984270842E-001,
6.929962690890890E+008,1.065320508493876E-001,
6.979811343343344E+008,1.108569582233608E-001,
7.029659995795796E+008,1.140218133240374E-001,
7.079508648248248E+008,1.188335427192976E-001,
7.129357300700700E+008,1.222088222211822E-001,
7.179205953153154E+008,1.250953797390490E-001,
7.229054605605606E+008,1.276951021334409E-001,
7.278903258058058E+008,1.300208328341850E-001,
7.328751910510510E+008,1.321283872402180E-001,
7.378600562962964E+008,1.342334963169052E-001,
7.428449215415416E+008,1.381622253851440E-001,
7.478297867867868E+008,1.430030415919035E-001,
7.528146520320320E+008,1.491385950099753E-001,
7.577995172772772E+008,1.564328950151190E-001,
7.627843825225226E+008,1.643854433352984E-001,
7.677692477677678E+008,1.709534650701836E-001,
7.727541130130130E+008,1.763800968029465E-001,
7.777389782582582E+008,1.777521136890111E-001,
7.827238435035036E+008,1.757315427136006E-001,
7.877087087487488E+008,1.719918832175170E-001,
7.926935739939940E+008,1.699457431311860E-001,
7.976784392392392E+008,1.676390923340921E-001,
8.026633044844844E+008,1.660396048039135E-001,
8.076481697297298E+008,1.651560309910797E-001,
8.126330349749750E+008,1.624219168780332E-001,
8.176179002202202E+008,1.597994837716052E-001,
8.226027654654654E+008,1.590464630545389E-001,
8.275876307107108E+008,1.570987292222822E-001,
8.325724959559560E+008,1.567495676077339E-001,
8.375573612012012E+008,1.579622108393970E-001,
8.425422264464464E+008,1.572251744094919E-001,
8.475270916916918E+008,1.583545658842289E-001,
8.525119569369370E+008,1.598287411351289E-001,
8.574968221821822E+008,1.621596181648156E-001,
8.624816874274274E+008,1.638218378683287E-001,
8.674665526726726E+008,1.633832900102826E-001,
8.724514179179180E+008,1.629285816943590E-001,
8.774362831631632E+008,1.610020351766003E-001,
8.824211484084084E+008,1.572798005492774E-001,
8.874060136536536E+008,1.531440861462417E-001,
8.923908788988990E+008,1.525161755263350E-001,
8.973757441441442E+008,1.553006784951814E-001,
9.023606093893894E+008,1.592732829770375E-001,
9.073454746346346E+008,1.617960385866142E-001,
9.123303398798798E+008,1.653140174588772E-001,
9.173152051251252E+008,1.691291984739663E-001,
9.223000703703704E+008,1.734993956359804E-001,
9.272849356156156E+008,1.773266367290576E-001,
9.322698008608608E+008,1.802136434524162E-001,
9.372546661061062E+008,1.834832393888067E-001,
9.422395313513514E+008,1.856429362564883E-001,
9.472243965965966E+008,1.844744656024826E-001,
9.522092618418418E+008,1.813386747659889E-001,
9.571941270870872E+008,1.762025095238778E-001,
9.621789923323324E+008,1.718331258527319E-001,
9.671638575775776E+008,1.679088509475491E-001,
9.721487228228228E+008,1.649865231718618E-001,
9.771335880680680E+008,1.620599062592629E-001,
9.821184533133134E+008,1.575981104498541E-001,
9.871033185585586E+008,1.517779151521475E-001,
9.920881838038038E+008,1.462346266752257E-001,
9.970730490490490E+008,1.414450927733587E-001,
1.002057914294294E+009,1.377808454778110E-001,
1.007042779539540E+009,1.357337485951103E-001,
1.012027644784785E+009,1.349666681795318E-001,
1.017012510030030E+009,1.332010119245634E-001,
1.021997375275275E+009,1.314932120500844E-001,
1.026982240520521E+009,1.285578385305954E-001,
1.031967105765766E+009,1.253480752337655E-001,
1.036951971011011E+009,1.202558984954041E-001,
1.041936836256256E+009,1.143821862164882E-001,
1.046921701501502E+009,1.080454209244986E-001,
1.051906566746747E+009,1.029348540041273E-001,
1.056891431991992E+009,9.880278304009883E-002,
1.061876297237237E+009,9.524545402652149E-002,
1.066861162482482E+009,9.226267049866833E-002,
1.071846027727728E+009,9.153921652368180E-002,
1.076830892972973E+009,9.059049944436090E-002,
1.081815758218218E+009,9.087346682021381E-002,
1.086800623463464E+009,9.113834601634850E-002,
1.091785488708709E+009,9.289983145840214E-002,
1.096770353953954E+009,9.447523034651911E-002,
1.101755219199199E+009,9.655807764856692E-002,
1.106740084444444E+009,9.922319558416669E-002,
1.111724949689690E+009,1.014080138594960E-001,
1.116709814934935E+009,1.032075692882203E-001,
1.121694680180180E+009,1.044196357511619E-001,
1.126679545425426E+009,1.055214735532551E-001,
1.131664410670671E+009,1.057168329232186E-001,
1.136649275915916E+009,1.050824805047615E-001,
1.141634141161161E+009,1.026140754690875E-001,
1.146619006406406E+009,9.949211390591395E-002,
1.151603871651652E+009,9.644198604271545E-002,
1.156588736896897E+009,9.382372789522515E-002,
1.161573602142142E+009,9.139091772190197E-002,
1.166558467387388E+009,9.045347328561419E-002,
1.171543332632633E+009,8.982039308003154E-002,
1.176528197877878E+009,8.890898362229274E-002,
1.181513063123123E+009,8.951267004415557E-002,
1.186497928368368E+009,9.036822270970969E-002,
1.191482793613614E+009,9.145626180800638E-002,
1.196467658858859E+009,9.247529726408478E-002,
1.201452524104104E+009,9.284870409816726E-002,
1.206437389349349E+009,9.328594179789887E-002,
1.211422254594595E+009,9.430769250836728E-002,
1.216407119839840E+009,9.280798334621401E-002,
1.221391985085085E+009,9.107763738867007E-002,
1.226376850330330E+009,8.922869362868766E-002,
1.231361715575576E+009,8.712130954652207E-002,
1.236346580820821E+009,8.577956839629485E-002,
1.241331446066066E+009,8.378974606043206E-002,
1.246316311311311E+009,8.222400953331259E-002,
1.251301176556557E+009,8.135748137226061E-002,
1.256286041801802E+009,8.081660863859730E-002,
1.261270907047047E+009,8.159920036983909E-002,
1.266255772292292E+009,8.275079093252856E-002,
1.271240637537538E+009,8.416133007829864E-002,
1.276225502782783E+009,8.512576344620265E-002,
1.281210368028028E+009,8.655636227766479E-002,
1.286195233273273E+009,8.862359275807084E-002,
1.291180098518518E+009,9.010661077977251E-002,
1.296164963763764E+009,9.210441838231261E-002,
1.301149829009009E+009,9.395374577716528E-002,
1.306134694254254E+009,9.513604247300148E-002,
1.311119559499500E+009,9.451928306395983E-002,
1.316104424744745E+009,9.273861975954760E-002,
1.321089289989990E+009,8.981272291437992E-002,
1.326074155235235E+009,8.570962463265662E-002,
1.331059020480480E+009,8.150725948718118E-002,
1.336043885725726E+009,7.754344445445584E-002,
1.341028750970971E+009,7.360915638985788E-002,
1.346013616216216E+009,7.014787689203784E-002,
1.350998481461462E+009,6.691946015909148E-002,
1.355983346706707E+009,6.532259893197022E-002,
1.360968211951952E+009,6.415886671178091E-002,
1.365953077197197E+009,6.257584536480783E-002,
1.370937942442442E+009,6.155682312394730E-002,
1.375922807687688E+009,6.083788543574296E-002,
1.380907672932933E+009,6.021398412849156E-002,
1.385892538178178E+009,5.932940374603210E-002,
1.390877403423424E+009,5.818984964644703E-002,
1.395862268668669E+009,5.726591466811789E-002,
1.400847133913914E+009,5.575196531431501E-002,
1.405831999159159E+009,5.482396348606154E-002,
1.410816864404404E+009,5.340015150881515E-002,
1.415801729649650E+009,5.250236047642128E-002,
1.420786594894895E+009,5.239324682057233E-002,
1.425771460140140E+009,5.136723400466997E-002,
1.430756325385386E+009,5.141963408840048E-002,
1.435741190630631E+009,5.114819508411617E-002,
1.440726055875876E+009,5.107208845967677E-002,
1.445710921121121E+009,5.175692363417815E-002,
1.450695786366366E+009,5.196966002200898E-002,
1.455680651611612E+009,5.297994417907451E-002,
1.460665516856857E+009,5.328518912944681E-002,
1.465650382102102E+009,5.331567959124934E-002,
1.470635247347347E+009,5.277623197282298E-002,
1.475620112592593E+009,5.199081609550552E-002,
1.480604977837838E+009,5.067171653605788E-002,
1.485589843083083E+009,5.047642060406103E-002,
1.490574708328328E+009,4.942028966496377E-002,
1.495559573573574E+009,4.888840050647565E-002,
1.500544438818819E+009,4.796356906954382E-002,
1.505529304064064E+009,4.656481047048188E-002,
1.510514169309309E+009,4.534889842653676E-002,
1.515499034554555E+009,4.459566091831232E-002,
1.520483899799800E+009,4.369913706126767E-002,
1.525468765045045E+009,4.264037445763047E-002,
1.530453630290290E+009,4.165065317718030E-002,
1.535438495535536E+009,4.082361961962406E-002,
1.540423360780781E+009,4.072273617933869E-002,
1.545408226026026E+009,4.132182162482691E-002,
1.550393091271271E+009,4.204737087835146E-002,
1.555377956516516E+009,4.285112242531567E-002,
1.560362821761762E+009,4.372807079642940E-002,
1.565347687007007E+009,4.515266514204743E-002,
1.570332552252252E+009,4.593466415903868E-002,
1.575317417497498E+009,4.704501121552650E-002,
1.580302282742743E+009,4.667146378680995E-002,
1.585287147987988E+009,4.637822334848904E-002,
1.590272013233233E+009,4.605852134531425E-002,
1.595256878478478E+009,4.554090428681296E-002,
1.600241743723724E+009,4.581131231031529E-002,
1.605226608968969E+009,4.598567072003539E-002,
1.610211474214214E+009,4.637116520791400E-002,
1.615196339459460E+009,4.704778679989722E-002,
1.620181204704705E+009,4.727266657337264E-002,
1.625166069949950E+009,4.726940124218210E-002,
1.630150935195195E+009,4.666587869605444E-002,
1.635135800440440E+009,4.620098847791749E-002,
1.640120665685686E+009,4.519830905686815E-002,
1.645105530930931E+009,4.456577103713915E-002,
1.650090396176176E+009,4.398418299743663E-002,
1.655075261421422E+009,4.309388737327996E-002,
1.660060126666667E+009,4.202447491230621E-002,
1.665044991911912E+009,4.078352947728505E-002,
1.670029857157157E+009,3.967369444896049E-002,
1.675014722402402E+009,3.885929296903792E-002,
1.679999587647648E+009,3.815389613375061E-002,
1.684984452892893E+009,3.757823322588703E-002,
1.689969318138138E+009,3.606471375042829E-002,
1.694954183383384E+009,3.471793613602461E-002,
1.699939048628629E+009,3.288682621235938E-002,
1.704923913873874E+009,3.075174195890175E-002,
1.709908779119119E+009,2.899270937883207E-002,
1.714893644364364E+009,2.726522737057433E-002,
1.719878509609610E+009,2.639658353234747E-002,
1.724863374854855E+009,2.481256533099454E-002,
1.729848240100100E+009,2.383580855066145E-002,
1.734833105345345E+009,2.381867038377231E-002,
1.739817970590591E+009,2.472573884833675E-002,
1.744802835835836E+009,2.589184943254196E-002,
1.749787701081081E+009,2.704119394486401E-002,
1.754772566326326E+009,2.791436712165598E-002,
1.759757431571572E+009,2.917349599655034E-002,
1.764742296816817E+009,2.964271926939031E-002,
1.769727162062062E+009,3.020162855791297E-002,
1.774712027307307E+009,3.076446837134262E-002,
1.779696892552553E+009,3.122658164176178E-002,
1.784681757797798E+009,3.190131406810938E-002,
1.789666623043043E+009,3.427148505814310E-002,
1.794651488288288E+009,3.661291105158453E-002,
1.799636353533534E+009,3.987436486016176E-002,
1.804621218778779E+009,4.183680860789335E-002,
1.809606084024024E+009,4.217554616794127E-002,
1.814590949269269E+009,4.202456733012281E-002,
1.819575814514514E+009,4.109601151784450E-002,
1.824560679759760E+009,4.035742905723583E-002,
1.829545545005005E+009,3.958187117353165E-002,
1.834530410250250E+009,3.845882276413312E-002,
1.839515275495496E+009,3.755828839146537E-002,
1.844500140740741E+009,3.654083036792401E-002,
1.849485005985986E+009,3.656189212605928E-002,
1.854469871231231E+009,3.634873713363337E-002,
1.859454736476476E+009,3.570730309129815E-002,
1.864439601721722E+009,3.448687547578229E-002,
1.869424466966967E+009,3.372033328278813E-002,
1.874409332212212E+009,3.195316961510068E-002,
1.879394197457458E+009,2.971162741194859E-002,
1.884379062702703E+009,2.736743712918508E-002,
1.889363927947948E+009,2.436638843143451E-002,
1.894348793193193E+009,2.218164581324754E-002,
1.899333658438438E+009,2.000098835614966E-002,
1.904318523683684E+009,1.892865857138507E-002,
1.909303388928929E+009,1.773741490704366E-002,
1.914288254174174E+009,1.590294148209901E-002,
1.919273119419420E+009,1.480129746156503E-002,
1.924257984664665E+009,1.372610721457848E-002,
1.929242849909910E+009,1.226231126140835E-002,
1.934227715155155E+009,1.111774694372749E-002,
1.939212580400400E+009,9.800645457093676E-003,
1.944197445645646E+009,8.945691892443281E-003,
1.949182310890891E+009,9.193062094416568E-003,
1.954167176136136E+009,1.080738657127633E-002,
1.959152041381382E+009,1.252359885087692E-002,
1.964136906626627E+009,1.419627320034082E-002,
1.969121771871872E+009,1.550537474458170E-002,
1.974106637117117E+009,1.670541076041519E-002,
1.979091502362362E+009,1.738257887693233E-002,
1.984076367607608E+009,1.792049917022874E-002,
1.989061232852853E+009,1.772661987725805E-002,
1.994046098098098E+009,1.766829015667559E-002,
1.999030963343343E+009,1.768564693901905E-002,
2.004015828588589E+009,1.792132776881100E-002,
2.009000693833834E+009,1.784977108650360E-002,
2.013985559079079E+009,1.810269833316163E-002,
2.018970424324324E+009,1.836391590839801E-002,
2.023955289569570E+009,1.809908296823956E-002,
2.028940154814815E+009,1.766818814246639E-002,
2.033925020060060E+009,1.766864229960068E-002,
2.038909885305305E+009,1.724627262497187E-002,
2.043894750550551E+009,1.665899016478022E-002,
2.048879615795796E+009,1.581775809518463E-002,
2.053864481041041E+009,1.490412966422542E-002,
2.058849346286286E+009,1.436968222460660E-002,
2.063834211531532E+009,1.399792242904521E-002,
2.068819076776777E+009,1.403290611301939E-002,
2.073803942022022E+009,1.446421479600915E-002,
2.078788807267267E+009,1.372897868336952E-002,
2.083773672512512E+009,1.360998557791883E-002,
2.088758537757758E+009,1.337850048863152E-002,
2.093743403003003E+009,1.296966671566122E-002,
2.098728268248248E+009,1.262474854937664E-002,
2.103713133493494E+009,1.271226156378919E-002,
2.108697998738739E+009,1.372172280121731E-002,
2.113682863983984E+009,1.415962939134456E-002,
2.118667729229229E+009,1.494928197655977E-002,
2.123652594474474E+009,1.530294873648219E-002,
2.128637459719720E+009,1.541512728612186E-002,
2.133622324964965E+009,1.573264330060857E-002,
2.138607190210210E+009,1.582387803955242E-002,
2.143592055455456E+009,1.558523218784692E-002,
2.148576920700701E+009,1.571926628151935E-002,
2.153561785945946E+009,1.591639155418651E-002,
2.158546651191191E+009,1.559136559139194E-002,
2.163531516436437E+009,1.470886775526176E-002,
2.168516381681682E+009,1.510026562072832E-002,
2.173501246926927E+009,1.534469571699682E-002,
2.178486112172172E+009,1.599011667531843E-002,
2.183470977417418E+009,1.665272363625868E-002,
2.188455842662663E+009,1.690079158032129E-002,
2.193440707907908E+009,1.737257858377202E-002,
2.198425573153153E+009,1.806968956976976E-002,
2.203410438398398E+009,1.862708634180664E-002,
2.208395303643644E+009,1.918517984272642E-002,
2.213380168888889E+009,1.955284385551304E-002,
2.218365034134134E+009,2.013645273834273E-002,
2.223349899379379E+009,2.110272739775367E-002,
2.228334764624625E+009,2.127787117203834E-002,
2.233319629869870E+009,2.160841525628929E-002,
2.238304495115115E+009,2.174399978058990E-002,
2.243289360360360E+009,2.142292428526524E-002,
2.248274225605606E+009,2.033095189526521E-002,
2.253259090850851E+009,1.996729148576404E-002,
2.258243956096096E+009,1.922286479211967E-002,
2.263228821341342E+009,1.917421456353470E-002,
2.268213686586587E+009,1.917847181666406E-002,
2.273198551831832E+009,1.965848293802252E-002,
2.278183417077077E+009,2.056534636284765E-002,
2.283168282322322E+009,2.127621288990126E-002,
2.288153147567567E+009,2.248921284665625E-002,
2.293138012812813E+009,2.377433370514626E-002,
2.298122878058058E+009,2.530936241544729E-002,
2.303107743303303E+009,2.663803468634705E-002,
2.308092608548549E+009,2.777147534442962E-002,
2.313077473793794E+009,2.873508562781600E-002,
2.318062339039039E+009,2.933606790845211E-002,
2.323047204284284E+009,2.998131420913014E-002,
2.328032069529530E+009,3.004269464057402E-002,
2.333016934774775E+009,3.040619984065666E-002,
2.338001800020020E+009,3.066918837873958E-002,
2.342986665265266E+009,3.004431496675156E-002,
2.347971530510510E+009,3.031697540133538E-002,
2.352956395755756E+009,3.020640667336456E-002,
2.357941261001001E+009,2.983336090734244E-002,
2.362926126246246E+009,3.055377691153564E-002,
2.367910991491491E+009,3.052315656061560E-002,
2.372895856736737E+009,3.100805669869765E-002,
2.377880721981982E+009,3.113367252803588E-002,
2.382865587227227E+009,3.141577050157528E-002,
2.387850452472473E+009,3.204461691596468E-002,
2.392835317717718E+009,3.228170079136546E-002,
2.397820182962963E+009,3.321204279198795E-002,
2.402805048208208E+009,3.357849005902029E-002,
2.407789913453454E+009,3.424215322828738E-002,
2.412774778698699E+009,3.472355861349315E-002,
2.417759643943944E+009,3.583124748648141E-002,
2.422744509189189E+009,3.677569811873280E-002,
2.427729374434434E+009,3.676897238803475E-002,
2.432714239679680E+009,3.682120069167575E-002,
2.437699104924925E+009,3.629053661737216E-002,
2.442683970170170E+009,3.555156422958328E-002,
2.447668835415415E+009,3.614793639284650E-002,
2.452653700660661E+009,3.585498026168876E-002,
2.457638565905906E+009,3.544375680258698E-002,
2.462623431151151E+009,3.454968860600429E-002,
2.467608296396397E+009,3.399316710535150E-002,
2.472593161641642E+009,3.352813432726048E-002,
2.477578026886887E+009,3.293258691591831E-002,
2.482562892132132E+009,3.286695925609438E-002,
2.487547757377378E+009,3.322590133826273E-002,
2.492532622622623E+009,3.282986139010443E-002,
2.497517487867868E+009,3.318447711367449E-002,
2.502502353113113E+009,3.397940767209379E-002,
2.507487218358358E+009,3.446622116904267E-002,
2.512472083603604E+009,3.561979374717792E-002,
2.517456948848849E+009,3.610044385576832E-002,
2.522441814094094E+009,3.639258583837288E-002,
2.527426679339339E+009,3.749097417239295E-002,
2.532411544584585E+009,3.840186896845560E-002,
2.537396409829830E+009,3.912320106764582E-002,
2.542381275075075E+009,3.984036487864853E-002,
2.547366140320320E+009,4.041450678168793E-002,
2.552351005565566E+009,4.082517173536333E-002,
2.557335870810811E+009,4.123279865157100E-002,
2.562320736056056E+009,4.154833150504992E-002,
2.567305601301302E+009,4.097509619428121E-002,
2.572290466546547E+009,4.051392957206589E-002,
2.577275331791792E+009,4.021092862437030E-002,
2.582260197037037E+009,3.997337769351498E-002,
2.587245062282282E+009,3.953593278795663E-002,
2.592229927527527E+009,4.002750414730757E-002,
2.597214792772773E+009,4.018927351207072E-002,
2.602199658018018E+009,4.125049517890579E-002,
2.607184523263263E+009,4.098346172066043E-002,
2.612169388508509E+009,4.203147794345601E-002,
2.617154253753754E+009,4.252517663482634E-002,
2.622139118998999E+009,4.266585835032218E-002,
2.627123984244244E+009,4.368551140170396E-002,
2.632108849489490E+009,4.541288301680317E-002,
2.637093714734735E+009,4.653088346543448E-002,
2.642078579979980E+009,4.655327141640780E-002,
2.647063445225225E+009,4.631530889946304E-002,
2.652048310470470E+009,4.659389935938986E-002,
2.657033175715716E+009,4.658556790759072E-002,
2.662018040960961E+009,4.649021438869793E-002,
2.667002906206206E+009,4.635747613981212E-002,
2.671987771451451E+009,4.612177490067085E-002,
2.676972636696697E+009,4.605541903137466E-002,
2.681957501941942E+009,4.663914164514307E-002,
2.686942367187187E+009,4.655236189853747E-002,
2.691927232432433E+009,4.670078609345362E-002,
2.696912097677678E+009,4.728096802361719E-002,
2.701896962922923E+009,4.691384525332477E-002,
2.706881828168168E+009,4.693275254304305E-002,
2.711866693413414E+009,4.741464871386766E-002,
2.716851558658659E+009,4.777574244509208E-002,
2.721836423903904E+009,4.808979230588192E-002,
2.726821289149149E+009,4.797379365985496E-002,
2.731806154394394E+009,4.768880464458227E-002,
2.736791019639640E+009,4.649309895670144E-002,
2.741775884884885E+009,4.534532802937655E-002,
2.746760750130130E+009,4.414284533067516E-002,
2.751745615375375E+009,4.362908104187584E-002,
2.756730480620621E+009,4.300314393144600E-002,
2.761715345865866E+009,4.174975345301215E-002,
2.766700211111111E+009,4.100814777810608E-002,
2.771685076356356E+009,3.950280900943900E-002,
2.776669941601602E+009,3.874920252373103E-002,
2.781654806846847E+009,3.719561574006253E-002,
2.786639672092092E+009,3.608730492294793E-002,
2.791624537337338E+009,3.506026537622690E-002,
2.796609402582583E+009,3.358357815097577E-002,
2.801594267827828E+009,3.248311593007860E-002,
2.806579133073073E+009,3.204776964194885E-002,
2.811563998318318E+009,3.025671462673042E-002,
2.816548863563564E+009,2.964109258295323E-002,
2.821533728808809E+009,2.960169602188574E-002,
2.826518594054054E+009,2.898315795651901E-002,
2.831503459299299E+009,2.925557733386790E-002,
2.836488324544545E+009,2.904024106068470E-002,
2.841473189789790E+009,2.963205868291459E-002,
2.846458055035035E+009,2.927892533514204E-002,
2.851442920280280E+009,2.963016197003985E-002,
2.856427785525526E+009,2.923019175302580E-002,
2.861412650770771E+009,2.964419119671687E-002,
2.866397516016016E+009,2.959936702472638E-002,
2.871382381261262E+009,2.885118230792396E-002,
2.876367246506506E+009,2.898669965921788E-002,
2.881352111751752E+009,2.816284212534842E-002,
2.886336976996997E+009,2.745484104698569E-002,
2.891321842242242E+009,2.662719270014850E-002,
2.896306707487487E+009,2.541499393237374E-002,
2.901291572732733E+009,2.446702634856211E-002,
2.906276437977978E+009,2.302950187026713E-002,
2.911261303223223E+009,2.157293643938425E-002,
2.916246168468469E+009,2.091740624289849E-002,
2.921231033713714E+009,1.960914112837222E-002,
2.926215898958959E+009,1.910243431060881E-002,
2.931200764204204E+009,1.848254060647619E-002,
2.936185629449450E+009,1.831819519584998E-002,
2.941170494694695E+009,1.844587618633959E-002,
2.946155359939940E+009,1.840735923041800E-002,
2.951140225185185E+009,1.834706786989048E-002,
2.956125090430430E+009,1.832247453435031E-002,
2.961109955675676E+009,1.763737968398741E-002,
2.966094820920921E+009,1.661697205093569E-002,
2.971079686166166E+009,1.647773953205686E-002,
2.976064551411411E+009,1.596100041491384E-002,
2.981049416656657E+009,1.526112608461500E-002,
2.986034281901902E+009,1.447403156653701E-002,
2.991019147147147E+009,1.467665187969694E-002,
2.996004012392393E+009,1.380152053789719E-002,
3.000988877637638E+009,1.341166408223764E-002,
3.005973742882883E+009,1.273776068991805E-002,
3.010958608128128E+009,1.221832833467704E-002,
3.015943473373374E+009,1.169674181496208E-002,
3.020928338618619E+009,1.119182510003709E-002,
3.025913203863864E+009,1.094723571779710E-002,
3.030898069109109E+009,1.073928156077419E-002,
3.035882934354354E+009,1.060465118721010E-002,
3.040867799599600E+009,1.043864246157589E-002,
3.045852664844845E+009,1.032819630751465E-002,
3.050837530090090E+009,1.043662550568833E-002,
3.055822395335335E+009,1.024994381615563E-002,
3.060807260580581E+009,1.010760478708417E-002,
3.065792125825826E+009,9.787255485912494E-003,
3.070776991071071E+009,9.331127241960254E-003,
3.075761856316316E+009,8.823470649020726E-003,
3.080746721561562E+009,8.246796301288700E-003,
3.085731586806807E+009,7.761697929078717E-003,
3.090716452052052E+009,7.206147641865378E-003,
3.095701317297298E+009,6.657031229573149E-003,
3.100686182542543E+009,6.115866867395851E-003,
3.105671047787788E+009,5.630031274710587E-003,
3.110655913033033E+009,5.337761957331291E-003,
3.115640778278278E+009,5.095475487915384E-003,
3.120625643523523E+009,4.882642912314697E-003,
3.125610508768769E+009,4.640037207711681E-003,
3.130595374014014E+009,4.500189952509739E-003,
3.135580239259259E+009,4.430646537868833E-003,
3.140565104504505E+009,4.502662405753860E-003,
3.145549969749750E+009,4.652903433349390E-003,
3.150534834994995E+009,4.911703451945521E-003,
3.155519700240240E+009,5.089478676853151E-003,
3.160504565485486E+009,5.210315969036867E-003,
3.165489430730731E+009,5.223604604155211E-003,
3.170474295975976E+009,5.203894436745837E-003,
3.175459161221221E+009,5.181446818012260E-003,
3.180444026466466E+009,5.173749288857961E-003,
3.185428891711712E+009,5.214430637603029E-003,
3.190413756956957E+009,5.204417103950131E-003,
3.195398622202202E+009,5.223165181877532E-003,
3.200383487447447E+009,5.285182784906288E-003,
3.205368352692693E+009,5.275623296520322E-003,
3.210353217937938E+009,5.327708591141660E-003,
3.215338083183183E+009,5.432021426037713E-003,
3.220322948428429E+009,5.790847675249567E-003,
3.225307813673674E+009,6.094457389159231E-003,
3.230292678918919E+009,6.586066563023577E-003,
3.235277544164164E+009,6.882488469064659E-003,
3.240262409409410E+009,7.337968500633002E-003,
3.245247274654655E+009,7.780866164680374E-003,
3.250232139899900E+009,8.260119264763808E-003,
3.255217005145145E+009,8.921699514475450E-003,
3.260201870390390E+009,9.513629901289029E-003,
3.265186735635636E+009,9.941574663430604E-003,
3.270171600880881E+009,1.038731262030429E-002,
3.275156466126126E+009,1.075662377163030E-002,
3.280141331371371E+009,1.130852711550796E-002,
3.285126196616617E+009,1.182401904606598E-002,
3.290111061861862E+009,1.223949835714102E-002,
3.295095927107107E+009,1.267711087665061E-002,
3.300080792352352E+009,1.289880350767659E-002,
3.305065657597598E+009,1.312549489378478E-002,
3.310050522842843E+009,1.318815859164954E-002,
3.315035388088088E+009,1.336870942369439E-002,
3.320020253333334E+009,1.342406795920439E-002,
3.325005118578579E+009,1.336988606845114E-002,
3.329989983823824E+009,1.318750726873277E-002,
3.334974849069069E+009,1.315744874799706E-002,
3.339959714314314E+009,1.327214811567791E-002,
3.344944579559560E+009,1.353978147350038E-002,
3.349929444804805E+009,1.375225210913359E-002,
3.354914310050050E+009,1.414754294440378E-002,
3.359899175295295E+009,1.455035724473160E-002,
3.364884040540541E+009,1.497103221649058E-002,
3.369868905785786E+009,1.534462959811197E-002,
3.374853771031031E+009,1.569214412827492E-002,
3.379838636276276E+009,1.626906720755380E-002,
3.384823501521522E+009,1.650287207776718E-002,
3.389808366766767E+009,1.604985014237575E-002,
3.394793232012012E+009,1.621907227831258E-002,
3.399778097257258E+009,1.738589986000081E-002,
3.404762962502502E+009,1.813730698081097E-002,
3.409747827747748E+009,1.854173785018640E-002,
3.414732692992993E+009,1.865816765257608E-002,
3.419717558238238E+009,1.939923574763278E-002,
3.424702423483483E+009,1.982348272354932E-002,
3.429687288728729E+009,2.149183186351196E-002,
3.434672153973974E+009,2.120740405139885E-002,
3.439657019219219E+009,2.205924211289087E-002,
3.444641884464465E+009,2.242741025611455E-002,
3.449626749709710E+009,2.309095430149198E-002,
3.454611614954955E+009,2.319536693424188E-002,
3.459596480200200E+009,2.387632503077851E-002,
3.464581345445446E+009,2.358981133940094E-002,
3.469566210690691E+009,2.384512293119125E-002,
3.474551075935936E+009,2.383967129903112E-002,
3.479535941181181E+009,2.439825262675405E-002,
3.484520806426426E+009,2.430939032182950E-002,
3.489505671671672E+009,2.438058414181068E-002,
3.494490536916917E+009,2.480046132322011E-002,
3.499475402162162E+009,2.460975526799263E-002,
3.504460267407407E+009,2.574499798016602E-002,
3.509445132652653E+009,2.486345055827150E-002,
3.514429997897898E+009,2.519034927524637E-002,
3.519414863143143E+009,2.495906601721405E-002,
3.524399728388389E+009,2.430434368853706E-002,
3.529384593633634E+009,2.395106580625511E-002,
3.534369458878879E+009,2.391008949386421E-002,
3.539354324124124E+009,2.371195827636145E-002,
3.544339189369370E+009,2.307589606615513E-002,
3.549324054614615E+009,2.211885303637819E-002,
3.554308919859860E+009,2.247163149458957E-002,
3.559293785105105E+009,2.226587963382967E-002,
3.564278650350350E+009,2.247613493606896E-002,
3.569263515595596E+009,2.260526468177803E-002,
3.574248380840841E+009,2.288623771525133E-002,
3.579233246086086E+009,2.264913533514847E-002,
3.584218111331331E+009,2.387349534398060E-002,
3.589202976576577E+009,2.470359876069418E-002,
3.594187841821822E+009,2.498990077496933E-002,
3.599172707067067E+009,2.531240946162222E-002,
3.604157572312312E+009,2.610778330863658E-002,
3.609142437557558E+009,2.605278768777562E-002,
3.614127302802803E+009,2.650785532903182E-002,
3.619112168048048E+009,2.595375720289537E-002,
3.624097033293294E+009,2.670383031817216E-002,
3.629081898538539E+009,2.630595838568615E-002,
3.634066763783784E+009,2.582211431004793E-002,
3.639051629029029E+009,2.532964203461326E-002,
3.644036494274274E+009,2.463882559000336E-002,
3.649021359519519E+009,2.426073187836247E-002,
3.654006224764765E+009,2.291808130557468E-002,
3.658991090010010E+009,2.265735760478531E-002,
3.663975955255255E+009,2.269123383982879E-002,
3.668960820500501E+009,2.190976881058436E-002,
3.673945685745746E+009,2.228659689492571E-002,
3.678930550990991E+009,2.207013323999027E-002,
3.683915416236236E+009,2.212652824585982E-002,
3.688900281481482E+009,2.161867471741348E-002,
3.693885146726727E+009,2.169663389141006E-002,
3.698870011971972E+009,2.188638043642140E-002,
3.703854877217217E+009,2.186252331777918E-002,
3.708839742462462E+009,2.194722587121073E-002,
3.713824607707708E+009,2.190749194492796E-002,
3.718809472952953E+009,2.149589364706289E-002,
3.723794338198198E+009,2.116276634856230E-002,
3.728779203443443E+009,2.061119896324688E-002,
3.733764068688689E+009,2.008863175902772E-002,
3.738748933933934E+009,2.050418786206935E-002,
3.743733799179179E+009,2.035898187055122E-002,
3.748718664424425E+009,2.052912688550418E-002,
3.753703529669670E+009,2.018143150700172E-002,
3.758688394914915E+009,2.004898129098331E-002,
3.763673260160160E+009,2.019299836524266E-002,
3.768658125405406E+009,2.060694332594209E-002,
3.773642990650651E+009,2.133772452115813E-002,
3.778627855895896E+009,2.122602858129701E-002,
3.783612721141141E+009,2.099359682957705E-002,
3.788597586386386E+009,2.164320121220901E-002,
3.793582451631632E+009,2.117964923145523E-002,
3.798567316876877E+009,2.035647449150014E-002,
3.803552182122122E+009,1.976672592112267E-002,
3.808537047367367E+009,1.910787931684430E-002,
3.813521912612613E+009,1.931758857062908E-002,
3.818506777857858E+009,1.855578248481236E-002,
3.823491643103103E+009,1.827499685952724E-002,
3.828476508348349E+009,1.746149874326571E-002,
3.833461373593594E+009,1.757828030430178E-002,
3.838446238838839E+009,1.708853370312691E-002,
3.843431104084084E+009,1.715369296105010E-002,
3.848415969329330E+009,1.716049916713443E-002,
3.853400834574575E+009,1.661034492092530E-002,
3.858385699819820E+009,1.675248903538954E-002,
3.863370565065065E+009,1.697364799283274E-002,
3.868355430310310E+009,1.679721908710499E-002,
3.873340295555556E+009,1.709420479013266E-002,
3.878325160800801E+009,1.744814198993394E-002,
3.883310026046046E+009,1.669512676058924E-002,
3.888294891291291E+009,1.755019895972451E-002,
3.893279756536537E+009,1.751299380036342E-002,
3.898264621781782E+009,1.656715723813032E-002,
3.903249487027027E+009,1.690644753122961E-002,
3.908234352272272E+009,1.665920230455505E-002,
3.913219217517518E+009,1.621596067988524E-002,
3.918204082762763E+009,1.628751193130314E-002,
3.923188948008008E+009,1.533278970032479E-002,
3.928173813253254E+009,1.555091155042002E-002,
3.933158678498498E+009,1.570300388241139E-002,
3.938143543743744E+009,1.502518181246981E-002,
3.943128408988989E+009,1.510361235431563E-002,
3.948113274234234E+009,1.539321182729631E-002,
3.953098139479479E+009,1.515121873884554E-002,
3.958083004724725E+009,1.464563180418973E-002,
3.963067869969970E+009,1.609565946322930E-002,
3.968052735215215E+009,1.629254154922897E-002,
3.973037600460461E+009,1.620804666087878E-002,
3.978022465705706E+009,1.650841663674017E-002,
3.983007330950951E+009,1.704435670139850E-002,
3.987992196196196E+009,1.621859592861326E-002,
3.992977061441442E+009,1.566184978334259E-002,
3.997961926686687E+009,1.586679645001300E-002,
4.002946791931932E+009,1.555621124791958E-002,
4.007931657177177E+009,1.429942343458120E-002,
4.012916522422422E+009,1.433276859803587E-002,
4.017901387667668E+009,1.444637944022198E-002,
4.022886252912913E+009,1.494066751980174E-002,
4.027871118158158E+009,1.397056940572364E-002,
4.032855983403403E+009,1.388678769848968E-002,
4.037840848648649E+009,1.480761221445018E-002,
4.042825713893894E+009,1.434891278298242E-002,
4.047810579139139E+009,1.440061034534505E-002,
4.052795444384385E+009,1.485936150610231E-002,
4.057780309629630E+009,1.550292155120733E-002,
4.062765174874875E+009,1.439780108654958E-002,
4.067750040120120E+009,1.512519149214443E-002,
4.072734905365366E+009,1.572769918268683E-002,
4.077719770610611E+009,1.598713879891409E-002,
4.082704635855856E+009,1.568035511623571E-002,
4.087689501101101E+009,1.631665637926469E-002,
4.092674366346346E+009,1.601698283278108E-002,
4.097659231591592E+009,1.467760556935991E-002,
4.102644096836837E+009,1.554836052914282E-002,
4.107628962082082E+009,1.584185988768315E-002,
4.112613827327327E+009,1.490626541588882E-002,
4.117598692572573E+009,1.488648275058507E-002,
4.122583557817818E+009,1.484614568810711E-002,
4.127568423063063E+009,1.483802627502215E-002,
4.132553288308308E+009,1.423201592526889E-002,
4.137538153553554E+009,1.465809505937412E-002,
4.142523018798799E+009,1.501104256058329E-002,
4.147507884044044E+009,1.530826691652136E-002,
4.152492749289290E+009,1.523977355640106E-002,
4.157477614534535E+009,1.593334055352895E-002,
4.162462479779780E+009,1.574549770933002E-002,
4.167447345025025E+009,1.582767956409303E-002,
4.172432210270270E+009,1.719686305826539E-002,
4.177417075515515E+009,1.616408856788561E-002,
4.182401940760761E+009,1.604956616880837E-002,
4.187386806006006E+009,1.588581811510011E-002,
4.192371671251251E+009,1.647557798963050E-002,
4.197356536496497E+009,1.634938453255903E-002,
4.202341401741742E+009,1.567011856439687E-002,
4.207326266986987E+009,1.562248421544291E-002,
4.212311132232232E+009,1.499688582065399E-002,
4.217295997477478E+009,1.547452982562524E-002,
4.222280862722723E+009,1.545359420135883E-002,
4.227265727967968E+009,1.543251494938886E-002,
4.232250593213213E+009,1.442093155453648E-002,
4.237235458458458E+009,1.545434896815275E-002,
4.242220323703704E+009,1.502400446443539E-002,
4.247205188948949E+009,1.503797650117613E-002,
4.252190054194194E+009,1.533697612562330E-002,
4.257174919439439E+009,1.562173611069688E-002,
4.262159784684685E+009,1.601207274834558E-002,
4.267144649929930E+009,1.638938207312946E-002,
4.272129515175175E+009,1.657946849558246E-002,
4.277114380420421E+009,1.683315066463174E-002,
4.282099245665666E+009,1.679348521026298E-002,
4.287084110910911E+009,1.671817670756410E-002,
4.292068976156156E+009,1.666176619983378E-002,
4.297053841401402E+009,1.647069540379659E-002,
4.302038706646647E+009,1.621213110228140E-002,
4.307023571891892E+009,1.579982560164143E-002,
4.312008437137137E+009,1.547997607295521E-002,
4.316993302382382E+009,1.514284268591750E-002,
4.321978167627627E+009,1.483596512748612E-002,
4.326963032872873E+009,1.446776219578778E-002,
4.331947898118118E+009,1.413506946152381E-002,
4.336932763363363E+009,1.394469113247074E-002,
4.341917628608608E+009,1.362116404219132E-002,
4.346902493853854E+009,1.352233911616784E-002,
4.351887359099099E+009,1.340146486833255E-002,
4.356872224344344E+009,1.322573356439900E-002,
4.361857089589590E+009,1.289398207854553E-002,
4.366841954834835E+009,1.273434400350054E-002,
4.371826820080080E+009,1.230568146120403E-002,
4.376811685325325E+009,1.208387138886386E-002,
4.381796550570571E+009,1.160996548619422E-002,
4.386781415815816E+009,1.133186087720181E-002,
4.391766281061061E+009,1.086280176932688E-002,
4.396751146306306E+009,1.060245019359081E-002,
4.401736011551552E+009,1.029452929036692E-002,
4.406720876796797E+009,9.882022562057597E-003,
4.411705742042042E+009,9.592637842779087E-003,
4.416690607287288E+009,9.168276302798602E-003,
4.421675472532533E+009,8.850733589618314E-003,
4.426660337777778E+009,8.652155000741133E-003,
4.431645203023023E+009,8.363345510046949E-003,
4.436630068268269E+009,7.955556499515676E-003,
4.441614933513514E+009,7.782302047556388E-003,
4.446599798758759E+009,7.555473473427294E-003,
4.451584664004005E+009,7.283068542668206E-003,
4.456569529249250E+009,6.920059624330260E-003,
4.461554394494494E+009,6.646408851300631E-003,
4.466539259739739E+009,6.536191712163510E-003,
4.471524124984985E+009,6.377219829199254E-003,
4.476508990230230E+009,6.323420888202288E-003,
4.481493855475475E+009,6.252187916399037E-003,
4.486478720720720E+009,6.344647752144749E-003,
4.491463585965966E+009,6.408649804804409E-003,
4.496448451211211E+009,6.425646132998945E-003,
4.501433316456456E+009,6.471267344490899E-003,
4.506418181701702E+009,6.664298776306540E-003,
4.511403046946947E+009,6.581189979505854E-003,
4.516387912192192E+009,6.398498604595518E-003,
4.521372777437437E+009,6.217224691702396E-003,
4.526357642682683E+009,5.851932840521022E-003,
4.531342507927928E+009,5.655257444431606E-003,
4.536327373173173E+009,5.316569411711773E-003,
4.541312238418419E+009,5.002917308696489E-003,
4.546297103663664E+009,4.730142255563414E-003,
4.551281968908909E+009,4.466885574999299E-003,
4.556266834154154E+009,4.319106212301526E-003,
4.561251699399400E+009,4.075734762021012E-003,
4.566236564644645E+009,4.093341413985854E-003,
4.571221429889890E+009,4.017060596007169E-003,
4.576206295135135E+009,3.946906467248296E-003,
4.581191160380381E+009,3.951788584869291E-003,
4.586176025625626E+009,4.022464224681118E-003,
4.591160890870871E+009,4.259611952435019E-003,
4.596145756116117E+009,4.407397865265452E-003,
4.601130621361362E+009,4.602272006224106E-003,
4.606115486606607E+009,4.711690781584589E-003,
4.611100351851852E+009,4.873274456058844E-003,
4.616085217097097E+009,4.857986282242901E-003,
4.621070082342342E+009,4.824448874529966E-003,
4.626054947587587E+009,4.715237031051400E-003,
4.631039812832833E+009,4.524953798625503E-003,
4.636024678078078E+009,4.337584846699522E-003,
4.641009543323323E+009,4.189795429815247E-003,
4.645994408568568E+009,4.237593268472590E-003,
4.650979273813814E+009,4.239225520267398E-003,
4.655964139059059E+009,4.270821244942117E-003,
4.660949004304304E+009,4.131162527370433E-003,
4.665933869549550E+009,4.199637926965885E-003,
4.670918734794795E+009,4.323012125370500E-003,
4.675903600040040E+009,4.331574248658949E-003,
4.680888465285285E+009,4.398280551926213E-003,
4.685873330530531E+009,4.441042079702176E-003,
4.690858195775776E+009,4.616672623440284E-003,
4.695843061021021E+009,4.727026532539017E-003,
4.700827926266266E+009,4.808376092945349E-003,
4.705812791511512E+009,5.030966136428841E-003,
4.710797656756757E+009,5.099266575378360E-003,
4.715782522002002E+009,5.150746005427169E-003,
4.720767387247248E+009,5.391304252240955E-003,
4.725752252492493E+009,5.435096204704962E-003,
4.730737117737738E+009,5.320677323023074E-003,
4.735721982982983E+009,5.154055012115769E-003,
4.740706848228229E+009,5.025269460169229E-003,
4.745691713473474E+009,4.780406503605420E-003,
4.750676578718719E+009,4.717434943892256E-003,
4.755661443963965E+009,4.526840001950835E-003,
4.760646309209209E+009,4.400350584811973E-003,
4.765631174454454E+009,4.280188517499384E-003,
4.770616039699699E+009,4.245005834183269E-003,
4.775600904944945E+009,4.249874461954749E-003,
4.780585770190190E+009,4.349055278758791E-003,
4.785570635435435E+009,4.449321885764618E-003,
4.790555500680680E+009,4.655259294199569E-003,
4.795540365925926E+009,4.874699812954454E-003,
4.800525231171171E+009,5.075432402108025E-003,
4.805510096416416E+009,5.335943181370633E-003,
4.810494961661662E+009,5.470827661375534E-003,
4.815479826906907E+009,5.579544643501333E-003,
4.820464692152152E+009,5.499158414301669E-003,
4.825449557397397E+009,5.349991729614836E-003,
4.830434422642643E+009,5.152120288855301E-003,
4.835419287887888E+009,4.794975316155419E-003,
4.840404153133133E+009,4.566917403948059E-003,
4.845389018378379E+009,4.439263845322851E-003,
4.850373883623624E+009,4.233737427499825E-003,
4.855358748868869E+009,4.246773309847406E-003,
4.860343614114114E+009,4.109168234744039E-003,
4.865328479359360E+009,4.078053808232393E-003,
4.870313344604605E+009,4.227730646181901E-003,
4.875298209849850E+009,4.287884750954847E-003,
4.880283075095095E+009,4.451564617600789E-003,
4.885267940340341E+009,4.733335911760873E-003,
4.890252805585586E+009,4.799139103176977E-003,
4.895237670830831E+009,5.158084809509352E-003,
4.900222536076077E+009,5.425686448816415E-003,
4.905207401321322E+009,5.796373753445049E-003,
4.910192266566567E+009,6.114218981958050E-003,
4.915177131811811E+009,6.374815461272613E-003,
4.920161997057057E+009,6.600851223592943E-003,
4.925146862302302E+009,6.850914216325365E-003,
4.930131727547547E+009,6.889528269726582E-003,
4.935116592792793E+009,6.980153776934824E-003,
4.940101458038038E+009,6.988931222898460E-003,
4.945086323283283E+009,6.943470353689708E-003,
4.950071188528528E+009,6.780286346632543E-003,
4.955056053773774E+009,6.794317938383847E-003,
4.960040919019019E+009,6.712196037503232E-003,
4.965025784264264E+009,6.737648297520708E-003,
4.970010649509509E+009,6.705661714517852E-003,
4.974995514754755E+009,6.810443336472454E-003,
4.979980380000000E+009,6.981363734191286E-003,
