% Version 1.00
%
% Ref Impedances: Z01: 50, Z02: 50
% 
%freq[Hz];Trc1_S21[U];
1.000000000000000E+005,3.640833545109056E-005,
5.084865245245245E+006,2.769556161536625E-004,
1.006973049049049E+007,9.285784795940984E-004,
1.505459573573574E+007,1.867415766302719E-003,
2.003946098098098E+007,2.417636111886656E-003,
2.502432622622623E+007,3.531305302509496E-003,
3.000919147147147E+007,5.144542271295203E-003,
3.499405671671671E+007,8.787081311001232E-003,
3.997892196196196E+007,1.795204197639961E-002,
4.496378720720721E+007,5.828932783399433E-002,
4.994865245245245E+007,4.373574020244170E-002,
5.493351769769770E+007,2.590761630123799E-002,
5.991838294294295E+007,2.102509166826181E-002,
6.490324818818819E+007,1.552023096316544E-002,
6.988811343343343E+007,1.224927209895770E-002,
7.487297867867868E+007,9.481688678473703E-003,
7.985784392392393E+007,7.211509931981198E-003,
8.484270916916917E+007,6.956673401958175E-003,
8.982757441441442E+007,6.348775480763732E-003,
9.481243965965965E+007,6.231813465883336E-003,
9.979730490490490E+007,6.696731382576185E-003,
1.047821701501502E+008,7.321126484607116E-003,
1.097670353953954E+008,8.306322814040132E-003,
1.147519006406407E+008,8.745727136653924E-003,
1.197367658858859E+008,9.658287092984831E-003,
1.247216311311311E+008,1.053005084511718E-002,
1.297064963763764E+008,1.165498702300430E-002,
1.346913616216216E+008,1.423729424161631E-002,
1.396762268668669E+008,1.844918759968202E-002,
1.446610921121121E+008,2.281410376860428E-002,
1.496459573573574E+008,2.917012328938562E-002,
1.546308226026026E+008,4.073497840638200E-002,
1.596156878478479E+008,7.136921549788516E-002,
1.646005530930931E+008,1.349205507666638E-001,
1.695854183383384E+008,1.558118176435798E-001,
1.745702835835836E+008,9.016788765395016E-002,
1.795551488288288E+008,5.563394838958695E-002,
1.845400140740741E+008,3.852876684483882E-002,
1.895248793193193E+008,2.949361619866647E-002,
1.945097445645646E+008,2.306487584135183E-002,
1.994946098098098E+008,1.833599221197835E-002,
2.044794750550551E+008,1.413788516551462E-002,
2.094643403003003E+008,1.089695540076785E-002,
2.144492055455456E+008,8.791016970137081E-003,
2.194340707907908E+008,6.848721123566342E-003,
2.244189360360360E+008,4.981739038840726E-003,
2.294038012812813E+008,3.908872037203052E-003,
2.343886665265265E+008,4.007526730751989E-003,
2.393735317717718E+008,5.771985196651596E-003,
2.443583970170170E+008,8.845304911273983E-003,
2.493432622622623E+008,1.303399124408854E-002,
2.543281275075075E+008,1.911252076928543E-002,
2.593129927527528E+008,2.735520668939748E-002,
2.642978579979980E+008,4.102082961883509E-002,
2.692827232432432E+008,6.434960819519607E-002,
2.742675884884885E+008,1.080732408520451E-001,
2.792524537337337E+008,1.633158461817834E-001,
2.842373189789790E+008,1.341687722516163E-001,
2.892221842242242E+008,9.100594643632264E-002,
2.942070494694695E+008,6.619905831510277E-002,
2.991919147147147E+008,5.157768412998397E-002,
3.041767799599600E+008,4.237230121209156E-002,
3.091616452052052E+008,3.639293084021079E-002,
3.141465104504505E+008,3.092518109934547E-002,
3.191313756956957E+008,2.577349548746474E-002,
3.241162409409409E+008,2.180442521547632E-002,
3.291011061861862E+008,1.821873581566508E-002,
3.340859714314314E+008,1.530927603600786E-002,
3.390708366766767E+008,1.252180939649814E-002,
3.440557019219219E+008,1.030197161729504E-002,
3.490405671671672E+008,8.873476601933952E-003,
3.540254324124124E+008,7.022417326034702E-003,
3.590102976576577E+008,5.640304007954564E-003,
3.639951629029029E+008,4.165037482140400E-003,
3.689800281481482E+008,3.079892213000971E-003,
3.739648933933934E+008,2.492313222564236E-003,
3.789497586386386E+008,2.672488392375112E-003,
3.839346238838839E+008,3.639418323274652E-003,
3.889194891291291E+008,4.752352763109323E-003,
3.939043543743744E+008,5.640822915958128E-003,
3.988892196196196E+008,6.508646702910630E-003,
4.038740848648649E+008,7.440200354088724E-003,
4.088589501101101E+008,8.762416881418871E-003,
4.138438153553554E+008,1.041756483532993E-002,
4.188286806006006E+008,1.238305922958451E-002,
4.238135458458459E+008,1.480608872095411E-002,
4.287984110910911E+008,1.573109938234354E-002,
4.337832763363363E+008,1.570889946525515E-002,
4.387681415815816E+008,1.554721859815769E-002,
4.437530068268268E+008,1.613962805059369E-002,
4.487378720720721E+008,1.678118850956934E-002,
4.537227373173173E+008,1.807088342641387E-002,
4.587076025625626E+008,1.948456059411286E-002,
4.636924678078078E+008,2.160116697755660E-002,
4.686773330530531E+008,2.392091494356001E-002,
4.736621982982983E+008,2.647688940931123E-002,
4.786470635435436E+008,2.869056857641781E-002,
4.836319287887888E+008,3.127763459695800E-002,
4.886167940340340E+008,3.342098818761242E-002,
4.936016592792793E+008,3.571697013284839E-002,
4.985865245245245E+008,3.732333749609031E-002,
5.035713897697698E+008,3.867250078921153E-002,
5.085562550150150E+008,3.985611961348796E-002,
5.135411202602603E+008,4.059993600724658E-002,
5.185259855055055E+008,4.086117250268544E-002,
5.235108507507508E+008,4.081677062491647E-002,
5.284957159959960E+008,4.115445882030101E-002,
5.334805812412412E+008,4.159608890920239E-002,
5.384654464864864E+008,4.207860209790342E-002,
5.434503117317318E+008,4.314021739865534E-002,
5.484351769769770E+008,4.503921892801840E-002,
5.534200422222222E+008,4.667491537076338E-002,
5.584049074674674E+008,4.807326763336148E-002,
5.633897727127128E+008,4.955036304811485E-002,
5.683746379579580E+008,5.073803356639949E-002,
5.733595032032032E+008,5.155729336878285E-002,
5.783443684484484E+008,5.176955638421033E-002,
5.833292336936938E+008,5.118534850909281E-002,
5.883140989389390E+008,5.113627194235396E-002,
5.932989641841842E+008,5.182206961608159E-002,
5.982838294294294E+008,5.240999638092521E-002,
6.032686946746746E+008,5.330634196752029E-002,
6.082535599199200E+008,5.414235388716152E-002,
6.132384251651652E+008,5.538491635450361E-002,
6.182232904104104E+008,5.650958470748300E-002,
6.232081556556556E+008,5.706621608694341E-002,
6.281930209009010E+008,5.856011633859355E-002,
6.331778861461462E+008,5.974144318875277E-002,
6.381627513913914E+008,6.136243720713343E-002,
6.431476166366366E+008,6.301938603777799E-002,
6.481324818818818E+008,6.471889720441292E-002,
6.531173471271272E+008,6.740496711673050E-002,
6.581022123723724E+008,6.903297194379415E-002,
6.630870776176176E+008,7.134659135464520E-002,
6.680719428628628E+008,7.596465814381809E-002,
6.730568081081082E+008,8.169970426220687E-002,
6.780416733533534E+008,8.748246906952212E-002,
6.830265385985986E+008,9.295342050890422E-002,
6.880114038438438E+008,9.860890828974611E-002,
6.929962690890890E+008,1.037904910784409E-001,
6.979811343343344E+008,1.089082548225268E-001,
7.029659995795796E+008,1.137257571328617E-001,
7.079508648248248E+008,1.189035141767987E-001,
7.129357300700700E+008,1.229125323621887E-001,
7.179205953153154E+008,1.263446132110780E-001,
7.229054605605606E+008,1.290696761521169E-001,
7.278903258058058E+008,1.322053623640905E-001,
7.328751910510510E+008,1.340341853571999E-001,
7.378600562962964E+008,1.363916967454248E-001,
7.428449215415416E+008,1.405977539410424E-001,
7.478297867867868E+008,1.456356331820207E-001,
7.528146520320320E+008,1.523019555258464E-001,
7.577995172772772E+008,1.596636459717883E-001,
7.627843825225226E+008,1.666460995123922E-001,
7.677692477677678E+008,1.741347393643300E-001,
7.727541130130130E+008,1.794729142385418E-001,
7.777389782582582E+008,1.810156512939096E-001,
7.827238435035036E+008,1.795243856845243E-001,
7.877087087487488E+008,1.756917588910930E-001,
7.926935739939940E+008,1.729596638708980E-001,
7.976784392392392E+008,1.700142765131797E-001,
8.026633044844844E+008,1.681395525711733E-001,
8.076481697297298E+008,1.666715197464382E-001,
8.126330349749750E+008,1.630596059307626E-001,
8.176179002202202E+008,1.604879109214608E-001,
8.226027654654654E+008,1.589769994302492E-001,
8.275876307107108E+008,1.572928558120703E-001,
8.325724959559560E+008,1.573270183148546E-001,
8.375573612012012E+008,1.591473668531402E-001,
8.425422264464464E+008,1.596064128915253E-001,
8.475270916916918E+008,1.611490864768119E-001,
8.525119569369370E+008,1.617039129493073E-001,
8.574968221821822E+008,1.637792620166129E-001,
8.624816874274274E+008,1.650503933304212E-001,
8.674665526726726E+008,1.640106097413907E-001,
8.724514179179180E+008,1.628325376622966E-001,
8.774362831631632E+008,1.599577548956160E-001,
8.824211484084084E+008,1.547185551946454E-001,
8.874060136536536E+008,1.505942630113761E-001,
8.923908788988990E+008,1.491787312848633E-001,
8.973757441441442E+008,1.508761950638618E-001,
9.023606093893894E+008,1.535503094150417E-001,
9.073454746346346E+008,1.559821750075285E-001,
9.123303398798798E+008,1.590530559766688E-001,
9.173152051251252E+008,1.618081360386815E-001,
9.223000703703704E+008,1.646878929190413E-001,
9.272849356156156E+008,1.673253914774712E-001,
9.322698008608608E+008,1.692248984909655E-001,
9.372546661061062E+008,1.721366789618680E-001,
9.422395313513514E+008,1.754999840434129E-001,
9.472243965965966E+008,1.760095273559418E-001,
9.522092618418418E+008,1.736092981217892E-001,
9.571941270870872E+008,1.697105163910584E-001,
9.621789923323324E+008,1.666117675693661E-001,
9.671638575775776E+008,1.638210348828544E-001,
9.721487228228228E+008,1.618287575883400E-001,
9.771335880680680E+008,1.597404333662631E-001,
9.821184533133134E+008,1.559399039211674E-001,
9.871033185585586E+008,1.502432008074384E-001,
9.920881838038038E+008,1.454371501496306E-001,
9.970730490490490E+008,1.410629195194856E-001,
1.002057914294294E+009,1.371876230748188E-001,
1.007042779539540E+009,1.345781324690194E-001,
1.012027644784785E+009,1.325145574781093E-001,
1.017012510030030E+009,1.296744668181277E-001,
1.021997375275275E+009,1.270873807044374E-001,
1.026982240520521E+009,1.232416574137406E-001,
1.031967105765766E+009,1.201076796315684E-001,
1.036951971011011E+009,1.160238663234713E-001,
1.041936836256256E+009,1.106583503173316E-001,
1.046921701501502E+009,1.053184359829113E-001,
1.051906566746747E+009,1.015763572679704E-001,
1.056891431991992E+009,9.765650931727737E-002,
1.061876297237237E+009,9.400807658025846E-002,
1.066861162482482E+009,9.149428141976604E-002,
1.071846027727728E+009,9.007911543858657E-002,
1.076830892972973E+009,8.989120516651999E-002,
1.081815758218218E+009,9.093289117239221E-002,
1.086800623463464E+009,9.279437242487587E-002,
1.091785488708709E+009,9.531256332117477E-002,
1.096770353953954E+009,9.785815387097600E-002,
1.101755219199199E+009,1.010200171210903E-001,
1.106740084444444E+009,1.032615877463049E-001,
1.111724949689690E+009,1.057278947324778E-001,
1.116709814934935E+009,1.072447773263522E-001,
1.121694680180180E+009,1.087134447618569E-001,
1.126679545425426E+009,1.087514661416984E-001,
1.131664410670671E+009,1.088221332328988E-001,
1.136649275915916E+009,1.074825120505462E-001,
1.141634141161161E+009,1.056142036535303E-001,
1.146619006406406E+009,1.025313900501002E-001,
1.151603871651652E+009,9.919604696063139E-002,
1.156588736896897E+009,9.706829315511797E-002,
1.161573602142142E+009,9.515185393085092E-002,
1.166558467387388E+009,9.400629708648679E-002,
1.171543332632633E+009,9.283613943604416E-002,
1.176528197877878E+009,9.174335052195448E-002,
1.181513063123123E+009,9.194788427541216E-002,
1.186497928368368E+009,9.250475137084761E-002,
1.191482793613614E+009,9.421788977492407E-002,
1.196467658858859E+009,9.553234371190829E-002,
1.201452524104104E+009,9.644892861270686E-002,
1.206437389349349E+009,9.795106911766767E-002,
1.211422254594595E+009,9.850348693440571E-002,
1.216407119839840E+009,9.725360040752096E-002,
1.221391985085085E+009,9.556205293233430E-002,
1.226376850330330E+009,9.310966364120624E-002,
1.231361715575576E+009,9.162993840236669E-002,
1.236346580820821E+009,8.984782430411302E-002,
1.241331446066066E+009,8.818118956737253E-002,
1.246316311311311E+009,8.744409930552775E-002,
1.251301176556557E+009,8.696685683631326E-002,
1.256286041801802E+009,8.553831602567991E-002,
1.261270907047047E+009,8.590274097113441E-002,
1.266255772292292E+009,8.634418646101418E-002,
1.271240637537538E+009,8.649976880429913E-002,
1.276225502782783E+009,8.683367735927836E-002,
1.281210368028028E+009,8.676959463013305E-002,
1.286195233273273E+009,8.796010109351896E-002,
1.291180098518518E+009,8.916596780199632E-002,
1.296164963763764E+009,9.093800720743729E-002,
1.301149829009009E+009,9.261205808555877E-002,
1.306134694254254E+009,9.333043978775446E-002,
1.311119559499500E+009,9.220954690866862E-002,
1.316104424744745E+009,8.962158057948787E-002,
1.321089289989990E+009,8.647015205275119E-002,
1.326074155235235E+009,8.257363652896577E-002,
1.331059020480480E+009,7.866594598133150E-002,
1.336043885725726E+009,7.576575678589116E-002,
1.341028750970971E+009,7.232752630256358E-002,
1.346013616216216E+009,6.966157429214689E-002,
1.350998481461462E+009,6.691451455176231E-002,
1.355983346706707E+009,6.526710367351833E-002,
1.360968211951952E+009,6.401848171685864E-002,
1.365953077197197E+009,6.300121568585826E-002,
1.370937942442442E+009,6.211506857838860E-002,
1.375922807687688E+009,6.198847346393591E-002,
1.380907672932933E+009,6.158429083834260E-002,
1.385892538178178E+009,6.203102073143625E-002,
1.390877403423424E+009,6.107651489221416E-002,
1.395862268668669E+009,5.988422308867965E-002,
1.400847133913914E+009,5.862112105509201E-002,
1.405831999159159E+009,5.717451022151550E-002,
1.410816864404404E+009,5.545298088759212E-002,
1.415801729649650E+009,5.454514714345093E-002,
1.420786594894895E+009,5.393819126562439E-002,
1.425771460140140E+009,5.272365653599483E-002,
1.430756325385386E+009,5.208842289954579E-002,
1.435741190630631E+009,5.249971075220169E-002,
1.440726055875876E+009,5.267083592350253E-002,
1.445710921121121E+009,5.273295651960284E-002,
1.450695786366366E+009,5.345529882197556E-002,
1.455680651611612E+009,5.480151828056767E-002,
1.460665516856857E+009,5.484624019265810E-002,
1.465650382102102E+009,5.538384092082176E-002,
1.470635247347347E+009,5.435271656747554E-002,
1.475620112592593E+009,5.329828482283899E-002,
1.480604977837838E+009,5.227613126357347E-002,
1.485589843083083E+009,5.102147587655160E-002,
1.490574708328328E+009,5.046211677874377E-002,
1.495559573573574E+009,4.965103957534128E-002,
1.500544438818819E+009,4.903136882451229E-002,
1.505529304064064E+009,4.704661185172977E-002,
1.510514169309309E+009,4.619737327657636E-002,
1.515499034554555E+009,4.540574958282311E-002,
1.520483899799800E+009,4.463581782117901E-002,
1.525468765045045E+009,4.365581224478810E-002,
1.530453630290290E+009,4.282248113291397E-002,
1.535438495535536E+009,4.222895372020153E-002,
1.540423360780781E+009,4.253079109150136E-002,
1.545408226026026E+009,4.242490904962353E-002,
1.550393091271271E+009,4.336268915810798E-002,
1.555377956516516E+009,4.415401497788456E-002,
1.560362821761762E+009,4.527492251155537E-002,
1.565347687007007E+009,4.617277434816143E-002,
1.570332552252252E+009,4.653659875830090E-002,
1.575317417497498E+009,4.634672239798111E-002,
1.580302282742743E+009,4.590380717954828E-002,
1.585287147987988E+009,4.453969259024981E-002,
1.590272013233233E+009,4.408746732778736E-002,
1.595256878478478E+009,4.417057709883256E-002,
1.600241743723724E+009,4.456304377965744E-002,
1.605226608968969E+009,4.503913001998225E-002,
1.610211474214214E+009,4.564234598491824E-002,
1.615196339459460E+009,4.586910821515886E-002,
1.620181204704705E+009,4.670823952230122E-002,
1.625166069949950E+009,4.695025496967563E-002,
1.630150935195195E+009,4.736266982788853E-002,
1.635135800440440E+009,4.754415966273588E-002,
1.640120665685686E+009,4.742475423377098E-002,
1.645105530930931E+009,4.724955062939286E-002,
1.650090396176176E+009,4.650210790483792E-002,
1.655075261421422E+009,4.644508606209723E-002,
1.660060126666667E+009,4.560751631117948E-002,
1.665044991911912E+009,4.491281508199820E-002,
1.670029857157157E+009,4.402959448237848E-002,
1.675014722402402E+009,4.355136697227390E-002,
1.679999587647648E+009,4.313705352616493E-002,
1.684984452892893E+009,4.194122378767878E-002,
1.689969318138138E+009,4.073578223690060E-002,
1.694954183383384E+009,3.927064445063085E-002,
1.699939048628629E+009,3.722614793996947E-002,
1.704923913873874E+009,3.404693290796915E-002,
1.709908779119119E+009,3.141229852926494E-002,
1.714893644364364E+009,2.903103435405488E-002,
1.719878509609610E+009,2.626593827468959E-002,
1.724863374854855E+009,2.365468965587049E-002,
1.729848240100100E+009,2.151531443527058E-002,
1.734833105345345E+009,2.025448298372732E-002,
1.739817970590591E+009,1.995540817559991E-002,
1.744802835835836E+009,2.091390382163035E-002,
1.749787701081081E+009,2.207801391905775E-002,
1.754772566326326E+009,2.363085018862814E-002,
1.759757431571572E+009,2.479652177612703E-002,
1.764742296816817E+009,2.518655848196703E-002,
1.769727162062062E+009,2.606294541430590E-002,
1.774712027307307E+009,2.599621561941655E-002,
1.779696892552553E+009,2.617043263265230E-002,
1.784681757797798E+009,2.710409263033825E-002,
1.789666623043043E+009,2.939575143343962E-002,
1.794651488288288E+009,3.269387868803585E-002,
1.799636353533534E+009,3.577162885650077E-002,
1.804621218778779E+009,3.756138922692462E-002,
1.809606084024024E+009,3.811682349290781E-002,
1.814590949269269E+009,3.794121524730006E-002,
1.819575814514514E+009,3.689686119147206E-002,
1.824560679759760E+009,3.549939013054557E-002,
1.829545545005005E+009,3.428385595691609E-002,
1.834530410250250E+009,3.321708994113478E-002,
1.839515275495496E+009,3.285644951592894E-002,
1.844500140740741E+009,3.232676671483260E-002,
1.849485005985986E+009,3.190625641369868E-002,
1.854469871231231E+009,3.204011123519367E-002,
1.859454736476476E+009,3.197853147339325E-002,
1.864439601721722E+009,3.061275633286685E-002,
1.869424466966967E+009,2.965427406431555E-002,
1.874409332212212E+009,2.809395142554289E-002,
1.879394197457458E+009,2.660167598707252E-002,
1.884379062702703E+009,2.410393622701340E-002,
1.889363927947948E+009,2.209689126403278E-002,
1.894348793193193E+009,1.992417604731742E-002,
1.899333658438438E+009,1.858222374998222E-002,
1.904318523683684E+009,1.759813577278436E-002,
1.909303388928929E+009,1.690468925257997E-002,
1.914288254174174E+009,1.641275790127072E-002,
1.919273119419420E+009,1.574758513896921E-002,
1.924257984664665E+009,1.553743939875899E-002,
1.929242849909910E+009,1.481583977263937E-002,
1.934227715155155E+009,1.370154924751468E-002,
1.939212580400400E+009,1.237741622217859E-002,
1.944197445645646E+009,1.175381669575016E-002,
1.949182310890891E+009,1.144219660484164E-002,
1.954167176136136E+009,1.252141272554114E-002,
1.959152041381382E+009,1.347347362893901E-002,
1.964136906626627E+009,1.416780436904549E-002,
1.969121771871872E+009,1.490727276426508E-002,
1.974106637117117E+009,1.542278292371141E-002,
1.979091502362362E+009,1.534178278039243E-002,
1.984076367607608E+009,1.570778038682023E-002,
1.989061232852853E+009,1.545317388890999E-002,
1.994046098098098E+009,1.575321849856256E-002,
1.999030963343343E+009,1.563952996261701E-002,
2.004015828588589E+009,1.596608445851439E-002,
2.009000693833834E+009,1.524923390880409E-002,
2.013985559079079E+009,1.529637154224272E-002,
2.018970424324324E+009,1.525083362136046E-002,
2.023955289569570E+009,1.589053124457461E-002,
2.028940154814815E+009,1.596759815141533E-002,
2.033925020060060E+009,1.684724309090240E-002,
2.038909885305305E+009,1.689242905260736E-002,
2.043894750550551E+009,1.726548392715413E-002,
2.048879615795796E+009,1.728171077463702E-002,
2.053864481041041E+009,1.711662453341336E-002,
2.058849346286286E+009,1.732602681604331E-002,
2.063834211531532E+009,1.787738546201268E-002,
2.068819076776777E+009,1.828237927111028E-002,
2.073803942022022E+009,1.817856649506378E-002,
2.078788807267267E+009,1.789789946030142E-002,
2.083773672512512E+009,1.788803576313153E-002,
2.088758537757758E+009,1.733373705881125E-002,
2.093743403003003E+009,1.732379279639935E-002,
2.098728268248248E+009,1.726948661679499E-002,
2.103713133493494E+009,1.752407422339326E-002,
2.108697998738739E+009,1.821317219370121E-002,
2.113682863983984E+009,1.927289852837251E-002,
2.118667729229229E+009,2.007423528508456E-002,
2.123652594474474E+009,2.020603097384892E-002,
2.128637459719720E+009,2.002070890815430E-002,
2.133622324964965E+009,2.001183964531790E-002,
2.138607190210210E+009,1.919183450245030E-002,
2.143592055455456E+009,1.897441747227944E-002,
2.148576920700701E+009,1.797024331005518E-002,
2.153561785945946E+009,1.730910281461665E-002,
2.158546651191191E+009,1.709755783796091E-002,
2.163531516436437E+009,1.561608667180025E-002,
2.168516381681682E+009,1.416336068201529E-002,
2.173501246926927E+009,1.365961537224374E-002,
2.178486112172172E+009,1.399246204353711E-002,
2.183470977417418E+009,1.399748201243589E-002,
2.188455842662663E+009,1.442746054974259E-002,
2.193440707907908E+009,1.460160159047646E-002,
2.198425573153153E+009,1.491133973830442E-002,
2.203410438398398E+009,1.539715430151228E-002,
2.208395303643644E+009,1.594327506327103E-002,
2.213380168888889E+009,1.670902360827989E-002,
2.218365034134134E+009,1.769997384195712E-002,
2.223349899379379E+009,1.920733760132513E-002,
2.228334764624625E+009,1.991455385533165E-002,
2.233319629869870E+009,2.154345724996159E-002,
2.238304495115115E+009,2.174253879994169E-002,
2.243289360360360E+009,2.235247494818943E-002,
2.248274225605606E+009,2.191299580251180E-002,
2.253259090850851E+009,2.202870359959774E-002,
2.258243956096096E+009,2.213813417136503E-002,
2.263228821341342E+009,2.197527262887968E-002,
2.268213686586587E+009,2.223744917420135E-002,
2.273198551831832E+009,2.284345982329977E-002,
2.278183417077077E+009,2.317437630740118E-002,
2.283168282322322E+009,2.429512582722491E-002,
2.288153147567567E+009,2.578244564522183E-002,
2.293138012812813E+009,2.665423681299863E-002,
2.298122878058058E+009,2.778153971413962E-002,
2.303107743303303E+009,2.878285317312710E-002,
2.308092608548549E+009,2.992248527638972E-002,
2.313077473793794E+009,3.052627731002238E-002,
2.318062339039039E+009,3.120109115510737E-002,
2.323047204284284E+009,3.123214127983114E-002,
2.328032069529530E+009,3.161205944352091E-002,
2.333016934774775E+009,3.143243829139616E-002,
2.338001800020020E+009,3.066611607897311E-002,
2.342986665265266E+009,3.005225295939809E-002,
2.347971530510510E+009,2.968803752039637E-002,
2.352956395755756E+009,2.926697534047748E-002,
2.357941261001001E+009,2.937367464997925E-002,
2.362926126246246E+009,2.888915628532493E-002,
2.367910991491491E+009,2.905828447374899E-002,
2.372895856736737E+009,2.921576570145090E-002,
2.377880721981982E+009,2.928348838848993E-002,
2.382865587227227E+009,3.027425904512904E-002,
2.387850452472473E+009,3.039678028755936E-002,
2.392835317717718E+009,3.138192187491837E-002,
2.397820182962963E+009,3.212402475863338E-002,
2.402805048208208E+009,3.243100679199340E-002,
2.407789913453454E+009,3.271811646536006E-002,
2.412774778698699E+009,3.380756586269032E-002,
2.417759643943944E+009,3.442723425839789E-002,
2.422744509189189E+009,3.497282260612675E-002,
2.427729374434434E+009,3.531454757696381E-002,
2.432714239679680E+009,3.507736875956756E-002,
2.437699104924925E+009,3.485726596911112E-002,
2.442683970170170E+009,3.418281627839364E-002,
2.447668835415415E+009,3.369496617428373E-002,
2.452653700660661E+009,3.340632064528280E-002,
2.457638565905906E+009,3.389246824834837E-002,
2.462623431151151E+009,3.369349357854525E-002,
2.467608296396397E+009,3.266118067207004E-002,
2.472593161641642E+009,3.164202836041079E-002,
2.477578026886887E+009,3.115501168307106E-002,
2.482562892132132E+009,3.111257305058076E-002,
2.487547757377378E+009,3.100842833352791E-002,
2.492532622622623E+009,3.048316428794396E-002,
2.497517487867868E+009,3.040070780235834E-002,
2.502502353113113E+009,3.153578681261631E-002,
2.507487218358358E+009,3.247922286479150E-002,
2.512472083603604E+009,3.347914703966309E-002,
2.517456948848849E+009,3.381344562519955E-002,
2.522441814094094E+009,3.508405012061847E-002,
2.527426679339339E+009,3.583560761452783E-002,
2.532411544584585E+009,3.612853484138825E-002,
2.537396409829830E+009,3.693514261011113E-002,
2.542381275075075E+009,3.746271418065671E-002,
2.547366140320320E+009,3.693945386926453E-002,
2.552351005565566E+009,3.749271962359317E-002,
2.557335870810811E+009,3.688491421529686E-002,
2.562320736056056E+009,3.683028086051661E-002,
2.567305601301302E+009,3.689682755886488E-002,
2.572290466546547E+009,3.661846126281319E-002,
2.577275331791792E+009,3.617687858957989E-002,
2.582260197037037E+009,3.601720587941317E-002,
2.587245062282282E+009,3.588075867522642E-002,
2.592229927527527E+009,3.597331228484132E-002,
2.597214792772773E+009,3.641604606844655E-002,
2.602199658018018E+009,3.716069427945137E-002,
2.607184523263263E+009,3.725177399659672E-002,
2.612169388508509E+009,3.787433389157080E-002,
2.617154253753754E+009,3.884291436881832E-002,
2.622139118998999E+009,4.048316831698616E-002,
2.627123984244244E+009,4.127934188377016E-002,
2.632108849489490E+009,4.206660364500237E-002,
2.637093714734735E+009,4.334421240849998E-002,
2.642078579979980E+009,4.355539798747699E-002,
2.647063445225225E+009,4.372596101996606E-002,
2.652048310470470E+009,4.339166439357130E-002,
2.657033175715716E+009,4.364021779015213E-002,
2.662018040960961E+009,4.335843600881201E-002,
2.667002906206206E+009,4.364626616496512E-002,
2.671987771451451E+009,4.349062661495431E-002,
2.676972636696697E+009,4.395798769382839E-002,
2.681957501941942E+009,4.400839214937775E-002,
2.686942367187187E+009,4.447201711944364E-002,
2.691927232432433E+009,4.532710659941375E-002,
2.696912097677678E+009,4.573607890678019E-002,
2.701896962922923E+009,4.633690421041484E-002,
2.706881828168168E+009,4.628991628445331E-002,
2.711866693413414E+009,4.703224705091042E-002,
2.716851558658659E+009,4.662778227667865E-002,
2.721836423903904E+009,4.706868361651386E-002,
2.726821289149149E+009,4.739374085517032E-002,
2.731806154394394E+009,4.698333471602614E-002,
2.736791019639640E+009,4.597775170707170E-002,
2.741775884884885E+009,4.568423011519885E-002,
2.746760750130130E+009,4.470693332422453E-002,
2.751745615375375E+009,4.386414786630002E-002,
2.756730480620621E+009,4.308552423715545E-002,
2.761715345865866E+009,4.193350112714332E-002,
2.766700211111111E+009,4.069887086218970E-002,
2.771685076356356E+009,3.930191645262354E-002,
2.776669941601602E+009,3.867099474469509E-002,
2.781654806846847E+009,3.719677103663352E-002,
2.786639672092092E+009,3.630479424452192E-002,
2.791624537337338E+009,3.538366590522293E-002,
2.796609402582583E+009,3.456755787671532E-002,
2.801594267827828E+009,3.387898848869555E-002,
2.806579133073073E+009,3.307081222525500E-002,
2.811563998318318E+009,3.229208965058213E-002,
2.816548863563564E+009,3.081117723314708E-002,
2.821533728808809E+009,3.116389717519514E-002,
2.826518594054054E+009,3.100952491080338E-002,
2.831503459299299E+009,3.105135440341708E-002,
2.836488324544545E+009,3.119013647413017E-002,
2.841473189789790E+009,3.107828455004963E-002,
2.846458055035035E+009,3.160844370212115E-002,
2.851442920280280E+009,3.199267967610158E-002,
2.856427785525526E+009,3.232479115999728E-002,
2.861412650770771E+009,3.170907986209050E-002,
2.866397516016016E+009,3.225968942009631E-002,
2.871382381261262E+009,3.163719782443642E-002,
2.876367246506506E+009,3.056211495812053E-002,
2.881352111751752E+009,3.084792708364392E-002,
2.886336976996997E+009,2.928505640713302E-002,
2.891321842242242E+009,2.832105354574467E-002,
2.896306707487487E+009,2.731806983371162E-002,
2.901291572732733E+009,2.608708072732086E-002,
2.906276437977978E+009,2.548299448328485E-002,
2.911261303223223E+009,2.484402897597640E-002,
2.916246168468469E+009,2.353579728924585E-002,
2.921231033713714E+009,2.227779327564538E-002,
2.926215898958959E+009,2.235077378577609E-002,
2.931200764204204E+009,2.178500542029883E-002,
2.936185629449450E+009,2.185773691842148E-002,
2.941170494694695E+009,2.124936327468687E-002,
2.946155359939940E+009,2.098371162239150E-002,
2.951140225185185E+009,2.152388065321580E-002,
2.956125090430430E+009,2.076558368018254E-002,
2.961109955675676E+009,2.098234078340135E-002,
2.966094820920921E+009,1.973833573413528E-002,
2.971079686166166E+009,1.977145269516962E-002,
2.976064551411411E+009,1.900857119481667E-002,
2.981049416656657E+009,1.843668234135142E-002,
2.986034281901902E+009,1.795867103531262E-002,
2.991019147147147E+009,1.778498838097262E-002,
2.996004012392393E+009,1.744588444146500E-002,
3.000988877637638E+009,1.687768770115944E-002,
3.005973742882883E+009,1.623691246592321E-002,
3.010958608128128E+009,1.591362909972391E-002,
3.015943473373374E+009,1.537457874236788E-002,
3.020928338618619E+009,1.416333391456320E-002,
3.025913203863864E+009,1.421068506780458E-002,
3.030898069109109E+009,1.364618449646054E-002,
3.035882934354354E+009,1.352056574136044E-002,
3.040867799599600E+009,1.362735104689106E-002,
3.045852664844845E+009,1.341153002651908E-002,
3.050837530090090E+009,1.341679271873535E-002,
3.055822395335335E+009,1.309729831392311E-002,
3.060807260580581E+009,1.227488340035472E-002,
3.065792125825826E+009,1.205661298466903E-002,
3.070776991071071E+009,1.190621631470869E-002,
3.075761856316316E+009,1.162215055321261E-002,
3.080746721561562E+009,1.065247505196768E-002,
3.085731586806807E+009,9.955217629074661E-003,
3.090716452052052E+009,9.240617983892837E-003,
3.095701317297298E+009,8.671546433625478E-003,
3.100686182542543E+009,8.066841781348486E-003,
3.105671047787788E+009,7.494331580273007E-003,
3.110655913033033E+009,7.165853670785339E-003,
3.115640778278278E+009,6.910708771875612E-003,
3.120625643523523E+009,6.708501461187262E-003,
3.125610508768769E+009,6.643903659852576E-003,
3.130595374014014E+009,6.506181820355486E-003,
3.135580239259259E+009,6.367943569527745E-003,
3.140565104504505E+009,6.403772292955771E-003,
3.145549969749750E+009,6.453281876590747E-003,
3.150534834994995E+009,6.500896558272085E-003,
3.155519700240240E+009,6.447843186206622E-003,
3.160504565485486E+009,6.292059223094840E-003,
3.165489430730731E+009,6.086995147646384E-003,
3.170474295975976E+009,5.994542760861874E-003,
3.175459161221221E+009,5.958785490931072E-003,
3.180444026466466E+009,5.816912656599395E-003,
3.185428891711712E+009,5.696045297337166E-003,
3.190413756956957E+009,5.398411529319074E-003,
3.195398622202202E+009,5.196886784180494E-003,
3.200383487447447E+009,4.814464206045092E-003,
3.205368352692693E+009,4.551104181107412E-003,
3.210353217937938E+009,4.274789177186582E-003,
3.215338083183183E+009,4.131384352315239E-003,
3.220322948428429E+009,4.194688615021047E-003,
3.225307813673674E+009,4.369326840599346E-003,
3.230292678918919E+009,4.669176893863287E-003,
3.235277544164164E+009,4.864173436656295E-003,
3.240262409409410E+009,5.129896504537958E-003,
3.245247274654655E+009,5.429349372560278E-003,
3.250232139899900E+009,5.950201886323679E-003,
3.255217005145145E+009,6.253926909939609E-003,
3.260201870390390E+009,6.569998701179540E-003,
3.265186735635636E+009,6.784722303246669E-003,
3.270171600880881E+009,6.983725705403734E-003,
3.275156466126126E+009,7.177531201522376E-003,
3.280141331371371E+009,7.504786350223986E-003,
3.285126196616617E+009,7.790917300546751E-003,
3.290111061861862E+009,8.179337185264724E-003,
3.295095927107107E+009,8.489629773051706E-003,
3.300080792352352E+009,8.842974860116152E-003,
3.305065657597598E+009,9.074750082881566E-003,
3.310050522842843E+009,9.333514037442035E-003,
3.315035388088088E+009,9.547965299525587E-003,
3.320020253333334E+009,9.674531521320591E-003,
3.325005118578579E+009,9.696674893135726E-003,
3.329989983823824E+009,9.579544638507352E-003,
3.334974849069069E+009,9.579163977787854E-003,
3.339959714314314E+009,9.711698059679131E-003,
3.344944579559560E+009,9.969640020962371E-003,
3.349929444804805E+009,1.042440202993107E-002,
3.354914310050050E+009,1.114728196763504E-002,
3.359899175295295E+009,1.180450442671533E-002,
3.364884040540541E+009,1.245298478898371E-002,
3.369868905785786E+009,1.299257277252949E-002,
3.374853771031031E+009,1.363271475219234E-002,
3.379838636276276E+009,1.401487384134668E-002,
3.384823501521522E+009,1.444162019315777E-002,
3.389808366766767E+009,1.487389245099502E-002,
3.394793232012012E+009,1.534470188463320E-002,
3.399778097257258E+009,1.581233417351626E-002,
3.404762962502502E+009,1.624336576609569E-002,
3.409747827747748E+009,1.677238286649605E-002,
3.414732692992993E+009,1.715283509905967E-002,
3.419717558238238E+009,1.754967354248813E-002,
3.424702423483483E+009,1.814267341489623E-002,
3.429687288728729E+009,1.832622371698684E-002,
3.434672153973974E+009,1.795619215882673E-002,
3.439657019219219E+009,1.849665457887288E-002,
3.444641884464465E+009,1.832753198823138E-002,
3.449626749709710E+009,1.918588492912090E-002,
3.454611614954955E+009,1.951616556704038E-002,
3.459596480200200E+009,1.965902766888533E-002,
3.464581345445446E+009,1.954960115684134E-002,
3.469566210690691E+009,1.991642725385087E-002,
3.474551075935936E+009,1.917471753064540E-002,
3.479535941181181E+009,2.013336532609863E-002,
3.484520806426426E+009,2.061547996544559E-002,
3.489505671671672E+009,2.019132979257690E-002,
3.494490536916917E+009,2.081412625800923E-002,
3.499475402162162E+009,2.080578529004443E-002,
3.504460267407407E+009,2.077600019873612E-002,
3.509445132652653E+009,2.178027935934376E-002,
3.514429997897898E+009,2.145992869164040E-002,
3.519414863143143E+009,2.123775264359753E-002,
3.524399728388389E+009,2.160422361601900E-002,
3.529384593633634E+009,2.119916412884556E-002,
3.534369458878879E+009,2.144127083012121E-002,
3.539354324124124E+009,2.140769178458151E-002,
3.544339189369370E+009,2.106008586512043E-002,
3.549324054614615E+009,2.137512605959477E-002,
3.554308919859860E+009,2.115919957242143E-002,
3.559293785105105E+009,2.103657222000395E-002,
3.564278650350350E+009,2.090109949357397E-002,
3.569263515595596E+009,2.099751748565751E-002,
3.574248380840841E+009,2.235443327627406E-002,
3.579233246086086E+009,2.259448055335947E-002,
3.584218111331331E+009,2.294964780812326E-002,
3.589202976576577E+009,2.327128330839967E-002,
3.594187841821822E+009,2.387255604310450E-002,
3.599172707067067E+009,2.427574651855056E-002,
3.604157572312312E+009,2.489638803466790E-002,
3.609142437557558E+009,2.515767128626952E-002,
3.614127302802803E+009,2.471669039022642E-002,
3.619112168048048E+009,2.406561668583070E-002,
3.624097033293294E+009,2.502815280021635E-002,
3.629081898538539E+009,2.492065703267428E-002,
3.634066763783784E+009,2.397154543717114E-002,
3.639051629029029E+009,2.312324728114263E-002,
3.644036494274274E+009,2.307500773152053E-002,
3.649021359519519E+009,2.257822951712238E-002,
3.654006224764765E+009,2.069708202868701E-002,
3.658991090010010E+009,2.150868382762371E-002,
3.663975955255255E+009,2.055647294888614E-002,
3.668960820500501E+009,2.059129606188518E-002,
3.673945685745746E+009,2.045659576521417E-002,
3.678930550990991E+009,2.033638850595566E-002,
3.683915416236236E+009,2.010004552074507E-002,
3.688900281481482E+009,2.006887532952891E-002,
3.693885146726727E+009,2.134815775099335E-002,
3.698870011971972E+009,2.124882896605485E-002,
3.703854877217217E+009,2.173810990662262E-002,
3.708839742462462E+009,2.244566455668446E-002,
3.713824607707708E+009,2.241825688936955E-002,
3.718809472952953E+009,2.200790605940141E-002,
3.723794338198198E+009,2.238123767988508E-002,
3.728779203443443E+009,2.208203591294170E-002,
3.733764068688689E+009,2.157389475662582E-002,
3.738748933933934E+009,2.180479819583969E-002,
3.743733799179179E+009,2.161532213474904E-002,
3.748718664424425E+009,2.154127174210105E-002,
3.753703529669670E+009,2.174444720256956E-002,
3.758688394914915E+009,2.278492140215271E-002,
3.763673260160160E+009,2.189596145389692E-002,
3.768658125405406E+009,2.223684213327791E-002,
3.773642990650651E+009,2.240644799405214E-002,
3.778627855895896E+009,2.214685598998811E-002,
3.783612721141141E+009,2.306112794182566E-002,
3.788597586386386E+009,2.271678686997563E-002,
3.793582451631632E+009,2.218602342627813E-002,
3.798567316876877E+009,2.210011761892540E-002,
3.803552182122122E+009,2.189493960126468E-002,
3.808537047367367E+009,2.152649131000340E-002,
3.813521912612613E+009,2.079245847111114E-002,
3.818506777857858E+009,2.022636820417513E-002,
3.823491643103103E+009,1.951130125141622E-002,
3.828476508348349E+009,1.946857154497595E-002,
3.833461373593594E+009,1.900723503993894E-002,
3.838446238838839E+009,1.785014879670995E-002,
3.843431104084084E+009,1.857085355295633E-002,
3.848415969329330E+009,1.878807539157066E-002,
3.853400834574575E+009,1.781230258864424E-002,
3.858385699819820E+009,1.825542593019157E-002,
3.863370565065065E+009,1.938310897952018E-002,
3.868355430310310E+009,1.985992848972419E-002,
3.873340295555556E+009,1.991641382142370E-002,
3.878325160800801E+009,1.967311686408097E-002,
3.883310026046046E+009,2.039314255873140E-002,
3.888294891291291E+009,2.053938991310694E-002,
3.893279756536537E+009,2.084274780104651E-002,
3.898264621781782E+009,2.042180769641428E-002,
3.903249487027027E+009,2.012418301632315E-002,
3.908234352272272E+009,2.048795132140022E-002,
3.913219217517518E+009,1.973396396569989E-002,
3.918204082762763E+009,1.841224403972839E-002,
3.923188948008008E+009,1.883713254412612E-002,
3.928173813253254E+009,1.917898363791088E-002,
3.933158678498498E+009,1.802598955083649E-002,
3.938143543743744E+009,1.799359340486756E-002,
3.943128408988989E+009,1.799035521683026E-002,
3.948113274234234E+009,1.783270230009769E-002,
3.953098139479479E+009,1.799246539698437E-002,
3.958083004724725E+009,1.776544825358657E-002,
3.963067869969970E+009,1.820716754451446E-002,
3.968052735215215E+009,1.839862373093163E-002,
3.973037600460461E+009,1.868365561236274E-002,
3.978022465705706E+009,1.787835963373968E-002,
3.983007330950951E+009,1.825398849049855E-002,
3.987992196196196E+009,1.780621805759076E-002,
3.992977061441442E+009,1.775138487735287E-002,
3.997961926686687E+009,1.791705381884899E-002,
4.002946791931932E+009,1.656521890600804E-002,
4.007931657177177E+009,1.645005563132169E-002,
4.012916522422422E+009,1.623539030675606E-002,
4.017901387667668E+009,1.651355907100504E-002,
4.022886252912913E+009,1.571091385897259E-002,
4.027871118158158E+009,1.591518582046762E-002,
4.032855983403403E+009,1.617736100637269E-002,
4.037840848648649E+009,1.525379378609479E-002,
4.042825713893894E+009,1.691059696201159E-002,
4.047810579139139E+009,1.616703217873064E-002,
4.052795444384385E+009,1.652117188461932E-002,
4.057780309629630E+009,1.731713383081020E-002,
4.062765174874875E+009,1.687602197472363E-002,
4.067750040120120E+009,1.731974989423248E-002,
4.072734905365366E+009,1.722024435587646E-002,
4.077719770610611E+009,1.701880208857041E-002,
4.082704635855856E+009,1.805289742937193E-002,
4.087689501101101E+009,1.758437036518034E-002,
4.092674366346346E+009,1.706961915632702E-002,
4.097659231591592E+009,1.628847216172213E-002,
4.102644096836837E+009,1.611440876819682E-002,
4.107628962082082E+009,1.644572984498435E-002,
4.112613827327327E+009,1.565496559786259E-002,
4.117598692572573E+009,1.519844458248823E-002,
4.122583557817818E+009,1.530035776887369E-002,
4.127568423063063E+009,1.532693489768953E-002,
4.132553288308308E+009,1.477582373537888E-002,
4.137538153553554E+009,1.476041463680906E-002,
4.142523018798799E+009,1.526643759019356E-002,
4.147507884044044E+009,1.559936744012170E-002,
4.152492749289290E+009,1.578985093448805E-002,
4.157477614534535E+009,1.621835075200488E-002,
4.162462479779780E+009,1.649821120690682E-002,
4.167447345025025E+009,1.688767716718836E-002,
4.172432210270270E+009,1.716653475431324E-002,
4.177417075515515E+009,1.741723160664271E-002,
4.182401940760761E+009,1.745727882394650E-002,
4.187386806006006E+009,1.750530965251057E-002,
4.192371671251251E+009,1.738788744934857E-002,
4.197356536496497E+009,1.719782550951544E-002,
4.202341401741742E+009,1.701986984992248E-002,
4.207326266986987E+009,1.671019446622118E-002,
4.212311132232232E+009,1.648932610567820E-002,
4.217295997477478E+009,1.627538851162298E-002,
4.222280862722723E+009,1.611083305632282E-002,
4.227265727967968E+009,1.594177856804632E-002,
4.232250593213213E+009,1.579242941274918E-002,
4.237235458458458E+009,1.580647086592344E-002,
4.242220323703704E+009,1.594794845445282E-002,
4.247205188948949E+009,1.607494022263402E-002,
4.252190054194194E+009,1.654623794500429E-002,
4.257174919439439E+009,1.696076774476711E-002,
4.262159784684685E+009,1.735607552474061E-002,
4.267144649929930E+009,1.767397282444641E-002,
4.272129515175175E+009,1.787252325314014E-002,
4.277114380420421E+009,1.812331503979605E-002,
4.282099245665666E+009,1.800427582206426E-002,
4.287084110910911E+009,1.739396410655490E-002,
4.292068976156156E+009,1.731314808306245E-002,
4.297053841401402E+009,1.722155828070759E-002,
4.302038706646647E+009,1.651975496639805E-002,
4.307023571891892E+009,1.594292536804198E-002,
4.312008437137137E+009,1.596249126837103E-002,
4.316993302382382E+009,1.586966418608148E-002,
4.321978167627627E+009,1.620956380533115E-002,
4.326963032872873E+009,1.534011981973174E-002,
4.331947898118118E+009,1.451375747195048E-002,
4.336932763363363E+009,1.422460447040405E-002,
4.341917628608608E+009,1.394264286832248E-002,
4.346902493853854E+009,1.364810978259925E-002,
4.351887359099099E+009,1.347823688358865E-002,
4.356872224344344E+009,1.323444880016713E-002,
4.361857089589590E+009,1.298508968302414E-002,
4.366841954834835E+009,1.282620176558679E-002,
4.371826820080080E+009,1.255858150294347E-002,
4.376811685325325E+009,1.239821804935075E-002,
4.381796550570571E+009,1.213010340829439E-002,
4.386781415815816E+009,1.195341112683055E-002,
4.391766281061061E+009,1.164525723166569E-002,
4.396751146306306E+009,1.139228141477563E-002,
4.401736011551552E+009,1.107423922232933E-002,
4.406720876796797E+009,1.078038307877595E-002,
4.411705742042042E+009,1.043077029754352E-002,
4.416690607287288E+009,1.001627787081220E-002,
4.421675472532533E+009,9.604905344474321E-003,
4.426660337777778E+009,9.359303631230692E-003,
4.431645203023023E+009,8.819553075168402E-003,
4.436630068268269E+009,8.358604259735919E-003,
4.441614933513514E+009,7.874716160100773E-003,
4.446599798758759E+009,7.562727214044628E-003,
4.451584664004005E+009,7.137617195405714E-003,
4.456569529249250E+009,6.776516754731468E-003,
4.461554394494494E+009,6.380475223689867E-003,
4.466539259739739E+009,6.086052936942071E-003,
4.471524124984985E+009,5.808778936076557E-003,
4.476508990230230E+009,5.692678104465703E-003,
4.481493855475475E+009,5.549940593605319E-003,
4.486478720720720E+009,5.552175815329918E-003,
4.491463585965966E+009,5.437853053727477E-003,
4.496448451211211E+009,5.375750589561715E-003,
4.501433316456456E+009,5.418506380252736E-003,
4.506418181701702E+009,5.520528102980370E-003,
4.511403046946947E+009,5.329506481020705E-003,
4.516387912192192E+009,5.222360063330257E-003,
4.521372777437437E+009,5.034453867227262E-003,
4.526357642682683E+009,4.687268702346735E-003,
4.531342507927928E+009,4.451845891962670E-003,
4.536327373173173E+009,4.191331497778861E-003,
4.541312238418419E+009,3.852286417179164E-003,
4.546297103663664E+009,3.574567056095989E-003,
4.551281968908909E+009,3.269716350308180E-003,
4.556266834154154E+009,3.085908374977886E-003,
4.561251699399400E+009,2.887872080098526E-003,
4.566236564644645E+009,2.821664296615305E-003,
4.571221429889890E+009,2.794496169246625E-003,
4.576206295135135E+009,2.808498060233476E-003,
4.581191160380381E+009,2.832147076972681E-003,
4.586176025625626E+009,3.019306055591446E-003,
4.591160890870871E+009,3.045082082184622E-003,
4.596145756116117E+009,3.136887777855401E-003,
4.601130621361362E+009,3.178413392633004E-003,
4.606115486606607E+009,3.251322564216885E-003,
4.611100351851852E+009,3.256307775360130E-003,
4.616085217097097E+009,3.246753035419050E-003,
4.621070082342342E+009,3.161985509553515E-003,
4.626054947587587E+009,3.030880840892092E-003,
4.631039812832833E+009,2.950274354896650E-003,
4.636024678078078E+009,2.974890186603795E-003,
4.641009543323323E+009,2.848696902449623E-003,
4.645994408568568E+009,2.823007139643325E-003,
4.650979273813814E+009,2.781538300558842E-003,
4.655964139059059E+009,2.825546106204919E-003,
4.660949004304304E+009,2.780576990838367E-003,
4.665933869549550E+009,2.835297095588998E-003,
4.670918734794795E+009,2.732226493456620E-003,
4.675903600040040E+009,2.713011045397315E-003,
4.680888465285285E+009,2.706354962168115E-003,
4.685873330530531E+009,2.642596568568350E-003,
4.690858195775776E+009,2.637321308247851E-003,
4.695843061021021E+009,2.756615172156869E-003,
4.700827926266266E+009,2.860680467827160E-003,
4.705812791511512E+009,2.997785255182116E-003,
4.710797656756757E+009,3.112881431642741E-003,
4.715782522002002E+009,3.286700019158341E-003,
4.720767387247248E+009,3.460898643914238E-003,
4.725752252492493E+009,3.611938945155553E-003,
4.730737117737738E+009,3.560579274524480E-003,
4.735721982982983E+009,3.648249291660658E-003,
4.740706848228229E+009,3.437205211266573E-003,
4.745691713473474E+009,3.420847589894244E-003,
4.750676578718719E+009,3.278687012396635E-003,
4.755661443963965E+009,3.240294023666962E-003,
4.760646309209209E+009,2.998623523437355E-003,
4.765631174454454E+009,2.956896118588417E-003,
4.770616039699699E+009,3.015434781501849E-003,
4.775600904944945E+009,2.974576382254656E-003,
4.780585770190190E+009,3.147696966617967E-003,
4.785570635435435E+009,3.345782320119408E-003,
4.790555500680680E+009,3.578522104447709E-003,
4.795540365925926E+009,3.854445049753084E-003,
4.800525231171171E+009,4.138774651942733E-003,
4.805510096416416E+009,4.416235978960435E-003,
4.810494961661662E+009,4.686117591861253E-003,
4.815479826906907E+009,4.786247864755423E-003,
4.820464692152152E+009,4.777463909917702E-003,
4.825449557397397E+009,4.797415123642612E-003,
4.830434422642643E+009,4.697507464139869E-003,
4.835419287887888E+009,4.554829473119355E-003,
4.840404153133133E+009,4.470593406842212E-003,
4.845389018378379E+009,4.342693153174556E-003,
4.850373883623624E+009,4.285747007987666E-003,
4.855358748868869E+009,4.117405354122822E-003,
4.860343614114114E+009,4.076371375486214E-003,
4.865328479359360E+009,4.088188159560638E-003,
4.870313344604605E+009,4.128555404270584E-003,
4.875298209849850E+009,4.132710167409012E-003,
4.880283075095095E+009,4.392101977605123E-003,
4.885267940340341E+009,4.561341540979203E-003,
4.890252805585586E+009,4.864930875805784E-003,
4.895237670830831E+009,5.074244382210394E-003,
4.900222536076077E+009,5.412383475225152E-003,
4.905207401321322E+009,5.722031227284450E-003,
4.910192266566567E+009,5.992265995910209E-003,
4.915177131811811E+009,6.245176601180997E-003,
4.920161997057057E+009,6.330640291669704E-003,
4.925146862302302E+009,6.400533854401068E-003,
4.930131727547547E+009,6.464973833810346E-003,
4.935116592792793E+009,6.468719422808303E-003,
4.940101458038038E+009,6.378284507464065E-003,
4.945086323283283E+009,6.300524405831689E-003,
4.950071188528528E+009,6.303730447966986E-003,
4.955056053773774E+009,6.219111920579960E-003,
4.960040919019019E+009,6.235556423194290E-003,
4.965025784264264E+009,6.176730391543641E-003,
4.970010649509509E+009,6.265823970140666E-003,
4.974995514754755E+009,6.390971339429611E-003,
4.979980380000000E+009,6.394802340648995E-003,
