% Version 1.00
%
% Ref Impedances: Z01: 50, Z02: 50
% 
%freq[Hz];Trc1_S21[U];
1.000000000000000E+005,4.993065956349379E-005,
5.084865245245245E+006,3.569936544262298E-004,
1.006973049049049E+007,8.492520623816088E-004,
1.505459573573574E+007,1.742055871500313E-003,
2.003946098098098E+007,2.368259905895941E-003,
2.502432622622623E+007,3.456383858038471E-003,
3.000919147147147E+007,5.124081842186817E-003,
3.499405671671671E+007,8.963022031153631E-003,
3.997892196196196E+007,1.781254990330506E-002,
4.496378720720721E+007,5.788584104068907E-002,
4.994865245245245E+007,4.662513681881705E-002,
5.493351769769770E+007,2.550526495373907E-002,
5.991838294294295E+007,1.874982599724569E-002,
6.490324818818819E+007,1.366687447375941E-002,
6.988811343343343E+007,1.113211521936810E-002,
7.487297867867868E+007,8.727474624548492E-003,
7.985784392392393E+007,6.808951593751238E-003,
8.484270916916917E+007,6.366117741687641E-003,
8.982757441441442E+007,6.313440852587188E-003,
9.481243965965965E+007,6.071043004890113E-003,
9.979730490490490E+007,6.505869950763079E-003,
1.047821701501502E+008,7.237604351734347E-003,
1.097670353953954E+008,8.021959678326222E-003,
1.147519006406407E+008,8.941804901622889E-003,
1.197367658858859E+008,9.484302526301443E-003,
1.247216311311311E+008,1.029614915673100E-002,
1.297064963763764E+008,1.157948686601215E-002,
1.346913616216216E+008,1.377580714656318E-002,
1.396762268668669E+008,1.882154105947786E-002,
1.446610921121121E+008,2.247448393489648E-002,
1.496459573573574E+008,2.907617336748915E-002,
1.546308226026026E+008,4.126864668859080E-002,
1.596156878478479E+008,7.314974647875376E-002,
1.646005530930931E+008,1.396541403118606E-001,
1.695854183383384E+008,1.513723050409798E-001,
1.745702835835836E+008,8.482868297756564E-002,
1.795551488288288E+008,5.301781499445376E-002,
1.845400140740741E+008,3.686853327093925E-002,
1.895248793193193E+008,2.859964887017006E-002,
1.945097445645646E+008,2.271846674257114E-002,
1.994946098098098E+008,1.751629485119595E-002,
2.044794750550551E+008,1.393635848084465E-002,
2.094643403003003E+008,1.075954653399259E-002,
2.144492055455456E+008,8.493443091428915E-003,
2.194340707907908E+008,6.293151782909932E-003,
2.244189360360360E+008,4.955188449253063E-003,
2.294038012812813E+008,4.010250298911849E-003,
2.343886665265265E+008,4.084786100914967E-003,
2.393735317717718E+008,5.781230516000616E-003,
2.443583970170170E+008,8.762490688388922E-003,
2.493432622622623E+008,1.287591959640105E-002,
2.543281275075075E+008,1.836051268985625E-002,
2.593129927527528E+008,2.636700748111237E-002,
2.642978579979980E+008,3.910098205726292E-002,
2.692827232432432E+008,6.103938684304604E-002,
2.742675884884885E+008,1.011049171162627E-001,
2.792524537337337E+008,1.562323661993562E-001,
2.842373189789790E+008,1.372426021577028E-001,
2.892221842242242E+008,9.239045972420523E-002,
2.942070494694695E+008,6.584065768642546E-002,
2.991919147147147E+008,5.098961305587094E-002,
3.041767799599600E+008,4.196564923519262E-002,
3.091616452052052E+008,3.551077668912545E-002,
3.141465104504505E+008,3.025448003870584E-002,
3.191313756956957E+008,2.521945344128376E-002,
3.241162409409409E+008,2.123368207882323E-002,
3.291011061861862E+008,1.796952759627657E-002,
3.340859714314314E+008,1.488974739687726E-002,
3.390708366766767E+008,1.207534406943168E-002,
3.440557019219219E+008,1.009577220065236E-002,
3.490405671671672E+008,8.650368265202230E-003,
3.540254324124124E+008,6.470184192428180E-003,
3.590102976576577E+008,5.412280771021233E-003,
3.639951629029029E+008,4.019590216694765E-003,
3.689800281481482E+008,2.978083544576944E-003,
3.739648933933934E+008,2.516697800365891E-003,
3.789497586386386E+008,2.812706714931374E-003,
3.839346238838839E+008,3.963432618964244E-003,
3.889194891291291E+008,5.135952736739028E-003,
3.939043543743744E+008,6.035018761431561E-003,
3.988892196196196E+008,6.908101375983767E-003,
4.038740848648649E+008,7.784738495484981E-003,
4.088589501101101E+008,9.297302871419316E-003,
4.138438153553554E+008,1.077235461464543E-002,
4.188286806006006E+008,1.303264475351525E-002,
4.238135458458459E+008,1.539552080927024E-002,
4.287984110910911E+008,1.644978909025956E-002,
4.337832763363363E+008,1.638066033831976E-002,
4.387681415815816E+008,1.578579554821587E-002,
4.437530068268268E+008,1.665453323286056E-002,
4.487378720720721E+008,1.701310900532847E-002,
4.537227373173173E+008,1.833661279451327E-002,
4.587076025625626E+008,1.959894815029788E-002,
4.636924678078078E+008,2.133440710936069E-002,
4.686773330530531E+008,2.371445870608520E-002,
4.736621982982983E+008,2.604291756054947E-002,
4.786470635435436E+008,2.837443853522589E-002,
4.836319287887888E+008,3.101933670313026E-002,
4.886167940340340E+008,3.325384533953437E-002,
4.936016592792793E+008,3.541204771607501E-002,
4.985865245245245E+008,3.693580464392893E-002,
5.035713897697698E+008,3.814243824443198E-002,
5.085562550150150E+008,3.970988255168256E-002,
5.135411202602603E+008,4.017294869803968E-002,
5.185259855055055E+008,4.080120959373970E-002,
5.235108507507508E+008,4.092695707963547E-002,
5.284957159959960E+008,4.067507581326610E-002,
5.334805812412412E+008,4.112414706512606E-002,
5.384654464864864E+008,4.198485910833047E-002,
5.434503117317318E+008,4.358823788047869E-002,
5.484351769769770E+008,4.541545923507229E-002,
5.534200422222222E+008,4.688982512393077E-002,
5.584049074674674E+008,4.805581932485455E-002,
5.633897727127128E+008,5.012968629281753E-002,
5.683746379579580E+008,5.095953184702502E-002,
5.733595032032032E+008,5.175472724410143E-002,
5.783443684484484E+008,5.191973798393273E-002,
5.833292336936938E+008,5.129268718471917E-002,
5.883140989389390E+008,5.056239594314513E-002,
5.932989641841842E+008,5.100564905804133E-002,
5.982838294294294E+008,5.132658744318357E-002,
6.032686946746746E+008,5.240740889658089E-002,
6.082535599199200E+008,5.292141231484875E-002,
6.132384251651652E+008,5.401686314831621E-002,
6.182232904104104E+008,5.525519380705359E-002,
6.232081556556556E+008,5.622596553616917E-002,
6.281930209009010E+008,5.766643194886540E-002,
6.331778861461462E+008,6.016481313604082E-002,
6.381627513913914E+008,6.195777716930651E-002,
6.431476166366366E+008,6.377612633754458E-002,
6.481324818818818E+008,6.572042398616208E-002,
6.531173471271272E+008,6.864719789925108E-002,
6.581022123723724E+008,7.065207558465492E-002,
6.630870776176176E+008,7.278164084853035E-002,
6.680719428628628E+008,7.701417854969897E-002,
6.730568081081082E+008,8.239428478693360E-002,
6.780416733533534E+008,8.783473750677620E-002,
6.830265385985986E+008,9.342011117263473E-002,
6.880114038438438E+008,9.868126742878623E-002,
6.929962690890890E+008,1.031854811016063E-001,
6.979811343343344E+008,1.081881335295446E-001,
7.029659995795796E+008,1.126632603423545E-001,
7.079508648248248E+008,1.170644444168167E-001,
7.129357300700700E+008,1.213445548248807E-001,
7.179205953153154E+008,1.247407037560325E-001,
7.229054605605606E+008,1.283361785696347E-001,
7.278903258058058E+008,1.312936473486651E-001,
7.328751910510510E+008,1.334179163946070E-001,
7.378600562962964E+008,1.354642640221454E-001,
7.428449215415416E+008,1.393121148348359E-001,
7.478297867867868E+008,1.439720248281694E-001,
7.528146520320320E+008,1.500914429821900E-001,
7.577995172772772E+008,1.577053205126708E-001,
7.627843825225226E+008,1.649793219213969E-001,
7.677692477677678E+008,1.719338390960463E-001,
7.727541130130130E+008,1.774644969753073E-001,
7.777389782582582E+008,1.793880857349131E-001,
7.827238435035036E+008,1.783536703899518E-001,
7.877087087487488E+008,1.752311676593610E-001,
7.926935739939940E+008,1.730173710983096E-001,
7.976784392392392E+008,1.708669524493750E-001,
8.026633044844844E+008,1.697577536233733E-001,
8.076481697297298E+008,1.690341493002394E-001,
8.126330349749750E+008,1.666724518899383E-001,
8.176179002202202E+008,1.638742427809244E-001,
8.226027654654654E+008,1.622934440709502E-001,
8.275876307107108E+008,1.604236970079460E-001,
8.325724959559560E+008,1.604142307800326E-001,
8.375573612012012E+008,1.617819677219174E-001,
8.425422264464464E+008,1.619639065259045E-001,
8.475270916916918E+008,1.634310891633916E-001,
8.525119569369370E+008,1.644845656577964E-001,
8.574968221821822E+008,1.666387883854471E-001,
8.624816874274274E+008,1.681315967021798E-001,
8.674665526726726E+008,1.679835497652847E-001,
8.724514179179180E+008,1.668695496468926E-001,
8.774362831631632E+008,1.633660576448003E-001,
8.824211484084084E+008,1.584740053357832E-001,
8.874060136536536E+008,1.534144057698111E-001,
8.923908788988990E+008,1.518984967506164E-001,
8.973757441441442E+008,1.539219524286561E-001,
9.023606093893894E+008,1.570952273066127E-001,
9.073454746346346E+008,1.596968865304906E-001,
9.123303398798798E+008,1.625163584413984E-001,
9.173152051251252E+008,1.654149791418509E-001,
9.223000703703704E+008,1.683475137789736E-001,
9.272849356156156E+008,1.712890793874608E-001,
9.322698008608608E+008,1.730349777213379E-001,
9.372546661061062E+008,1.766264097662914E-001,
9.422395313513514E+008,1.798840378037458E-001,
9.472243965965966E+008,1.796335904243204E-001,
9.522092618418418E+008,1.773301698205375E-001,
9.571941270870872E+008,1.729166513129513E-001,
9.621789923323324E+008,1.696207432870533E-001,
9.671638575775776E+008,1.662056331004567E-001,
9.721487228228228E+008,1.640108285864116E-001,
9.771335880680680E+008,1.609363646765681E-001,
9.821184533133134E+008,1.569920577356813E-001,
9.871033185585586E+008,1.500960875614469E-001,
9.920881838038038E+008,1.446723430554086E-001,
9.970730490490490E+008,1.395921584497538E-001,
1.002057914294294E+009,1.362393945436435E-001,
1.007042779539540E+009,1.336504518903273E-001,
1.012027644784785E+009,1.316618829535394E-001,
1.017012510030030E+009,1.301014510781348E-001,
1.021997375275275E+009,1.280455362201511E-001,
1.026982240520521E+009,1.255714067948478E-001,
1.031967105765766E+009,1.228609182048512E-001,
1.036951971011011E+009,1.188779018787535E-001,
1.041936836256256E+009,1.143154718967712E-001,
1.046921701501502E+009,1.090667257611016E-001,
1.051906566746747E+009,1.047207632512280E-001,
1.056891431991992E+009,1.014915925106559E-001,
1.061876297237237E+009,9.772924085367350E-002,
1.066861162482482E+009,9.535973219815888E-002,
1.071846027727728E+009,9.424471787799169E-002,
1.076830892972973E+009,9.423016825299528E-002,
1.081815758218218E+009,9.472506410211969E-002,
1.086800623463464E+009,9.548814623313655E-002,
1.091785488708709E+009,9.772355983226992E-002,
1.096770353953954E+009,1.000181269628031E-001,
1.101755219199199E+009,1.019473898091985E-001,
1.106740084444444E+009,1.037896482411353E-001,
1.111724949689690E+009,1.051842557233176E-001,
1.116709814934935E+009,1.062460231355950E-001,
1.121694680180180E+009,1.071775909940620E-001,
1.126679545425426E+009,1.069790881586159E-001,
1.131664410670671E+009,1.066309144843907E-001,
1.136649275915916E+009,1.051766789680423E-001,
1.141634141161161E+009,1.025543630550339E-001,
1.146619006406406E+009,9.894101166288120E-002,
1.151603871651652E+009,9.544782347738638E-002,
1.156588736896897E+009,9.263833871164437E-002,
1.161573602142142E+009,9.068158716878538E-002,
1.166558467387388E+009,8.971094679939549E-002,
1.171543332632633E+009,8.895696876619855E-002,
1.176528197877878E+009,8.793533228527554E-002,
1.181513063123123E+009,8.780932502086179E-002,
1.186497928368368E+009,8.772117313623389E-002,
1.191482793613614E+009,8.897210155995763E-002,
1.196467658858859E+009,8.996146788490285E-002,
1.201452524104104E+009,9.036274175607326E-002,
1.206437389349349E+009,9.128613589939399E-002,
1.211422254594595E+009,9.210397065737933E-002,
1.216407119839840E+009,9.061174174571922E-002,
1.221391985085085E+009,8.885772673839897E-002,
1.226376850330330E+009,8.691362307588078E-002,
1.231361715575576E+009,8.538176888394820E-002,
1.236346580820821E+009,8.413732775345438E-002,
1.241331446066066E+009,8.277562750869653E-002,
1.246316311311311E+009,8.237006267941274E-002,
1.251301176556557E+009,8.158362803174575E-002,
1.256286041801802E+009,8.149250574239415E-002,
1.261270907047047E+009,8.130280983392051E-002,
1.266255772292292E+009,8.228064943746645E-002,
1.271240637537538E+009,8.258670162553999E-002,
1.276225502782783E+009,8.281971537253684E-002,
1.281210368028028E+009,8.313761002364238E-002,
1.286195233273273E+009,8.452501708265471E-002,
1.291180098518518E+009,8.569297124994608E-002,
1.296164963763764E+009,8.765750467450058E-002,
1.301149829009009E+009,8.992869100783482E-002,
1.306134694254254E+009,9.153312903561654E-002,
1.311119559499500E+009,9.069670799901368E-002,
1.316104424744745E+009,8.848052367662047E-002,
1.321089289989990E+009,8.568519597724014E-002,
1.326074155235235E+009,8.214304546565616E-002,
1.331059020480480E+009,7.877815116323622E-002,
1.336043885725726E+009,7.573613857681597E-002,
1.341028750970971E+009,7.302740046241742E-002,
1.346013616216216E+009,7.019682394304824E-002,
1.350998481461462E+009,6.760341512992490E-002,
1.355983346706707E+009,6.634707614365439E-002,
1.360968211951952E+009,6.564982246168573E-002,
1.365953077197197E+009,6.443081349322037E-002,
1.370937942442442E+009,6.353785398181394E-002,
1.375922807687688E+009,6.334505450672291E-002,
1.380907672932933E+009,6.341701481438433E-002,
1.385892538178178E+009,6.365509554301559E-002,
1.390877403423424E+009,6.292236592211145E-002,
1.395862268668669E+009,6.186619150358152E-002,
1.400847133913914E+009,6.028665498928208E-002,
1.405831999159159E+009,5.890301972623963E-002,
1.410816864404404E+009,5.739682748736700E-002,
1.415801729649650E+009,5.628874139091325E-002,
1.420786594894895E+009,5.582235345071729E-002,
1.425771460140140E+009,5.481089593889749E-002,
1.430756325385386E+009,5.401884937333765E-002,
1.435741190630631E+009,5.375542098473258E-002,
1.440726055875876E+009,5.367127703170050E-002,
1.445710921121121E+009,5.337045455260137E-002,
1.450695786366366E+009,5.381090683692454E-002,
1.455680651611612E+009,5.403423227042208E-002,
1.460665516856857E+009,5.408224506786350E-002,
1.465650382102102E+009,5.321422928423412E-002,
1.470635247347347E+009,5.235222869007974E-002,
1.475620112592593E+009,5.076991711946115E-002,
1.480604977837838E+009,4.946243827992895E-002,
1.485589843083083E+009,4.842242762705446E-002,
1.490574708328328E+009,4.750147050512721E-002,
1.495559573573574E+009,4.707140710615927E-002,
1.500544438818819E+009,4.597137045517896E-002,
1.505529304064064E+009,4.470714063544679E-002,
1.510514169309309E+009,4.354930608589223E-002,
1.515499034554555E+009,4.260067960823924E-002,
1.520483899799800E+009,4.160938699732740E-002,
1.525468765045045E+009,4.096420745944705E-002,
1.530453630290290E+009,4.006823575799950E-002,
1.535438495535536E+009,3.984246404757309E-002,
1.540423360780781E+009,3.987598135505113E-002,
1.545408226026026E+009,4.074347340960016E-002,
1.550393091271271E+009,4.166462314925779E-002,
1.555377956516516E+009,4.232912451807065E-002,
1.560362821761762E+009,4.318772726429498E-002,
1.565347687007007E+009,4.413199200670124E-002,
1.570332552252252E+009,4.441394491052933E-002,
1.575317417497498E+009,4.467223455635016E-002,
1.580302282742743E+009,4.402037310071474E-002,
1.585287147987988E+009,4.322172968781875E-002,
1.590272013233233E+009,4.283337813565930E-002,
1.595256878478478E+009,4.249867511291585E-002,
1.600241743723724E+009,4.304624438998894E-002,
1.605226608968969E+009,4.332492724606934E-002,
1.610211474214214E+009,4.437947295849800E-002,
1.615196339459460E+009,4.512695125936760E-002,
1.620181204704705E+009,4.566936692686249E-002,
1.625166069949950E+009,4.603032136839173E-002,
1.630150935195195E+009,4.656145651714090E-002,
1.635135800440440E+009,4.655195825181900E-002,
1.640120665685686E+009,4.604159000989593E-002,
1.645105530930931E+009,4.583330089791536E-002,
1.650090396176176E+009,4.519465508513670E-002,
1.655075261421422E+009,4.437502787252878E-002,
1.660060126666667E+009,4.342797113602458E-002,
1.665044991911912E+009,4.236430224704845E-002,
1.670029857157157E+009,4.172768732540398E-002,
1.675014722402402E+009,4.185895276666048E-002,
1.679999587647648E+009,4.137201478552244E-002,
1.684984452892893E+009,4.089684339403939E-002,
1.689969318138138E+009,3.986392386530691E-002,
1.694954183383384E+009,3.869451990226532E-002,
1.699939048628629E+009,3.691170070511733E-002,
1.704923913873874E+009,3.532605467871658E-002,
1.709908779119119E+009,3.351012131645377E-002,
1.714893644364364E+009,3.225951853128636E-002,
1.719878509609610E+009,3.025445233898443E-002,
1.724863374854855E+009,2.901540716275585E-002,
1.729848240100100E+009,2.821314659285965E-002,
1.734833105345345E+009,2.831775827852901E-002,
1.739817970590591E+009,2.895730703683697E-002,
1.744802835835836E+009,3.093933828042424E-002,
1.749787701081081E+009,3.265667791834719E-002,
1.754772566326326E+009,3.472385195065995E-002,
1.759757431571572E+009,3.606771459317541E-002,
1.764742296816817E+009,3.685373736257142E-002,
1.769727162062062E+009,3.738246483386126E-002,
1.774712027307307E+009,3.726317341153958E-002,
1.779696892552553E+009,3.682486589046435E-002,
1.784681757797798E+009,3.749095073118713E-002,
1.789666623043043E+009,3.890237764085033E-002,
1.794651488288288E+009,4.134420062292488E-002,
1.799636353533534E+009,4.408670549292410E-002,
1.804621218778779E+009,4.570971013681494E-002,
1.809606084024024E+009,4.664387192529160E-002,
1.814590949269269E+009,4.650111733842478E-002,
1.819575814514514E+009,4.563444095919161E-002,
1.824560679759760E+009,4.455722095585321E-002,
1.829545545005005E+009,4.275993143114041E-002,
1.834530410250250E+009,4.199310112769710E-002,
1.839515275495496E+009,4.028368295492713E-002,
1.844500140740741E+009,3.931191258942724E-002,
1.849485005985986E+009,3.844538694113097E-002,
1.854469871231231E+009,3.787127883996619E-002,
1.859454736476476E+009,3.704700192300189E-002,
1.864439601721722E+009,3.628830532601452E-002,
1.869424466966967E+009,3.571744904134486E-002,
1.874409332212212E+009,3.452238588540722E-002,
1.879394197457458E+009,3.280741851315993E-002,
1.884379062702703E+009,3.061413001187570E-002,
1.889363927947948E+009,2.791828456658791E-002,
1.894348793193193E+009,2.574429944801327E-002,
1.899333658438438E+009,2.411700037883894E-002,
1.904318523683684E+009,2.277013192846482E-002,
1.909303388928929E+009,2.159875939964079E-002,
1.914288254174174E+009,2.014077397075724E-002,
1.919273119419420E+009,1.914641035723364E-002,
1.924257984664665E+009,1.833658940791377E-002,
1.929242849909910E+009,1.762558071464573E-002,
1.934227715155155E+009,1.647903736727494E-002,
1.939212580400400E+009,1.574313440203611E-002,
1.944197445645646E+009,1.390664844126710E-002,
1.949182310890891E+009,1.355690937291832E-002,
1.954167176136136E+009,1.355797978904616E-002,
1.959152041381382E+009,1.374487951469051E-002,
1.964136906626627E+009,1.431228361445965E-002,
1.969121771871872E+009,1.457734796379558E-002,
1.974106637117117E+009,1.476498306062963E-002,
1.979091502362362E+009,1.455777849620725E-002,
1.984076367607608E+009,1.502958143091756E-002,
1.989061232852853E+009,1.468221579845675E-002,
1.994046098098098E+009,1.412651961538417E-002,
1.999030963343343E+009,1.373112442277089E-002,
2.004015828588589E+009,1.306232453697851E-002,
2.009000693833834E+009,1.252949431780278E-002,
2.013985559079079E+009,1.179417424566576E-002,
2.018970424324324E+009,1.119216374301394E-002,
2.023955289569570E+009,1.083809522121287E-002,
2.028940154814815E+009,1.006155694858612E-002,
2.033925020060060E+009,1.047976218590817E-002,
2.038909885305305E+009,1.015038035681951E-002,
2.043894750550551E+009,1.034573002748193E-002,
2.048879615795796E+009,1.049684652705910E-002,
2.053864481041041E+009,1.002717604795006E-002,
2.058849346286286E+009,1.017449288087101E-002,
2.063834211531532E+009,1.032720720185777E-002,
2.068819076776777E+009,1.072204041030285E-002,
2.073803942022022E+009,1.100023104206007E-002,
2.078788807267267E+009,1.103110482227212E-002,
2.083773672512512E+009,1.024770537303047E-002,
2.088758537757758E+009,1.011101954626782E-002,
2.093743403003003E+009,9.378779127933851E-003,
2.098728268248248E+009,8.958518369740532E-003,
2.103713133493494E+009,9.364792130071884E-003,
2.108697998738739E+009,9.430892898725713E-003,
2.113682863983984E+009,1.043579649923742E-002,
2.118667729229229E+009,1.075281371233490E-002,
2.123652594474474E+009,1.066040385206206E-002,
2.128637459719720E+009,1.121592812726106E-002,
2.133622324964965E+009,1.091308306649665E-002,
2.138607190210210E+009,1.040378473216828E-002,
2.143592055455456E+009,1.024155720512869E-002,
2.148576920700701E+009,9.957504125327992E-003,
2.153561785945946E+009,1.068203979247265E-002,
2.158546651191191E+009,1.000464536664640E-002,
2.163531516436437E+009,9.904109350987270E-003,
2.168516381681682E+009,1.017459432620857E-002,
2.173501246926927E+009,1.113431394563200E-002,
2.178486112172172E+009,1.179676729149359E-002,
2.183470977417418E+009,1.271391013493890E-002,
2.188455842662663E+009,1.330407293758507E-002,
2.193440707907908E+009,1.405475157432017E-002,
2.198425573153153E+009,1.456412200999216E-002,
2.203410438398398E+009,1.487696637517463E-002,
2.208395303643644E+009,1.597361481266434E-002,
2.213380168888889E+009,1.632876264363195E-002,
2.218365034134134E+009,1.717172296901427E-002,
2.223349899379379E+009,1.793828719668560E-002,
2.228334764624625E+009,1.844361783946821E-002,
2.233319629869870E+009,1.930997993835720E-002,
2.238304495115115E+009,1.955015964748801E-002,
2.243289360360360E+009,1.931267712138184E-002,
2.248274225605606E+009,1.952874633281355E-002,
2.253259090850851E+009,1.934911160686382E-002,
2.258243956096096E+009,1.911007108217228E-002,
2.263228821341342E+009,1.901512517672904E-002,
2.268213686586587E+009,1.833823913117131E-002,
2.273198551831832E+009,1.857528684573764E-002,
2.278183417077077E+009,1.872987549431124E-002,
2.283168282322322E+009,1.957965206371219E-002,
2.288153147567567E+009,2.087128636946999E-002,
2.293138012812813E+009,2.160098576870563E-002,
2.298122878058058E+009,2.216188460305865E-002,
2.303107743303303E+009,2.358353809596481E-002,
2.308092608548549E+009,2.502884411264334E-002,
2.313077473793794E+009,2.599345096965717E-002,
2.318062339039039E+009,2.702243225188339E-002,
2.323047204284284E+009,2.772575455023150E-002,
2.328032069529530E+009,2.838779374463287E-002,
2.333016934774775E+009,2.882987981392128E-002,
2.338001800020020E+009,2.914184350177913E-002,
2.342986665265266E+009,2.913438412369960E-002,
2.347971530510510E+009,2.942080241297036E-002,
2.352956395755756E+009,2.963451688025962E-002,
2.357941261001001E+009,3.007645395966422E-002,
2.362926126246246E+009,3.046090851227119E-002,
2.367910991491491E+009,3.115424692270039E-002,
2.372895856736737E+009,3.217628257328369E-002,
2.377880721981982E+009,3.251735761124803E-002,
2.382865587227227E+009,3.376808851366423E-002,
2.387850452472473E+009,3.428731140001784E-002,
2.392835317717718E+009,3.547835535018340E-002,
2.397820182962963E+009,3.666615509351458E-002,
2.402805048208208E+009,3.750064122002987E-002,
2.407789913453454E+009,3.817506667908894E-002,
2.412774778698699E+009,3.914376642800813E-002,
2.417759643943944E+009,4.017541956881740E-002,
2.422744509189189E+009,4.127601741336495E-002,
2.427729374434434E+009,4.171488358930870E-002,
2.432714239679680E+009,4.155894928972330E-002,
2.437699104924925E+009,4.088718056085778E-002,
2.442683970170170E+009,4.026032465213942E-002,
2.447668835415415E+009,3.991310296392828E-002,
2.452653700660661E+009,3.999955795959245E-002,
2.457638565905906E+009,3.968690305100452E-002,
2.462623431151151E+009,3.875332333206004E-002,
2.467608296396397E+009,3.862197070578291E-002,
2.472593161641642E+009,3.715190969344485E-002,
2.477578026886887E+009,3.727322536205258E-002,
2.482562892132132E+009,3.612796219206918E-002,
2.487547757377378E+009,3.592942897263868E-002,
2.492532622622623E+009,3.542100717245112E-002,
2.497517487867868E+009,3.549691735316284E-002,
2.502502353113113E+009,3.574408419277847E-002,
2.507487218358358E+009,3.655320586178979E-002,
2.512472083603604E+009,3.743560483250419E-002,
2.517456948848849E+009,3.872335525957331E-002,
2.522441814094094E+009,3.892216931541863E-002,
2.527426679339339E+009,3.903550239051872E-002,
2.532411544584585E+009,3.941368572984201E-002,
2.537396409829830E+009,4.048654312145084E-002,
2.542381275075075E+009,4.024394995629493E-002,
2.547366140320320E+009,4.060627276937900E-002,
2.552351005565566E+009,4.057703524101996E-002,
2.557335870810811E+009,4.036180683017103E-002,
2.562320736056056E+009,4.000019250636973E-002,
2.567305601301302E+009,4.018227253069466E-002,
2.572290466546547E+009,4.030863033986206E-002,
2.577275331791792E+009,3.985023636720975E-002,
2.582260197037037E+009,3.923970895913673E-002,
2.587245062282282E+009,3.908302358242056E-002,
2.592229927527527E+009,3.981147692484945E-002,
2.597214792772773E+009,4.023112798809977E-002,
2.602199658018018E+009,4.036635058711595E-002,
2.607184523263263E+009,4.131195699077006E-002,
2.612169388508509E+009,4.106893306973841E-002,
2.617154253753754E+009,4.214179474004853E-002,
2.622139118998999E+009,4.339663563698195E-002,
2.627123984244244E+009,4.367134188636997E-002,
2.632108849489490E+009,4.488726408847628E-002,
2.637093714734735E+009,4.599427127684440E-002,
2.642078579979980E+009,4.620577819360065E-002,
2.647063445225225E+009,4.691097442204423E-002,
2.652048310470470E+009,4.649093131665407E-002,
2.657033175715716E+009,4.696291797839298E-002,
2.662018040960961E+009,4.625190873756778E-002,
2.667002906206206E+009,4.663329936631566E-002,
2.671987771451451E+009,4.584493264782286E-002,
2.676972636696697E+009,4.583684546752630E-002,
2.681957501941942E+009,4.581205540953472E-002,
2.686942367187187E+009,4.617335906135082E-002,
2.691927232432433E+009,4.625059811768600E-002,
2.696912097677678E+009,4.658561682042094E-002,
2.701896962922923E+009,4.532835406387908E-002,
2.706881828168168E+009,4.550407700680401E-002,
2.711866693413414E+009,4.531495635019499E-002,
2.716851558658659E+009,4.550997390570066E-002,
2.721836423903904E+009,4.516030836947268E-002,
2.726821289149149E+009,4.393710655595737E-002,
2.731806154394394E+009,4.416389338295805E-002,
2.736791019639640E+009,4.324576474728773E-002,
2.741775884884885E+009,4.219669270463478E-002,
2.746760750130130E+009,4.119056098033853E-002,
2.751745615375375E+009,3.970602328224048E-002,
2.756730480620621E+009,3.925810724987285E-002,
2.761715345865866E+009,3.732966942454628E-002,
2.766700211111111E+009,3.677469971361599E-002,
2.771685076356356E+009,3.496557942306541E-002,
2.776669941601602E+009,3.380313972576504E-002,
2.781654806846847E+009,3.237034586386107E-002,
2.786639672092092E+009,3.096861505039552E-002,
2.791624537337338E+009,3.027529123203489E-002,
2.796609402582583E+009,2.898312049661649E-002,
2.801594267827828E+009,2.774198472943901E-002,
2.806579133073073E+009,2.783737752884161E-002,
2.811563998318318E+009,2.647200501269195E-002,
2.816548863563564E+009,2.655361698038249E-002,
2.821533728808809E+009,2.590832430600637E-002,
2.826518594054054E+009,2.541415850021254E-002,
2.831503459299299E+009,2.564574706069014E-002,
2.836488324544545E+009,2.559167613143058E-002,
2.841473189789790E+009,2.529955054801935E-002,
2.846458055035035E+009,2.608568082540791E-002,
2.851442920280280E+009,2.638382139712258E-002,
2.856427785525526E+009,2.607912304157255E-002,
2.861412650770771E+009,2.655720698562469E-002,
2.866397516016016E+009,2.623304458624789E-002,
2.871382381261262E+009,2.588987310721448E-002,
2.876367246506506E+009,2.531118309190189E-002,
2.881352111751752E+009,2.441909935215391E-002,
2.886336976996997E+009,2.382755568994317E-002,
2.891321842242242E+009,2.258940640137998E-002,
2.896306707487487E+009,2.200941229093092E-002,
2.901291572732733E+009,2.042374287218293E-002,
2.906276437977978E+009,1.903087763382730E-002,
2.911261303223223E+009,1.798891646659298E-002,
2.916246168468469E+009,1.711680224835773E-002,
2.921231033713714E+009,1.590976367966921E-002,
2.926215898958959E+009,1.536416233306816E-002,
2.931200764204204E+009,1.470655895497848E-002,
2.936185629449450E+009,1.409555369356330E-002,
2.941170494694695E+009,1.436311447555095E-002,
2.946155359939940E+009,1.389935646790324E-002,
2.951140225185185E+009,1.363246061748909E-002,
2.956125090430430E+009,1.328796518132315E-002,
2.961109955675676E+009,1.300817389641090E-002,
2.966094820920921E+009,1.285506518772586E-002,
2.971079686166166E+009,1.203173147691367E-002,
2.976064551411411E+009,1.089220158381483E-002,
2.981049416656657E+009,9.890168900571407E-003,
2.986034281901902E+009,9.631505881388013E-003,
2.991019147147147E+009,8.983725137463801E-003,
2.996004012392393E+009,8.406838542882841E-003,
3.000988877637638E+009,7.986211339667093E-003,
3.005973742882883E+009,7.814594284422114E-003,
3.010958608128128E+009,7.418538605248029E-003,
3.015943473373374E+009,7.106977530274478E-003,
3.020928338618619E+009,6.724050279353880E-003,
3.025913203863864E+009,6.481622969248682E-003,
3.030898069109109E+009,6.295761799466499E-003,
3.035882934354354E+009,6.045677435562796E-003,
3.040867799599600E+009,5.758176918734355E-003,
3.045852664844845E+009,5.560127070453045E-003,
3.050837530090090E+009,5.217719911518561E-003,
3.055822395335335E+009,5.056694096941048E-003,
3.060807260580581E+009,4.889203090031251E-003,
3.065792125825826E+009,4.726620650290823E-003,
3.070776991071071E+009,4.564500880257570E-003,
3.075761856316316E+009,4.295527621237085E-003,
3.080746721561562E+009,4.087348026885576E-003,
3.085731586806807E+009,3.877225975628866E-003,
3.090716452052052E+009,3.868651774489955E-003,
3.095701317297298E+009,3.819385079060506E-003,
3.100686182542543E+009,3.860472442291522E-003,
3.105671047787788E+009,3.843927239900302E-003,
3.110655913033033E+009,3.768325342237430E-003,
3.115640778278278E+009,3.885376762231991E-003,
3.120625643523523E+009,3.970465631251934E-003,
3.125610508768769E+009,4.152109546914109E-003,
3.130595374014014E+009,4.320613696438793E-003,
3.135580239259259E+009,4.347418568202386E-003,
3.140565104504505E+009,4.431282812383459E-003,
3.145549969749750E+009,4.613132163072099E-003,
3.150534834994995E+009,4.835511068752293E-003,
3.155519700240240E+009,5.278338327317724E-003,
3.160504565485486E+009,5.774568314767524E-003,
3.165489430730731E+009,6.189633127020660E-003,
3.170474295975976E+009,6.704979439092536E-003,
3.175459161221221E+009,7.272854670355251E-003,
3.180444026466466E+009,7.779194670641606E-003,
3.185428891711712E+009,8.327009869459296E-003,
3.190413756956957E+009,8.810322564205525E-003,
3.195398622202202E+009,9.309787318655316E-003,
3.200383487447447E+009,9.713943795810184E-003,
3.205368352692693E+009,1.012212528077103E-002,
3.210353217937938E+009,1.043808423934622E-002,
3.215338083183183E+009,1.070140151343845E-002,
3.220322948428429E+009,1.099283224184829E-002,
3.225307813673674E+009,1.134171478311406E-002,
3.230292678918919E+009,1.193322471398895E-002,
3.235277544164164E+009,1.242364501159090E-002,
3.240262409409410E+009,1.291383681285260E-002,
3.245247274654655E+009,1.342317242989547E-002,
3.250232139899900E+009,1.423735662313714E-002,
3.255217005145145E+009,1.498664282204634E-002,
3.260201870390390E+009,1.535391271997341E-002,
3.265186735635636E+009,1.603891324962401E-002,
3.270171600880881E+009,1.582525081164944E-002,
3.275156466126126E+009,1.629923056800397E-002,
3.280141331371371E+009,1.595872636614436E-002,
3.285126196616617E+009,1.636281176953648E-002,
3.290111061861862E+009,1.652694903667715E-002,
3.295095927107107E+009,1.613748153068735E-002,
3.300080792352352E+009,1.658081133312003E-002,
3.305065657597598E+009,1.624922533502956E-002,
3.310050522842843E+009,1.672092329370068E-002,
3.315035388088088E+009,1.671630800492098E-002,
3.320020253333334E+009,1.692247209390142E-002,
3.325005118578579E+009,1.671575785274738E-002,
3.329989983823824E+009,1.625697314611599E-002,
3.334974849069069E+009,1.740907959258351E-002,
3.339959714314314E+009,1.722011792818709E-002,
3.344944579559560E+009,1.710953306182936E-002,
3.349929444804805E+009,1.785909823731371E-002,
3.354914310050050E+009,1.805608737507203E-002,
3.359899175295295E+009,1.881391784067435E-002,
3.364884040540541E+009,1.986484469117636E-002,
3.369868905785786E+009,2.038123633211111E-002,
3.374853771031031E+009,2.024665587263198E-002,
3.379838636276276E+009,2.160614178545303E-002,
3.384823501521522E+009,2.141496126564088E-002,
3.389808366766767E+009,2.141386001140161E-002,
3.394793232012012E+009,2.132298640839542E-002,
3.399778097257258E+009,2.158659849375531E-002,
3.404762962502502E+009,2.228974009775298E-002,
3.409747827747748E+009,2.288897192221423E-002,
3.414732692992993E+009,2.282966218614903E-002,
3.419717558238238E+009,2.405145385174365E-002,
3.424702423483483E+009,2.422234814774907E-002,
3.429687288728729E+009,2.414437249552680E-002,
3.434672153973974E+009,2.411807476059867E-002,
3.439657019219219E+009,2.388686331469677E-002,
3.444641884464465E+009,2.429906853499499E-002,
3.449626749709710E+009,2.377941202108827E-002,
3.454611614954955E+009,2.409000857657785E-002,
3.459596480200200E+009,2.412849131157184E-002,
3.464581345445446E+009,2.365816075266307E-002,
3.469566210690691E+009,2.381181836799913E-002,
3.474551075935936E+009,2.389811391856717E-002,
3.479535941181181E+009,2.351470079999348E-002,
3.484520806426426E+009,2.373395536476918E-002,
3.489505671671672E+009,2.427568388027687E-002,
3.494490536916917E+009,2.464232576218745E-002,
3.499475402162162E+009,2.436031368855994E-002,
3.504460267407407E+009,2.448993012980153E-002,
3.509445132652653E+009,2.464478905597692E-002,
3.514429997897898E+009,2.442616710808478E-002,
3.519414863143143E+009,2.472778089736326E-002,
3.524399728388389E+009,2.388259763384602E-002,
3.529384593633634E+009,2.344138631823865E-002,
3.534369458878879E+009,2.284819838265493E-002,
3.539354324124124E+009,2.342106370165652E-002,
3.544339189369370E+009,2.209923092768974E-002,
3.549324054614615E+009,2.209215516940124E-002,
3.554308919859860E+009,2.223660715203039E-002,
3.559293785105105E+009,2.170987061678995E-002,
3.564278650350350E+009,2.180837125963204E-002,
3.569263515595596E+009,2.155919866873011E-002,
3.574248380840841E+009,2.196205407664912E-002,
3.579233246086086E+009,2.265013827701973E-002,
3.584218111331331E+009,2.350978174234133E-002,
3.589202976576577E+009,2.372420158875411E-002,
3.594187841821822E+009,2.436167673496651E-002,
3.599172707067067E+009,2.501247732370637E-002,
3.604157572312312E+009,2.552297307906205E-002,
3.609142437557558E+009,2.536518064408771E-002,
3.614127302802803E+009,2.566856436622781E-002,
3.619112168048048E+009,2.531808730664628E-002,
3.624097033293294E+009,2.494447687080494E-002,
3.629081898538539E+009,2.477119565466835E-002,
3.634066763783784E+009,2.431953861473427E-002,
3.639051629029029E+009,2.355988415398277E-002,
3.644036494274274E+009,2.266661142004978E-002,
3.649021359519519E+009,2.180740680424086E-002,
3.654006224764765E+009,2.125987854585197E-002,
3.658991090010010E+009,2.042176804494267E-002,
3.663975955255255E+009,2.040645342966073E-002,
3.668960820500501E+009,2.001761550344309E-002,
3.673945685745746E+009,1.995392945641851E-002,
3.678930550990991E+009,1.986981589185022E-002,
3.683915416236236E+009,1.957992970615813E-002,
3.688900281481482E+009,1.933462475105975E-002,
3.693885146726727E+009,1.891647084848974E-002,
3.698870011971972E+009,1.927613496572302E-002,
3.703854877217217E+009,1.988144650683076E-002,
3.708839742462462E+009,2.003724007781473E-002,
3.713824607707708E+009,1.976061354871248E-002,
3.718809472952953E+009,1.922202055154760E-002,
3.723794338198198E+009,1.933755591887082E-002,
3.728779203443443E+009,1.895438224286330E-002,
3.733764068688689E+009,1.936371630279347E-002,
3.738748933933934E+009,1.890585625442360E-002,
3.743733799179179E+009,1.842514085713848E-002,
3.748718664424425E+009,1.839569806185699E-002,
3.753703529669670E+009,1.834347312799253E-002,
3.758688394914915E+009,1.843888650418638E-002,
3.763673260160160E+009,1.843346042197964E-002,
3.768658125405406E+009,1.857197126210857E-002,
3.773642990650651E+009,1.857636565277808E-002,
3.778627855895896E+009,1.904707175991326E-002,
3.783612721141141E+009,1.905733628761476E-002,
3.788597586386386E+009,1.904660043014581E-002,
3.793582451631632E+009,1.802925611997998E-002,
3.798567316876877E+009,1.767197163975677E-002,
3.803552182122122E+009,1.755883298254010E-002,
3.808537047367367E+009,1.725911786037741E-002,
3.813521912612613E+009,1.668043657818178E-002,
3.818506777857858E+009,1.595889365838735E-002,
3.823491643103103E+009,1.563875673461588E-002,
3.828476508348349E+009,1.499428728575853E-002,
3.833461373593594E+009,1.507297152701806E-002,
3.838446238838839E+009,1.517689173668834E-002,
3.843431104084084E+009,1.364375976574608E-002,
3.848415969329330E+009,1.509204202622949E-002,
3.853400834574575E+009,1.338936463307920E-002,
3.858385699819820E+009,1.428226269056951E-002,
3.863370565065065E+009,1.419359729012231E-002,
3.868355430310310E+009,1.463954474609950E-002,
3.873340295555556E+009,1.466886821060816E-002,
3.878325160800801E+009,1.507574298239894E-002,
3.883310026046046E+009,1.502419562994706E-002,
3.888294891291291E+009,1.555361748507034E-002,
3.893279756536537E+009,1.509056503400267E-002,
3.898264621781782E+009,1.584643406399653E-002,
3.903249487027027E+009,1.558124053500111E-002,
3.908234352272272E+009,1.567057558835498E-002,
3.913219217517518E+009,1.514851134668943E-002,
3.918204082762763E+009,1.534231866082582E-002,
3.923188948008008E+009,1.499840390009492E-002,
3.928173813253254E+009,1.423981845288565E-002,
3.933158678498498E+009,1.420010950652115E-002,
3.938143543743744E+009,1.372324104119604E-002,
3.943128408988989E+009,1.424534922210772E-002,
3.948113274234234E+009,1.458572934441006E-002,
3.953098139479479E+009,1.409360796026709E-002,
3.958083004724725E+009,1.463182728462215E-002,
3.963067869969970E+009,1.447819259981021E-002,
3.968052735215215E+009,1.468841614064964E-002,
3.973037600460461E+009,1.462944426457108E-002,
3.978022465705706E+009,1.454832548189896E-002,
3.983007330950951E+009,1.438463414589442E-002,
3.987992196196196E+009,1.415817507096905E-002,
3.992977061441442E+009,1.388029374880806E-002,
3.997961926686687E+009,1.362963173551916E-002,
4.002946791931932E+009,1.331961235514428E-002,
4.007931657177177E+009,1.303575075776241E-002,
4.012916522422422E+009,1.285282168953770E-002,
4.017901387667668E+009,1.266351728623579E-002,
4.022886252912913E+009,1.242500975791457E-002,
4.027871118158158E+009,1.238993822950482E-002,
4.032855983403403E+009,1.237287259600370E-002,
4.037840848648649E+009,1.254994154564412E-002,
4.042825713893894E+009,1.273858365469793E-002,
4.047810579139139E+009,1.300281082805401E-002,
4.052795444384385E+009,1.328086117985318E-002,
4.057780309629630E+009,1.344513007265169E-002,
4.062765174874875E+009,1.366947737748988E-002,
4.067750040120120E+009,1.393518048317603E-002,
4.072734905365366E+009,1.427146435661317E-002,
4.077719770610611E+009,1.441147743017469E-002,
4.082704635855856E+009,1.457895824629145E-002,
4.087689501101101E+009,1.445657629233790E-002,
4.092674366346346E+009,1.434811026236648E-002,
4.097659231591592E+009,1.404511951349436E-002,
4.102644096836837E+009,1.403979453104349E-002,
4.107628962082082E+009,1.375097896988142E-002,
4.112613827327327E+009,1.343647590578507E-002,
4.117598692572573E+009,1.307831134776601E-002,
4.122583557817818E+009,1.266831676279845E-002,
4.127568423063063E+009,1.226759076185363E-002,
4.132553288308308E+009,1.207450134849184E-002,
4.137538153553554E+009,1.218017149103368E-002,
4.142523018798799E+009,1.233278588621817E-002,
4.147507884044044E+009,1.267119632586254E-002,
4.152492749289290E+009,1.305442503264602E-002,
4.157477614534535E+009,1.334920532845601E-002,
4.162462479779780E+009,1.374695968713453E-002,
4.167447345025025E+009,1.395113834520657E-002,
4.172432210270270E+009,1.409117035369203E-002,
4.177417075515515E+009,1.415651078773556E-002,
4.182401940760761E+009,1.405249976603795E-002,
4.187386806006006E+009,1.375740124181450E-002,
4.192371671251251E+009,1.340980724684586E-002,
4.197356536496497E+009,1.314206420371668E-002,
4.202341401741742E+009,1.291129444292339E-002,
4.207326266986987E+009,1.256851024183863E-002,
4.212311132232232E+009,1.234388907837913E-002,
4.217295997477478E+009,1.225457564872946E-002,
4.222280862722723E+009,1.224803730265248E-002,
4.227265727967968E+009,1.233510757623913E-002,
4.232250593213213E+009,1.225231901811611E-002,
4.237235458458458E+009,1.245529502249749E-002,
4.242220323703704E+009,1.245651884003477E-002,
4.247205188948949E+009,1.255298210762805E-002,
4.252190054194194E+009,1.268477767835230E-002,
4.257174919439439E+009,1.274586889950054E-002,
4.262159784684685E+009,1.292053665828236E-002,
4.267144649929930E+009,1.296494398524751E-002,
4.272129515175175E+009,1.294392003417146E-002,
4.277114380420421E+009,1.292513384587355E-002,
4.282099245665666E+009,1.280032546445864E-002,
4.287084110910911E+009,1.254342003376032E-002,
4.292068976156156E+009,1.219536109363959E-002,
4.297053841401402E+009,1.185351758423654E-002,
4.302038706646647E+009,1.147620592946447E-002,
4.307023571891892E+009,1.091708191810283E-002,
4.312008437137137E+009,1.054587215649681E-002,
4.316993302382382E+009,1.022562008188943E-002,
4.321978167627627E+009,9.922312264361423E-003,
4.326963032872873E+009,9.545745485889783E-003,
4.331947898118118E+009,9.181918886499500E-003,
4.336932763363363E+009,9.068098658410712E-003,
4.341917628608608E+009,8.889971621791887E-003,
4.346902493853854E+009,8.660299131616348E-003,
4.351887359099099E+009,8.483230982742639E-003,
4.356872224344344E+009,8.289607567587485E-003,
4.361857089589590E+009,8.100662329665409E-003,
4.366841954834835E+009,8.039548871569912E-003,
4.371826820080080E+009,7.757476947544325E-003,
4.376811685325325E+009,7.659104815361526E-003,
4.381796550570571E+009,7.519246946546565E-003,
4.386781415815816E+009,7.437711396356274E-003,
4.391766281061061E+009,7.313863971251288E-003,
4.396751146306306E+009,7.302396839939107E-003,
4.401736011551552E+009,7.075404918521800E-003,
4.406720876796797E+009,6.952046657030089E-003,
4.411705742042042E+009,6.746040898471279E-003,
4.416690607287288E+009,6.472771012800673E-003,
4.421675472532533E+009,6.281715822508926E-003,
4.426660337777778E+009,5.947266645060389E-003,
4.431645203023023E+009,5.795668782704129E-003,
4.436630068268269E+009,5.516648415582119E-003,
4.441614933513514E+009,5.189856467422678E-003,
4.446599798758759E+009,5.013105839615735E-003,
4.451584664004005E+009,4.966124723645523E-003,
4.456569529249250E+009,4.803906265313864E-003,
4.461554394494494E+009,4.810374112604330E-003,
4.466539259739739E+009,4.740605565605076E-003,
4.471524124984985E+009,4.641761057352058E-003,
4.476508990230230E+009,4.693285994244621E-003,
4.481493855475475E+009,4.722953376402014E-003,
4.486478720720720E+009,4.688960845913885E-003,
4.491463585965966E+009,4.906090047399883E-003,
4.496448451211211E+009,4.877581796462502E-003,
4.501433316456456E+009,5.071707769132106E-003,
4.506418181701702E+009,4.992590093350613E-003,
4.511403046946947E+009,5.063776201043805E-003,
4.516387912192192E+009,5.158492668792699E-003,
4.521372777437437E+009,5.180153701509333E-003,
4.526357642682683E+009,5.119983405986591E-003,
4.531342507927928E+009,5.099484387604370E-003,
4.536327373173173E+009,4.968603081867511E-003,
4.541312238418419E+009,4.743130259947379E-003,
4.546297103663664E+009,4.691618081415721E-003,
4.551281968908909E+009,4.493181942378542E-003,
4.556266834154154E+009,4.500372642361116E-003,
4.561251699399400E+009,4.400377588271543E-003,
4.566236564644645E+009,4.310473330806967E-003,
4.571221429889890E+009,4.414771790549465E-003,
4.576206295135135E+009,4.461523798458319E-003,
4.581191160380381E+009,4.645212576451526E-003,
4.586176025625626E+009,4.766059336532579E-003,
4.591160890870871E+009,5.015555215398819E-003,
4.596145756116117E+009,5.342884428619329E-003,
4.601130621361362E+009,5.694999041182218E-003,
4.606115486606607E+009,6.062995573071807E-003,
4.611100351851852E+009,6.375285105900474E-003,
4.616085217097097E+009,6.634173090770764E-003,
4.621070082342342E+009,6.749504502940865E-003,
4.626054947587587E+009,6.726856371172477E-003,
4.631039812832833E+009,6.679506987717780E-003,
4.636024678078078E+009,6.425934594769355E-003,
4.641009543323323E+009,6.165654636309765E-003,
4.645994408568568E+009,6.114030254706243E-003,
4.650979273813814E+009,6.057316075220666E-003,
4.655964139059059E+009,5.965925502038707E-003,
4.660949004304304E+009,5.953656911690123E-003,
4.665933869549550E+009,5.996362077372626E-003,
4.670918734794795E+009,6.181570823515008E-003,
4.675903600040040E+009,6.352104027439670E-003,
4.680888465285285E+009,6.502784483033861E-003,
4.685873330530531E+009,6.702434832913248E-003,
4.690858195775776E+009,6.942074502763268E-003,
4.695843061021021E+009,7.113282800292371E-003,
4.700827926266266E+009,7.468824813448416E-003,
4.705812791511512E+009,7.734978884675407E-003,
4.710797656756757E+009,7.939218065131974E-003,
4.715782522002002E+009,8.003288130953166E-003,
4.720767387247248E+009,7.803151117365352E-003,
4.725752252492493E+009,7.523519788007031E-003,
4.730737117737738E+009,7.220899309434767E-003,
4.735721982982983E+009,6.852947608576959E-003,
4.740706848228229E+009,6.399965879472915E-003,
4.745691713473474E+009,6.053905991657680E-003,
4.750676578718719E+009,5.619091564986879E-003,
4.755661443963965E+009,5.264928464177425E-003,
4.760646309209209E+009,5.152810076772715E-003,
4.765631174454454E+009,5.082682620451031E-003,
4.770616039699699E+009,5.008070979493528E-003,
4.775600904944945E+009,4.901820313913187E-003,
4.780585770190190E+009,4.998378618036948E-003,
4.785570635435435E+009,5.129589378318674E-003,
4.790555500680680E+009,5.254132685312450E-003,
4.795540365925926E+009,5.556981621916693E-003,
4.800525231171171E+009,5.838966649807629E-003,
4.805510096416416E+009,6.196579648690576E-003,
4.810494961661662E+009,6.520391813497201E-003,
4.815479826906907E+009,6.636863306535719E-003,
4.820464692152152E+009,6.649211531109747E-003,
4.825449557397397E+009,6.585262204817127E-003,
4.830434422642643E+009,6.273912942257689E-003,
4.835419287887888E+009,6.193564387783583E-003,
4.840404153133133E+009,5.758566310028412E-003,
4.845389018378379E+009,5.630651862017453E-003,
4.850373883623624E+009,5.534975600136484E-003,
4.855358748868869E+009,5.328999176790861E-003,
4.860343614114114E+009,5.471623229219077E-003,
4.865328479359360E+009,5.498721673891334E-003,
4.870313344604605E+009,5.625706952613238E-003,
4.875298209849850E+009,5.690723162980804E-003,
4.880283075095095E+009,5.879245464903683E-003,
4.885267940340341E+009,6.005400710550430E-003,
4.890252805585586E+009,6.298765062432945E-003,
4.895237670830831E+009,6.491426885571336E-003,
4.900222536076077E+009,6.822138766357418E-003,
4.905207401321322E+009,7.217993263907520E-003,
4.910192266566567E+009,7.615437722077137E-003,
4.915177131811811E+009,7.861832885839321E-003,
4.920161997057057E+009,8.061476829005819E-003,
4.925146862302302E+009,8.164309186964848E-003,
4.930131727547547E+009,8.224944089998368E-003,
4.935116592792793E+009,8.172209675343328E-003,
4.940101458038038E+009,8.059408352601473E-003,
4.945086323283283E+009,7.891260919266787E-003,
4.950071188528528E+009,7.784456631185832E-003,
4.955056053773774E+009,7.677731766290189E-003,
4.960040919019019E+009,7.512145605983667E-003,
4.965025784264264E+009,7.532923353461043E-003,
4.970010649509509E+009,7.367733533196030E-003,
4.974995514754755E+009,7.431467833142040E-003,
4.979980380000000E+009,7.530062439193056E-003,
