% Version 1.00
%
% Ref Impedances: Z01: 50, Z02: 50
% 
%freq[Hz];Trc1_S21[U];
1.000000000000000E+005,2.274727264607772E-005,
5.084865245245245E+006,3.674856717260259E-004,
1.006973049049049E+007,9.813189481598554E-004,
1.505459573573574E+007,1.840952056343102E-003,
2.003946098098098E+007,2.418829031324679E-003,
2.502432622622623E+007,3.512108611414126E-003,
3.000919147147147E+007,5.135809076412844E-003,
3.499405671671671E+007,9.302716640127143E-003,
3.997892196196196E+007,1.789246199905737E-002,
4.496378720720721E+007,5.788321673528955E-002,
4.994865245245245E+007,4.591887230811870E-002,
5.493351769769770E+007,2.625025511203600E-002,
5.991838294294295E+007,2.101884790358532E-002,
6.490324818818819E+007,1.549984879179983E-002,
6.988811343343343E+007,1.233980170204032E-002,
7.487297867867868E+007,9.727783490035356E-003,
7.985784392392393E+007,6.887595690757375E-003,
8.484270916916917E+007,6.829131475702421E-003,
8.982757441441442E+007,5.923061269335481E-003,
9.481243965965965E+007,5.774049465883795E-003,
9.979730490490490E+007,6.563981708875280E-003,
1.047821701501502E+008,6.942541281416616E-003,
1.097670353953954E+008,8.208478882809588E-003,
1.147519006406407E+008,8.362319022225409E-003,
1.197367658858859E+008,8.927891162657770E-003,
1.247216311311311E+008,9.888943557158001E-003,
1.297064963763764E+008,1.145398002530866E-002,
1.346913616216216E+008,1.395818675132669E-002,
1.396762268668669E+008,1.807070733276016E-002,
1.446610921121121E+008,2.209836106858487E-002,
1.496459573573574E+008,2.844737411331357E-002,
1.546308226026026E+008,4.056585510687655E-002,
1.596156878478479E+008,7.156350121656928E-002,
1.646005530930931E+008,1.364481130660301E-001,
1.695854183383384E+008,1.521992989399953E-001,
1.745702835835836E+008,8.625078617497932E-002,
1.795551488288288E+008,5.356200757193969E-002,
1.845400140740741E+008,3.728506971677779E-002,
1.895248793193193E+008,2.852599982508726E-002,
1.945097445645646E+008,2.284343814262973E-002,
1.994946098098098E+008,1.772433994958103E-002,
2.044794750550551E+008,1.344362025695888E-002,
2.094643403003003E+008,1.051834260488145E-002,
2.144492055455456E+008,8.049261861294317E-003,
2.194340707907908E+008,6.326809471231988E-003,
2.244189360360360E+008,4.870801564240439E-003,
2.294038012812813E+008,4.037004950119393E-003,
2.343886665265265E+008,4.345792638466263E-003,
2.393735317717718E+008,6.106701926595799E-003,
2.443583970170170E+008,9.140151355589482E-003,
2.493432622622623E+008,1.327072134255494E-002,
2.543281275075075E+008,1.908037809792193E-002,
2.593129927527528E+008,2.728474553351308E-002,
2.642978579979980E+008,3.987076746515637E-002,
2.692827232432432E+008,6.206298405631881E-002,
2.742675884884885E+008,1.032223287073928E-001,
2.792524537337337E+008,1.571364248914685E-001,
2.842373189789790E+008,1.355568642468819E-001,
2.892221842242242E+008,9.184481674363085E-002,
2.942070494694695E+008,6.624977473607142E-002,
2.991919147147147E+008,5.146103504428228E-002,
3.041767799599600E+008,4.203670334674311E-002,
3.091616452052052E+008,3.551243268728467E-002,
3.141465104504505E+008,3.076657788216441E-002,
3.191313756956957E+008,2.541545159494881E-002,
3.241162409409409E+008,2.147337074774980E-002,
3.291011061861862E+008,1.804714361538714E-002,
3.340859714314314E+008,1.518753874134294E-002,
3.390708366766767E+008,1.220118195461010E-002,
3.440557019219219E+008,1.037592003873982E-002,
3.490405671671672E+008,8.685920758736870E-003,
3.540254324124124E+008,7.032652679370394E-003,
3.590102976576577E+008,5.601297029839809E-003,
3.639951629029029E+008,4.212018410983814E-003,
3.689800281481482E+008,3.151777312381613E-003,
3.739648933933934E+008,2.552576831680197E-003,
3.789497586386386E+008,2.644399602058034E-003,
3.839346238838839E+008,3.535754309604591E-003,
3.889194891291291E+008,4.701593635528203E-003,
3.939043543743744E+008,5.574931594561496E-003,
3.988892196196196E+008,6.488425120236879E-003,
4.038740848648649E+008,7.441156867234316E-003,
4.088589501101101E+008,9.283610144847788E-003,
4.138438153553554E+008,1.059306153117880E-002,
4.188286806006006E+008,1.250316010630061E-002,
4.238135458458459E+008,1.518791280399492E-002,
4.287984110910911E+008,1.603014732492680E-002,
4.337832763363363E+008,1.555475626553126E-002,
4.387681415815816E+008,1.567199841461428E-002,
4.437530068268268E+008,1.588539262509053E-002,
4.487378720720721E+008,1.663665300824839E-002,
4.537227373173173E+008,1.764466992615533E-002,
4.587076025625626E+008,1.957163640514022E-002,
4.636924678078078E+008,2.154253776344038E-002,
4.686773330530531E+008,2.369271254939304E-002,
4.736621982982983E+008,2.632178539146799E-002,
4.786470635435436E+008,2.871904059523201E-002,
4.836319287887888E+008,3.108773398710353E-002,
4.886167940340340E+008,3.372561887332908E-002,
4.936016592792793E+008,3.602321134772925E-002,
4.985865245245245E+008,3.748475740435942E-002,
5.035713897697698E+008,3.883287257344847E-002,
5.085562550150150E+008,3.974626560740806E-002,
5.135411202602603E+008,4.067427211489091E-002,
5.185259855055055E+008,4.079956000590292E-002,
5.235108507507508E+008,4.129543307807661E-002,
5.284957159959960E+008,4.103077776556442E-002,
5.334805812412412E+008,4.157612672844557E-002,
5.384654464864864E+008,4.181995356733005E-002,
5.434503117317318E+008,4.324771381184913E-002,
5.484351769769770E+008,4.484226809945133E-002,
5.534200422222222E+008,4.629713963652864E-002,
5.584049074674674E+008,4.746720431579382E-002,
5.633897727127128E+008,4.902730359913281E-002,
5.683746379579580E+008,5.005820474246993E-002,
5.733595032032032E+008,5.091518474721079E-002,
5.783443684484484E+008,5.110588812422292E-002,
5.833292336936938E+008,5.060587462559567E-002,
5.883140989389390E+008,5.001389001010421E-002,
5.932989641841842E+008,5.037842269868678E-002,
5.982838294294294E+008,5.078624595362045E-002,
6.032686946746746E+008,5.098671249034888E-002,
6.082535599199200E+008,5.251944035154725E-002,
6.132384251651652E+008,5.343926307469682E-002,
6.182232904104104E+008,5.456406260452221E-002,
6.232081556556556E+008,5.548093423577116E-002,
6.281930209009010E+008,5.694156306788949E-002,
6.331778861461462E+008,5.885461010727822E-002,
6.381627513913914E+008,6.103377317572357E-002,
6.431476166366366E+008,6.297603093049117E-002,
6.481324818818818E+008,6.500333197210488E-002,
6.531173471271272E+008,6.864506657013741E-002,
6.581022123723724E+008,7.099436635528790E-002,
6.630870776176176E+008,7.350943413657643E-002,
6.680719428628628E+008,7.800029545889264E-002,
6.730568081081082E+008,8.374740716719320E-002,
6.780416733533534E+008,8.958056329314394E-002,
6.830265385985986E+008,9.585396812515656E-002,
6.880114038438438E+008,1.008622459278259E-001,
6.929962690890890E+008,1.061360320701869E-001,
6.979811343343344E+008,1.109815725621477E-001,
7.029659995795796E+008,1.156391598092551E-001,
7.079508648248248E+008,1.200909734634512E-001,
7.129357300700700E+008,1.238733249017989E-001,
7.179205953153154E+008,1.274600245249515E-001,
7.229054605605606E+008,1.304502622873438E-001,
7.278903258058058E+008,1.334428167289721E-001,
7.328751910510510E+008,1.351266207826328E-001,
7.378600562962964E+008,1.375702839712038E-001,
7.428449215415416E+008,1.411961903723280E-001,
7.478297867867868E+008,1.456118715433167E-001,
7.528146520320320E+008,1.514155000836256E-001,
7.577995172772772E+008,1.586598061732524E-001,
7.627843825225226E+008,1.658653703880704E-001,
7.677692477677678E+008,1.722545409308444E-001,
7.727541130130130E+008,1.776807472622775E-001,
7.777389782582582E+008,1.791776793419211E-001,
7.827238435035036E+008,1.776390056176176E-001,
7.877087087487488E+008,1.749991556631483E-001,
7.926935739939940E+008,1.722229578323240E-001,
7.976784392392392E+008,1.695606632745416E-001,
8.026633044844844E+008,1.687745280314028E-001,
8.076481697297298E+008,1.674136671937812E-001,
8.126330349749750E+008,1.649354037211950E-001,
8.176179002202202E+008,1.623869444495612E-001,
8.226027654654654E+008,1.606100114210303E-001,
8.275876307107108E+008,1.591552099500445E-001,
8.325724959559560E+008,1.587871926604252E-001,
8.375573612012012E+008,1.607683222551670E-001,
8.425422264464464E+008,1.616897254517109E-001,
8.475270916916918E+008,1.631523194215662E-001,
8.525119569369370E+008,1.639881921084728E-001,
8.574968221821822E+008,1.664160229535767E-001,
8.624816874274274E+008,1.679261487364966E-001,
8.674665526726726E+008,1.681154179090341E-001,
8.724514179179180E+008,1.665197341663722E-001,
8.774362831631632E+008,1.642222575631271E-001,
8.824211484084084E+008,1.597543480490186E-001,
8.874060136536536E+008,1.556563011872681E-001,
8.923908788988990E+008,1.533465581181687E-001,
8.973757441441442E+008,1.550052429497504E-001,
9.023606093893894E+008,1.575118534695046E-001,
9.073454746346346E+008,1.599084271810473E-001,
9.123303398798798E+008,1.631368581146681E-001,
9.173152051251252E+008,1.655628157158928E-001,
9.223000703703704E+008,1.685704857805584E-001,
9.272849356156156E+008,1.716061709170523E-001,
9.322698008608608E+008,1.738697458270100E-001,
9.372546661061062E+008,1.773446796861278E-001,
9.422395313513514E+008,1.809638677902598E-001,
9.472243965965966E+008,1.814172822684954E-001,
9.522092618418418E+008,1.790642305853319E-001,
9.571941270870872E+008,1.746528244737945E-001,
9.621789923323324E+008,1.719250974264858E-001,
9.671638575775776E+008,1.682762101106863E-001,
9.721487228228228E+008,1.654716334485537E-001,
9.771335880680680E+008,1.626819593369081E-001,
9.821184533133134E+008,1.588716369571721E-001,
9.871033185585586E+008,1.532008296223590E-001,
9.920881838038038E+008,1.474908087385007E-001,
9.970730490490490E+008,1.427266627902190E-001,
1.002057914294294E+009,1.392625392096570E-001,
1.007042779539540E+009,1.364902953920107E-001,
1.012027644784785E+009,1.346749442015296E-001,
1.017012510030030E+009,1.322828719903986E-001,
1.021997375275275E+009,1.295370838397525E-001,
1.026982240520521E+009,1.267541829256641E-001,
1.031967105765766E+009,1.237343770798039E-001,
1.036951971011011E+009,1.198784055897589E-001,
1.041936836256256E+009,1.148416078028047E-001,
1.046921701501502E+009,1.094171534738538E-001,
1.051906566746747E+009,1.048307791396522E-001,
1.056891431991992E+009,1.013547601241232E-001,
1.061876297237237E+009,9.687266047111820E-002,
1.066861162482482E+009,9.401119935197122E-002,
1.071846027727728E+009,9.237375010048017E-002,
1.076830892972973E+009,9.185061606089469E-002,
1.081815758218218E+009,9.138087813269781E-002,
1.086800623463464E+009,9.233977049968584E-002,
1.091785488708709E+009,9.422086201659771E-002,
1.096770353953954E+009,9.607058254300943E-002,
1.101755219199199E+009,9.843640371990448E-002,
1.106740084444444E+009,9.977652979945746E-002,
1.111724949689690E+009,1.016114148300389E-001,
1.116709814934935E+009,1.026387470177933E-001,
1.121694680180180E+009,1.038983003484946E-001,
1.126679545425426E+009,1.042601896321403E-001,
1.131664410670671E+009,1.037903702324377E-001,
1.136649275915916E+009,1.022295474702360E-001,
1.141634141161161E+009,9.937086902677540E-002,
1.146619006406406E+009,9.627372842445323E-002,
1.151603871651652E+009,9.336923030449189E-002,
1.156588736896897E+009,9.034206020597038E-002,
1.161573602142142E+009,8.869846347419687E-002,
1.166558467387388E+009,8.767573432256565E-002,
1.171543332632633E+009,8.682874189662372E-002,
1.176528197877878E+009,8.702417255845248E-002,
1.181513063123123E+009,8.689903590626220E-002,
1.186497928368368E+009,8.738169444472876E-002,
1.191482793613614E+009,8.850905279766261E-002,
1.196467658858859E+009,8.997713270888129E-002,
1.201452524104104E+009,9.084798863229965E-002,
1.206437389349349E+009,9.195938240384689E-002,
1.211422254594595E+009,9.215469748070931E-002,
1.216407119839840E+009,9.201300421013876E-002,
1.221391985085085E+009,9.011153073447843E-002,
1.226376850330330E+009,8.860634662608825E-002,
1.231361715575576E+009,8.742298974899408E-002,
1.236346580820821E+009,8.610513207973361E-002,
1.241331446066066E+009,8.435491180637687E-002,
1.246316311311311E+009,8.393049225157155E-002,
1.251301176556557E+009,8.316853393484254E-002,
1.256286041801802E+009,8.249739815466275E-002,
1.261270907047047E+009,8.273470437184249E-002,
1.266255772292292E+009,8.320413935116056E-002,
1.271240637537538E+009,8.363985104839486E-002,
1.276225502782783E+009,8.384579442023984E-002,
1.281210368028028E+009,8.420048701494474E-002,
1.286195233273273E+009,8.516934814143315E-002,
1.291180098518518E+009,8.658556659638668E-002,
1.296164963763764E+009,8.815512178901855E-002,
1.301149829009009E+009,9.012530284057597E-002,
1.306134694254254E+009,9.137359046325348E-002,
1.311119559499500E+009,9.069672872036674E-002,
1.316104424744745E+009,8.802925529967914E-002,
1.321089289989990E+009,8.480655980461410E-002,
1.326074155235235E+009,8.126111979668647E-002,
1.331059020480480E+009,7.757555006941842E-002,
1.336043885725726E+009,7.504719382828325E-002,
1.341028750970971E+009,7.164018133910124E-002,
1.346013616216216E+009,6.940096397210845E-002,
1.350998481461462E+009,6.717453921770533E-002,
1.355983346706707E+009,6.585292893697252E-002,
1.360968211951952E+009,6.451725051651078E-002,
1.365953077197197E+009,6.287833251808789E-002,
1.370937942442442E+009,6.181538889189051E-002,
1.375922807687688E+009,6.154198192116334E-002,
1.380907672932933E+009,6.158418194063724E-002,
1.385892538178178E+009,6.197216105530103E-002,
1.390877403423424E+009,6.113631142104137E-002,
1.395862268668669E+009,6.042495640863239E-002,
1.400847133913914E+009,5.855284190473893E-002,
1.405831999159159E+009,5.717187844690603E-002,
1.410816864404404E+009,5.492116662297001E-002,
1.415801729649650E+009,5.379602501969782E-002,
1.420786594894895E+009,5.301538527267104E-002,
1.425771460140140E+009,5.217184560200979E-002,
1.430756325385386E+009,5.117376797548285E-002,
1.435741190630631E+009,5.106724645101943E-002,
1.440726055875876E+009,5.115672745586512E-002,
1.445710921121121E+009,5.136102524534091E-002,
1.450695786366366E+009,5.171978143922264E-002,
1.455680651611612E+009,5.205417630362436E-002,
1.460665516856857E+009,5.219157949081683E-002,
1.465650382102102E+009,5.231828122453504E-002,
1.470635247347347E+009,5.114315878563640E-002,
1.475620112592593E+009,4.986288809686907E-002,
1.480604977837838E+009,4.865003560743380E-002,
1.485589843083083E+009,4.766937969019641E-002,
1.490574708328328E+009,4.724014210860539E-002,
1.495559573573574E+009,4.659028246607543E-002,
1.500544438818819E+009,4.598683830423994E-002,
1.505529304064064E+009,4.441753863703818E-002,
1.510514169309309E+009,4.377611859145546E-002,
1.515499034554555E+009,4.265437220736414E-002,
1.520483899799800E+009,4.165524662319431E-002,
1.525468765045045E+009,4.088639468761408E-002,
1.530453630290290E+009,4.025005747117150E-002,
1.535438495535536E+009,4.004607816430252E-002,
1.540423360780781E+009,4.006009910928041E-002,
1.545408226026026E+009,4.111314344949166E-002,
1.550393091271271E+009,4.172350561609615E-002,
1.555377956516516E+009,4.267539133517129E-002,
1.560362821761762E+009,4.421958970299424E-002,
1.565347687007007E+009,4.504089579693853E-002,
1.570332552252252E+009,4.599604631492445E-002,
1.575317417497498E+009,4.625921406175633E-002,
1.580302282742743E+009,4.585262149888612E-002,
1.585287147987988E+009,4.501297639411710E-002,
1.590272013233233E+009,4.461588010566783E-002,
1.595256878478478E+009,4.451089357208956E-002,
1.600241743723724E+009,4.493833074185902E-002,
1.605226608968969E+009,4.568201769087545E-002,
1.610211474214214E+009,4.605041775198693E-002,
1.615196339459460E+009,4.721736189316435E-002,
1.620181204704705E+009,4.814582743382944E-002,
1.625166069949950E+009,4.842268096318952E-002,
1.630150935195195E+009,4.888199674475705E-002,
1.635135800440440E+009,4.872793053832653E-002,
1.640120665685686E+009,4.828249319515828E-002,
1.645105530930931E+009,4.777633638879561E-002,
1.650090396176176E+009,4.669637964410650E-002,
1.655075261421422E+009,4.611197444026739E-002,
1.660060126666667E+009,4.493427845047862E-002,
1.665044991911912E+009,4.425529107780194E-002,
1.670029857157157E+009,4.375763960697518E-002,
1.675014722402402E+009,4.357856768064070E-002,
1.679999587647648E+009,4.330499118887802E-002,
1.684984452892893E+009,4.290772877082165E-002,
1.689969318138138E+009,4.313409097985137E-002,
1.694954183383384E+009,4.184195224509795E-002,
1.699939048628629E+009,4.081781610766832E-002,
1.704923913873874E+009,3.917491315297153E-002,
1.709908779119119E+009,3.791748873189271E-002,
1.714893644364364E+009,3.640074560500922E-002,
1.719878509609610E+009,3.518471056031798E-002,
1.724863374854855E+009,3.423700908548230E-002,
1.729848240100100E+009,3.398893628494187E-002,
1.734833105345345E+009,3.458109104105247E-002,
1.739817970590591E+009,3.577304464532056E-002,
1.744802835835836E+009,3.757966016238316E-002,
1.749787701081081E+009,3.947744574326377E-002,
1.754772566326326E+009,4.107808406250625E-002,
1.759757431571572E+009,4.199735993704799E-002,
1.764742296816817E+009,4.299097885536262E-002,
1.769727162062062E+009,4.297168147966134E-002,
1.774712027307307E+009,4.277750212723003E-002,
1.779696892552553E+009,4.216658721332367E-002,
1.784681757797798E+009,4.246590501119606E-002,
1.789666623043043E+009,4.308822539448873E-002,
1.794651488288288E+009,4.547773655289091E-002,
1.799636353533534E+009,4.768676535390653E-002,
1.804621218778779E+009,4.941832870715819E-002,
1.809606084024024E+009,5.015253407688290E-002,
1.814590949269269E+009,5.023676427299662E-002,
1.819575814514514E+009,4.941579754517619E-002,
1.824560679759760E+009,4.843402282441064E-002,
1.829545545005005E+009,4.707571959603407E-002,
1.834530410250250E+009,4.589759360586712E-002,
1.839515275495496E+009,4.496294486838671E-002,
1.844500140740741E+009,4.378255101083434E-002,
1.849485005985986E+009,4.291549559621057E-002,
1.854469871231231E+009,4.221567684803276E-002,
1.859454736476476E+009,4.123583711301081E-002,
1.864439601721722E+009,4.089003140095566E-002,
1.869424466966967E+009,4.043214794631436E-002,
1.874409332212212E+009,3.906615700770959E-002,
1.879394197457458E+009,3.729649158686225E-002,
1.884379062702703E+009,3.499804682762688E-002,
1.889363927947948E+009,3.287782483879365E-002,
1.894348793193193E+009,3.068099746015227E-002,
1.899333658438438E+009,2.838807056383182E-002,
1.904318523683684E+009,2.692291702020965E-002,
1.909303388928929E+009,2.517040211432950E-002,
1.914288254174174E+009,2.348940671277881E-002,
1.919273119419420E+009,2.157570442560507E-002,
1.924257984664665E+009,2.034809651992952E-002,
1.929242849909910E+009,1.904963118705298E-002,
1.934227715155155E+009,1.820471920790787E-002,
1.939212580400400E+009,1.653858219640454E-002,
1.944197445645646E+009,1.453794965698935E-002,
1.949182310890891E+009,1.328657236610317E-002,
1.954167176136136E+009,1.284064028438956E-002,
1.959152041381382E+009,1.223132260836579E-002,
1.964136906626627E+009,1.184689008653099E-002,
1.969121771871872E+009,1.162037709176031E-002,
1.974106637117117E+009,1.110911145551910E-002,
1.979091502362362E+009,1.080449721092502E-002,
1.984076367607608E+009,1.019014470503589E-002,
1.989061232852853E+009,1.026498518097512E-002,
1.994046098098098E+009,9.853843001387669E-003,
1.999030963343343E+009,9.463183033382941E-003,
2.004015828588589E+009,9.268134061339651E-003,
2.009000693833834E+009,9.078556753720787E-003,
2.013985559079079E+009,8.651093883039619E-003,
2.018970424324324E+009,8.801165933687776E-003,
2.023955289569570E+009,8.340960620074537E-003,
2.028940154814815E+009,8.006884683438487E-003,
2.033925020060060E+009,7.823292730266052E-003,
2.038909885305305E+009,7.730383779596608E-003,
2.043894750550551E+009,7.130304821733311E-003,
2.048879615795796E+009,7.267328712747130E-003,
2.053864481041041E+009,6.855894227765419E-003,
2.058849346286286E+009,6.625635155050808E-003,
2.063834211531532E+009,6.714769108427017E-003,
2.068819076776777E+009,6.719849060527610E-003,
2.073803942022022E+009,6.496154211663249E-003,
2.078788807267267E+009,5.928732756064051E-003,
2.083773672512512E+009,5.238797940499688E-003,
2.088758537757758E+009,4.498480892658917E-003,
2.093743403003003E+009,3.810756855541461E-003,
2.098728268248248E+009,3.475189360574720E-003,
2.103713133493494E+009,3.875617188204627E-003,
2.108697998738739E+009,4.682378835331337E-003,
2.113682863983984E+009,5.756502572484689E-003,
2.118667729229229E+009,6.472045954866683E-003,
2.123652594474474E+009,6.965821757938598E-003,
2.128637459719720E+009,7.174667425495150E-003,
2.133622324964965E+009,7.307382562181623E-003,
2.138607190210210E+009,7.661154875622872E-003,
2.143592055455456E+009,8.193786408211171E-003,
2.148576920700701E+009,8.701776045696283E-003,
2.153561785945946E+009,9.250786989089823E-003,
2.158546651191191E+009,9.686180847200736E-003,
2.163531516436437E+009,1.040639030788356E-002,
2.168516381681682E+009,1.082778576286721E-002,
2.173501246926927E+009,1.159548642863300E-002,
2.178486112172172E+009,1.255555200680908E-002,
2.183470977417418E+009,1.331762719974861E-002,
2.188455842662663E+009,1.398218825641652E-002,
2.193440707907908E+009,1.474675676840545E-002,
2.198425573153153E+009,1.525040658758777E-002,
2.203410438398398E+009,1.588776234562137E-002,
2.208395303643644E+009,1.657719387590173E-002,
2.213380168888889E+009,1.749274663124396E-002,
2.218365034134134E+009,1.802635137162440E-002,
2.223349899379379E+009,1.843322394699300E-002,
2.228334764624625E+009,1.922301314295283E-002,
2.233319629869870E+009,1.914180259141334E-002,
2.238304495115115E+009,1.945643202103591E-002,
2.243289360360360E+009,1.863346914748697E-002,
2.248274225605606E+009,1.905875405961696E-002,
2.253259090850851E+009,1.829065256924320E-002,
2.258243956096096E+009,1.777773877736320E-002,
2.263228821341342E+009,1.777062657147633E-002,
2.268213686586587E+009,1.710024239172248E-002,
2.273198551831832E+009,1.739104835009462E-002,
2.278183417077077E+009,1.767378222604701E-002,
2.283168282322322E+009,1.814166058325309E-002,
2.288153147567567E+009,1.853776536705423E-002,
2.293138012812813E+009,1.991193477945645E-002,
2.298122878058058E+009,2.065617062605765E-002,
2.303107743303303E+009,2.112771873437844E-002,
2.308092608548549E+009,2.262342628043092E-002,
2.313077473793794E+009,2.319661236475174E-002,
2.318062339039039E+009,2.435542095709179E-002,
2.323047204284284E+009,2.492296312343544E-002,
2.328032069529530E+009,2.609811348814618E-002,
2.333016934774775E+009,2.667688499976553E-002,
2.338001800020020E+009,2.736232956134512E-002,
2.342986665265266E+009,2.786689935670305E-002,
2.347971530510510E+009,2.908452591139846E-002,
2.352956395755756E+009,2.964434675409221E-002,
2.357941261001001E+009,3.025082404341388E-002,
2.362926126246246E+009,3.146434789877241E-002,
2.367910991491491E+009,3.262583087614664E-002,
2.372895856736737E+009,3.346627750433565E-002,
2.377880721981982E+009,3.429370486844093E-002,
2.382865587227227E+009,3.562281889689666E-002,
2.387850452472473E+009,3.651747804888002E-002,
2.392835317717718E+009,3.757031675696678E-002,
2.397820182962963E+009,3.887118674448558E-002,
2.402805048208208E+009,3.978026173199665E-002,
2.407789913453454E+009,4.068058937570452E-002,
2.412774778698699E+009,4.163493756341468E-002,
2.417759643943944E+009,4.278444539097597E-002,
2.422744509189189E+009,4.372437085886578E-002,
2.427729374434434E+009,4.422537545327922E-002,
2.432714239679680E+009,4.329200287868026E-002,
2.437699104924925E+009,4.247052914331834E-002,
2.442683970170170E+009,4.155288324463246E-002,
2.447668835415415E+009,4.090824675228793E-002,
2.452653700660661E+009,4.096099116853778E-002,
2.457638565905906E+009,4.011544268957669E-002,
2.462623431151151E+009,3.936197910953745E-002,
2.467608296396397E+009,3.863068063787654E-002,
2.472593161641642E+009,3.775080253061961E-002,
2.477578026886887E+009,3.663446771999105E-002,
2.482562892132132E+009,3.646874038804936E-002,
2.487547757377378E+009,3.610329589084797E-002,
2.492532622622623E+009,3.545261105629949E-002,
2.497517487867868E+009,3.569737729841950E-002,
2.502502353113113E+009,3.576409236767651E-002,
2.507487218358358E+009,3.680729975059421E-002,
2.512472083603604E+009,3.780506122799554E-002,
2.517456948848849E+009,3.933168369009163E-002,
2.522441814094094E+009,4.015563903963442E-002,
2.527426679339339E+009,4.072685731676450E-002,
2.532411544584585E+009,4.185817765313141E-002,
2.537396409829830E+009,4.283281743327320E-002,
2.542381275075075E+009,4.320713642653656E-002,
2.547366140320320E+009,4.334192482514829E-002,
2.552351005565566E+009,4.298160218845566E-002,
2.557335870810811E+009,4.260464602508639E-002,
2.562320736056056E+009,4.239665324752613E-002,
2.567305601301302E+009,4.203418519971672E-002,
2.572290466546547E+009,4.156685867027948E-002,
2.577275331791792E+009,4.098392068706837E-002,
2.582260197037037E+009,4.021542383790768E-002,
2.587245062282282E+009,4.045194700669781E-002,
2.592229927527527E+009,4.003558970775793E-002,
2.597214792772773E+009,4.035218779989062E-002,
2.602199658018018E+009,4.121717266980209E-002,
2.607184523263263E+009,4.161765003375029E-002,
2.612169388508509E+009,4.158264933488199E-002,
2.617154253753754E+009,4.202600472915983E-002,
2.622139118998999E+009,4.304763729671933E-002,
2.627123984244244E+009,4.381043344766328E-002,
2.632108849489490E+009,4.387639478593199E-002,
2.637093714734735E+009,4.479764551639734E-002,
2.642078579979980E+009,4.539088962464317E-002,
2.647063445225225E+009,4.556862500312389E-002,
2.652048310470470E+009,4.495481266459053E-002,
2.657033175715716E+009,4.451665787424970E-002,
2.662018040960961E+009,4.415606868061496E-002,
2.667002906206206E+009,4.352048325317386E-002,
2.671987771451451E+009,4.327062741447918E-002,
2.676972636696697E+009,4.276214176618020E-002,
2.681957501941942E+009,4.246600518939410E-002,
2.686942367187187E+009,4.296875294588998E-002,
2.691927232432433E+009,4.296796074830591E-002,
2.696912097677678E+009,4.308734946684596E-002,
2.701896962922923E+009,4.298635268006196E-002,
2.706881828168168E+009,4.238699886187764E-002,
2.711866693413414E+009,4.198493481759436E-002,
2.716851558658659E+009,4.220139554006281E-002,
2.721836423903904E+009,4.204647951382706E-002,
2.726821289149149E+009,4.166320241515145E-002,
2.731806154394394E+009,4.058677200183741E-002,
2.736791019639640E+009,3.965652288455909E-002,
2.741775884884885E+009,3.848776060137169E-002,
2.746760750130130E+009,3.710702945022517E-002,
2.751745615375375E+009,3.580376298120291E-002,
2.756730480620621E+009,3.494234115824798E-002,
2.761715345865866E+009,3.271059601212948E-002,
2.766700211111111E+009,3.141517937080159E-002,
2.771685076356356E+009,2.965645142917737E-002,
2.776669941601602E+009,2.823124405708368E-002,
2.781654806846847E+009,2.709898619249319E-002,
2.786639672092092E+009,2.599745530699509E-002,
2.791624537337338E+009,2.471281286890245E-002,
2.796609402582583E+009,2.387264056164343E-002,
2.801594267827828E+009,2.300073251766399E-002,
2.806579133073073E+009,2.238072224949398E-002,
2.811563998318318E+009,2.131448403773435E-002,
2.816548863563564E+009,2.065834748951368E-002,
2.821533728808809E+009,2.062066173831494E-002,
2.826518594054054E+009,2.005643290448229E-002,
2.831503459299299E+009,2.041510677925744E-002,
2.836488324544545E+009,2.011425713187377E-002,
2.841473189789790E+009,2.031664113085714E-002,
2.846458055035035E+009,2.036083875061071E-002,
2.851442920280280E+009,2.041250629680591E-002,
2.856427785525526E+009,2.003681522864985E-002,
2.861412650770771E+009,2.028938187241791E-002,
2.866397516016016E+009,1.914326016067723E-002,
2.871382381261262E+009,1.900337962782830E-002,
2.876367246506506E+009,1.831763392693015E-002,
2.881352111751752E+009,1.746857402191067E-002,
2.886336976996997E+009,1.667680970637711E-002,
2.891321842242242E+009,1.517297940206418E-002,
2.896306707487487E+009,1.476994052018788E-002,
2.901291572732733E+009,1.384236861508836E-002,
2.906276437977978E+009,1.289954004407814E-002,
2.911261303223223E+009,1.200577257103781E-002,
2.916246168468469E+009,1.080191517272242E-002,
2.921231033713714E+009,1.011538519972978E-002,
2.926215898958959E+009,9.473514390272544E-003,
2.931200764204204E+009,8.820084057044712E-003,
2.936185629449450E+009,8.298281312030106E-003,
2.941170494694695E+009,7.989421452841473E-003,
2.946155359939940E+009,7.530221583582390E-003,
2.951140225185185E+009,7.045548698552636E-003,
2.956125090430430E+009,6.599267142614237E-003,
2.961109955675676E+009,5.976464629342714E-003,
2.966094820920921E+009,5.488932000749711E-003,
2.971079686166166E+009,4.796769512938602E-003,
2.976064551411411E+009,4.075177899658724E-003,
2.981049416656657E+009,3.372771464400705E-003,
2.986034281901902E+009,2.842027692701318E-003,
2.991019147147147E+009,2.510320489640961E-003,
2.996004012392393E+009,2.156452501559029E-003,
3.000988877637638E+009,1.933016664783474E-003,
3.005973742882883E+009,1.943624155828437E-003,
3.010958608128128E+009,1.860053242137205E-003,
3.015943473373374E+009,1.869268398659948E-003,
3.020928338618619E+009,1.978393632639232E-003,
3.025913203863864E+009,2.093280210428736E-003,
3.030898069109109E+009,2.407673819257480E-003,
3.035882934354354E+009,2.685962244125279E-003,
3.040867799599600E+009,3.131813123457407E-003,
3.045852664844845E+009,3.592916724410092E-003,
3.050837530090090E+009,4.083003899908838E-003,
3.055822395335335E+009,4.494390225539380E-003,
3.060807260580581E+009,5.162245184394915E-003,
3.065792125825826E+009,5.714669390666436E-003,
3.070776991071071E+009,6.331070313399497E-003,
3.075761856316316E+009,6.941138099519509E-003,
3.080746721561562E+009,7.413007617064574E-003,
3.085731586806807E+009,7.822196828275946E-003,
3.090716452052052E+009,8.065434830537501E-003,
3.095701317297298E+009,8.354835438934248E-003,
3.100686182542543E+009,8.512962042440104E-003,
3.105671047787788E+009,8.615956325289742E-003,
3.110655913033033E+009,8.587723906798923E-003,
3.115640778278278E+009,8.446573795019424E-003,
3.120625643523523E+009,8.329885336519937E-003,
3.125610508768769E+009,8.389473259950526E-003,
3.130595374014014E+009,8.494462765783847E-003,
3.135580239259259E+009,8.496152626798419E-003,
3.140565104504505E+009,8.569106004047646E-003,
3.145549969749750E+009,8.662109117605336E-003,
3.150534834994995E+009,8.935359264300852E-003,
3.155519700240240E+009,9.305153971902083E-003,
3.160504565485486E+009,9.715549138840804E-003,
3.165489430730731E+009,1.015349395937198E-002,
3.170474295975976E+009,1.049318617642664E-002,
3.175459161221221E+009,1.088191168169979E-002,
3.180444026466466E+009,1.135709806702809E-002,
3.185428891711712E+009,1.172234798629966E-002,
3.190413756956957E+009,1.222380012858267E-002,
3.195398622202202E+009,1.250024539519390E-002,
3.200383487447447E+009,1.299369368889248E-002,
3.205368352692693E+009,1.326285717769729E-002,
3.210353217937938E+009,1.354480705492136E-002,
3.215338083183183E+009,1.373715952883808E-002,
3.220322948428429E+009,1.399894671737031E-002,
3.225307813673674E+009,1.430280515796044E-002,
3.230292678918919E+009,1.481250397321323E-002,
3.235277544164164E+009,1.526715338116670E-002,
3.240262409409410E+009,1.582337355467723E-002,
3.245247274654655E+009,1.689792468709842E-002,
3.250232139899900E+009,1.754118730371381E-002,
3.255217005145145E+009,1.847433888811054E-002,
3.260201870390390E+009,1.905379609710530E-002,
3.265186735635636E+009,1.949740902726168E-002,
3.270171600880881E+009,1.957609055239958E-002,
3.275156466126126E+009,1.955391888027547E-002,
3.280141331371371E+009,2.059495736121117E-002,
3.285126196616617E+009,2.051208566518427E-002,
3.290111061861862E+009,2.046389707575203E-002,
3.295095927107107E+009,2.006411072968930E-002,
3.300080792352352E+009,1.977225279409247E-002,
3.305065657597598E+009,1.964121680955763E-002,
3.310050522842843E+009,2.011313289206644E-002,
3.315035388088088E+009,2.012439456179646E-002,
3.320020253333334E+009,2.074589630908541E-002,
3.325005118578579E+009,2.071022042435717E-002,
3.329989983823824E+009,1.986055994114167E-002,
3.334974849069069E+009,2.001252080694209E-002,
3.339959714314314E+009,1.983903126996254E-002,
3.344944579559560E+009,2.033700925237846E-002,
3.349929444804805E+009,2.011672935147205E-002,
3.354914310050050E+009,2.027063386026706E-002,
3.359899175295295E+009,2.105164751511570E-002,
3.364884040540541E+009,2.155480897272879E-002,
3.369868905785786E+009,2.227803031270625E-002,
3.374853771031031E+009,2.248027808689868E-002,
3.379838636276276E+009,2.277008036578662E-002,
3.384823501521522E+009,2.271520486935413E-002,
3.389808366766767E+009,2.226970392792934E-002,
3.394793232012012E+009,2.234490943039257E-002,
3.399778097257258E+009,2.320231410466864E-002,
3.404762962502502E+009,2.389456438420367E-002,
3.409747827747748E+009,2.411123561646974E-002,
3.414732692992993E+009,2.488852681237104E-002,
3.419717558238238E+009,2.556623939192213E-002,
3.424702423483483E+009,2.546328384381663E-002,
3.429687288728729E+009,2.534834353515973E-002,
3.434672153973974E+009,2.526867372087482E-002,
3.439657019219219E+009,2.507863828247799E-002,
3.444641884464465E+009,2.613243779931172E-002,
3.449626749709710E+009,2.599635696912027E-002,
3.454611614954955E+009,2.493016125456767E-002,
3.459596480200200E+009,2.549871106787428E-002,
3.464581345445446E+009,2.568501481165758E-002,
3.469566210690691E+009,2.568870522045195E-002,
3.474551075935936E+009,2.560435333400925E-002,
3.479535941181181E+009,2.571394923431246E-002,
3.484520806426426E+009,2.659404807784156E-002,
3.489505671671672E+009,2.556486956833436E-002,
3.494490536916917E+009,2.558041841136830E-002,
3.499475402162162E+009,2.628210696596379E-002,
3.504460267407407E+009,2.548171865098701E-002,
3.509445132652653E+009,2.486984756624664E-002,
3.514429997897898E+009,2.545897266767301E-002,
3.519414863143143E+009,2.472026623663547E-002,
3.524399728388389E+009,2.440089418894876E-002,
3.529384593633634E+009,2.331225778402205E-002,
3.534369458878879E+009,2.312246690719548E-002,
3.539354324124124E+009,2.211621340161571E-002,
3.544339189369370E+009,2.176967918178953E-002,
3.549324054614615E+009,2.165808374448699E-002,
3.554308919859860E+009,2.087058479442799E-002,
3.559293785105105E+009,2.021478785205150E-002,
3.564278650350350E+009,2.029207694798804E-002,
3.569263515595596E+009,2.030120311299371E-002,
3.574248380840841E+009,2.096791407862759E-002,
3.579233246086086E+009,2.169884942192102E-002,
3.584218111331331E+009,2.171667291469930E-002,
3.589202976576577E+009,2.295416094541568E-002,
3.594187841821822E+009,2.266744755628140E-002,
3.599172707067067E+009,2.365085189344651E-002,
3.604157572312312E+009,2.365070468486120E-002,
3.609142437557558E+009,2.448458461141009E-002,
3.614127302802803E+009,2.420057011034707E-002,
3.619112168048048E+009,2.423469190254848E-002,
3.624097033293294E+009,2.329745065962340E-002,
3.629081898538539E+009,2.361679115723732E-002,
3.634066763783784E+009,2.286572480016194E-002,
3.639051629029029E+009,2.180193500330697E-002,
3.644036494274274E+009,2.165487996543971E-002,
3.649021359519519E+009,2.084610191954058E-002,
3.654006224764765E+009,2.097507161896673E-002,
3.658991090010010E+009,1.995348107605927E-002,
3.663975955255255E+009,1.947771231407983E-002,
3.668960820500501E+009,1.931820803764360E-002,
3.673945685745746E+009,1.888489995559514E-002,
3.678930550990991E+009,1.853476584985943E-002,
3.683915416236236E+009,1.846790800307187E-002,
3.688900281481482E+009,1.728521278361998E-002,
3.693885146726727E+009,1.722447870176525E-002,
3.698870011971972E+009,1.780827453382768E-002,
3.703854877217217E+009,1.722590702464572E-002,
3.708839742462462E+009,1.700512070426505E-002,
3.713824607707708E+009,1.705501485726926E-002,
3.718809472952953E+009,1.651389287776232E-002,
3.723794338198198E+009,1.586391251175333E-002,
3.728779203443443E+009,1.579271708235576E-002,
3.733764068688689E+009,1.539477813242390E-002,
3.738748933933934E+009,1.578324043036420E-002,
3.743733799179179E+009,1.520272381653522E-002,
3.748718664424425E+009,1.520110882565211E-002,
3.753703529669670E+009,1.517012746289454E-002,
3.758688394914915E+009,1.484064146343437E-002,
3.763673260160160E+009,1.517123590809643E-002,
3.768658125405406E+009,1.494866078438842E-002,
3.773642990650651E+009,1.508439177369187E-002,
3.778627855895896E+009,1.604086472888952E-002,
3.783612721141141E+009,1.533149257287451E-002,
3.788597586386386E+009,1.499533402363094E-002,
3.793582451631632E+009,1.528361631242490E-002,
3.798567316876877E+009,1.534217826653423E-002,
3.803552182122122E+009,1.400322574288157E-002,
3.808537047367367E+009,1.383232095864153E-002,
3.813521912612613E+009,1.370291378559523E-002,
3.818506777857858E+009,1.325133264171614E-002,
3.823491643103103E+009,1.254426982804051E-002,
3.828476508348349E+009,1.210528308848107E-002,
3.833461373593594E+009,1.167639210043508E-002,
3.838446238838839E+009,1.136097794298995E-002,
3.843431104084084E+009,1.084140673136510E-002,
3.848415969329330E+009,1.056453204294732E-002,
3.853400834574575E+009,1.031992689614507E-002,
3.858385699819820E+009,1.012845959491697E-002,
3.863370565065065E+009,1.003247429772454E-002,
3.868355430310310E+009,9.988403878404583E-003,
3.873340295555556E+009,1.003326830650355E-002,
3.878325160800801E+009,1.014253127910897E-002,
3.883310026046046E+009,1.024199702251409E-002,
3.888294891291291E+009,1.035415322492767E-002,
3.893279756536537E+009,1.024648959882472E-002,
3.898264621781782E+009,1.021265234473169E-002,
3.903249487027027E+009,1.029867605778091E-002,
3.908234352272272E+009,1.029900693485317E-002,
3.913219217517518E+009,1.037391385541485E-002,
3.918204082762763E+009,1.049610242690590E-002,
3.923188948008008E+009,1.031304360656706E-002,
3.928173813253254E+009,1.028064062702301E-002,
3.933158678498498E+009,1.026512651049125E-002,
3.938143543743744E+009,1.030619611677646E-002,
3.943128408988989E+009,1.048220725235544E-002,
3.948113274234234E+009,1.075088806271485E-002,
3.953098139479479E+009,1.083009146158772E-002,
3.958083004724725E+009,1.091377197473486E-002,
3.963067869969970E+009,1.114179446629438E-002,
3.968052735215215E+009,1.139771554260384E-002,
3.973037600460461E+009,1.161342927201031E-002,
3.978022465705706E+009,1.173384208046473E-002,
3.983007330950951E+009,1.170674301708265E-002,
3.987992196196196E+009,1.163061537887966E-002,
3.992977061441442E+009,1.151007921834490E-002,
3.997961926686687E+009,1.128009970727631E-002,
4.002946791931932E+009,1.088623413317256E-002,
4.007931657177177E+009,1.058500090903292E-002,
4.012916522422422E+009,1.031534268265128E-002,
4.017901387667668E+009,1.007270994558581E-002,
4.022886252912913E+009,9.961864547898479E-003,
4.027871118158158E+009,9.864343531673219E-003,
4.032855983403403E+009,9.899829959317947E-003,
4.037840848648649E+009,1.004887454505751E-002,
4.042825713893894E+009,1.022850044094245E-002,
4.047810579139139E+009,1.053430427562406E-002,
4.052795444384385E+009,1.078468709264620E-002,
4.057780309629630E+009,1.099114040838258E-002,
4.062765174874875E+009,1.125296732024796E-002,
4.067750040120120E+009,1.150643009693959E-002,
4.072734905365366E+009,1.181518074490896E-002,
4.077719770610611E+009,1.198517804200783E-002,
4.082704635855856E+009,1.213149524898392E-002,
4.087689501101101E+009,1.221636317269334E-002,
4.092674366346346E+009,1.212014082000024E-002,
4.097659231591592E+009,1.195131594891946E-002,
4.102644096836837E+009,1.175166177498444E-002,
4.107628962082082E+009,1.160638047984940E-002,
4.112613827327327E+009,1.144997839425878E-002,
4.117598692572573E+009,1.120362167389526E-002,
4.122583557817818E+009,1.102426593882084E-002,
4.127568423063063E+009,1.081833379139204E-002,
4.132553288308308E+009,1.073403372744602E-002,
4.137538153553554E+009,1.083979875735534E-002,
4.142523018798799E+009,1.100439821464678E-002,
4.147507884044044E+009,1.120991750483334E-002,
4.152492749289290E+009,1.140539789992618E-002,
4.157477614534535E+009,1.171086450227557E-002,
4.162462479779780E+009,1.189196299586863E-002,
4.167447345025025E+009,1.202396037559157E-002,
4.172432210270270E+009,1.225536827407504E-002,
4.177417075515515E+009,1.216249644085105E-002,
4.182401940760761E+009,1.206190675069993E-002,
4.187386806006006E+009,1.181943945674610E-002,
4.192371671251251E+009,1.163509088448592E-002,
4.197356536496497E+009,1.130171925743386E-002,
4.202341401741742E+009,1.099704841624437E-002,
4.207326266986987E+009,1.071042699194010E-002,
4.212311132232232E+009,1.026336093918243E-002,
4.217295997477478E+009,1.001997089346533E-002,
4.222280862722723E+009,9.778856359697732E-003,
4.227265727967968E+009,9.718443626487655E-003,
4.232250593213213E+009,9.639077010080651E-003,
4.237235458458458E+009,9.616769337073530E-003,
4.242220323703704E+009,9.696908893856375E-003,
4.247205188948949E+009,9.639744159188730E-003,
4.252190054194194E+009,9.801155714942802E-003,
4.257174919439439E+009,9.944352970965716E-003,
4.262159784684685E+009,1.006994229580221E-002,
4.267144649929930E+009,1.027589612536237E-002,
4.272129515175175E+009,1.042681273897841E-002,
4.277114380420421E+009,1.042103360813266E-002,
4.282099245665666E+009,1.047032965301976E-002,
4.287084110910911E+009,1.027445636450415E-002,
4.292068976156156E+009,1.013539780366972E-002,
4.297053841401402E+009,9.867298669422410E-003,
4.302038706646647E+009,9.587171233147290E-003,
4.307023571891892E+009,9.224053388720266E-003,
4.312008437137137E+009,8.914806778867187E-003,
4.316993302382382E+009,8.660999814402808E-003,
4.321978167627627E+009,8.536627735391314E-003,
4.326963032872873E+009,8.399124424121567E-003,
4.331947898118118E+009,8.256646003418590E-003,
4.336932763363363E+009,8.057412384312379E-003,
4.341917628608608E+009,8.030213444966693E-003,
4.346902493853854E+009,8.002345558812180E-003,
4.351887359099099E+009,7.960062136506860E-003,
4.356872224344344E+009,7.888054996445256E-003,
4.361857089589590E+009,7.781355820138054E-003,
4.366841954834835E+009,7.813070351566483E-003,
4.371826820080080E+009,7.740197604455091E-003,
4.376811685325325E+009,7.848237476930545E-003,
4.381796550570571E+009,7.863684319462362E-003,
4.386781415815816E+009,7.808692320792615E-003,
4.391766281061061E+009,7.884728448497842E-003,
4.396751146306306E+009,8.136173410481798E-003,
4.401736011551552E+009,8.109615618868752E-003,
4.406720876796797E+009,8.320900026750268E-003,
4.411705742042042E+009,8.263259529544743E-003,
4.416690607287288E+009,8.256665470999548E-003,
4.421675472532533E+009,8.281060013963549E-003,
4.426660337777778E+009,8.148312028359955E-003,
4.431645203023023E+009,8.167612168401704E-003,
4.436630068268269E+009,8.137026121582557E-003,
4.441614933513514E+009,8.057416770215670E-003,
4.446599798758759E+009,7.865805195259635E-003,
4.451584664004005E+009,7.844066593012169E-003,
4.456569529249250E+009,7.811483394220069E-003,
4.461554394494494E+009,7.757229254164435E-003,
4.466539259739739E+009,7.981973457786951E-003,
4.471524124984985E+009,8.117638324467219E-003,
4.476508990230230E+009,8.298151316074396E-003,
4.481493855475475E+009,8.551389540272139E-003,
4.486478720720720E+009,8.843064492256702E-003,
4.491463585965966E+009,9.137527267475952E-003,
4.496448451211211E+009,9.637164158874492E-003,
4.501433316456456E+009,1.015950387906749E-002,
4.506418181701702E+009,1.044283119110793E-002,
4.511403046946947E+009,1.066575665390467E-002,
4.516387912192192E+009,1.092450939770285E-002,
4.521372777437437E+009,1.088035769427679E-002,
4.526357642682683E+009,1.089419086743284E-002,
4.531342507927928E+009,1.071153221889415E-002,
4.536327373173173E+009,1.052501498873535E-002,
4.541312238418419E+009,1.014955722228427E-002,
4.546297103663664E+009,9.797050796142058E-003,
4.551281968908909E+009,9.681530438428062E-003,
4.556266834154154E+009,9.374406179760831E-003,
4.561251699399400E+009,9.242094937010689E-003,
4.566236564644645E+009,9.160068569887136E-003,
4.571221429889890E+009,9.090528427815620E-003,
4.576206295135135E+009,9.147381264563393E-003,
4.581191160380381E+009,9.380221063005128E-003,
4.586176025625626E+009,9.478089034502748E-003,
4.591160890870871E+009,9.910397397726343E-003,
4.596145756116117E+009,1.024642183508373E-002,
4.601130621361362E+009,1.056960636775618E-002,
4.606115486606607E+009,1.104636943024011E-002,
4.611100351851852E+009,1.114319546925921E-002,
4.616085217097097E+009,1.134017655460116E-002,
4.621070082342342E+009,1.135344581858836E-002,
4.626054947587587E+009,1.111081033221947E-002,
4.631039812832833E+009,1.068071959130684E-002,
4.636024678078078E+009,1.014482072220750E-002,
4.641009543323323E+009,9.577775827737826E-003,
4.645994408568568E+009,9.202185096235025E-003,
4.650979273813814E+009,8.894371095732616E-003,
4.655964139059059E+009,8.660440578468270E-003,
4.660949004304304E+009,8.586906011473281E-003,
4.665933869549550E+009,8.376878298314974E-003,
4.670918734794795E+009,8.549531630182808E-003,
4.675903600040040E+009,8.812587210695586E-003,
4.680888465285285E+009,9.042034878368332E-003,
4.685873330530531E+009,9.314070063414842E-003,
4.690858195775776E+009,9.565864011082387E-003,
4.695843061021021E+009,1.000130845985893E-002,
4.700827926266266E+009,1.034452671990279E-002,
4.705812791511512E+009,1.064352497567993E-002,
4.710797656756757E+009,1.088943340264554E-002,
4.715782522002002E+009,1.097019403609602E-002,
4.720767387247248E+009,1.091389037066194E-002,
4.725752252492493E+009,1.062776513063873E-002,
4.730737117737738E+009,1.025090895169252E-002,
4.735721982982983E+009,9.618693119617206E-003,
4.740706848228229E+009,9.140250053527508E-003,
4.745691713473474E+009,8.520705583953493E-003,
4.750676578718719E+009,8.060970270526501E-003,
4.755661443963965E+009,7.456760215983131E-003,
4.760646309209209E+009,7.124442020656760E-003,
4.765631174454454E+009,6.903468520540424E-003,
4.770616039699699E+009,6.737615124631602E-003,
4.775600904944945E+009,6.567603707196582E-003,
4.780585770190190E+009,6.462467145233066E-003,
4.785570635435435E+009,6.485341665526591E-003,
4.790555500680680E+009,6.504175087702469E-003,
4.795540365925926E+009,6.732961725906725E-003,
4.800525231171171E+009,6.882513875634434E-003,
4.805510096416416E+009,7.166524845657909E-003,
4.810494961661662E+009,7.473442170531667E-003,
4.815479826906907E+009,7.592787878733514E-003,
4.820464692152152E+009,7.624008987048068E-003,
4.825449557397397E+009,7.508648108861431E-003,
4.830434422642643E+009,7.225328160544989E-003,
4.835419287887888E+009,6.963564442559354E-003,
4.840404153133133E+009,6.621199663924500E-003,
4.845389018378379E+009,6.284292273605695E-003,
4.850373883623624E+009,6.057162920118140E-003,
4.855358748868869E+009,5.899686368354622E-003,
4.860343614114114E+009,5.901451665222200E-003,
4.865328479359360E+009,5.882373403789611E-003,
4.870313344604605E+009,5.956668249211469E-003,
4.875298209849850E+009,6.030975899661048E-003,
4.880283075095095E+009,6.357555175430462E-003,
4.885267940340341E+009,6.573575974645388E-003,
4.890252805585586E+009,6.813097208109386E-003,
4.895237670830831E+009,7.264769131491686E-003,
4.900222536076077E+009,7.646072420706284E-003,
4.905207401321322E+009,8.058560405824214E-003,
4.910192266566567E+009,8.479302385784274E-003,
4.915177131811811E+009,8.794628161756864E-003,
4.920161997057057E+009,9.005687305700788E-003,
4.925146862302302E+009,9.125505915148949E-003,
4.930131727547547E+009,8.975610334501526E-003,
4.935116592792793E+009,8.768127851036455E-003,
4.940101458038038E+009,8.541537049598674E-003,
4.945086323283283E+009,8.265673713566981E-003,
4.950071188528528E+009,7.993663868410128E-003,
4.955056053773774E+009,7.884846317143816E-003,
4.960040919019019E+009,7.838425346113563E-003,
4.965025784264264E+009,7.856679328770648E-003,
4.970010649509509E+009,7.869264392289349E-003,
4.974995514754755E+009,7.966925533197491E-003,
4.979980380000000E+009,7.963770693460990E-003,
