% Version 1.00
%
% Ref Impedances: Z01: 50, Z02: 50
% 
%freq[Hz];Trc1_S21[U];
1.000000000000000E+005,2.155424842329623E-005,
5.084865245245245E+006,4.451503428996427E-004,
1.006973049049049E+007,9.043116214630174E-004,
1.505459573573574E+007,1.814233580073659E-003,
2.003946098098098E+007,2.402005175078875E-003,
2.502432622622623E+007,3.508312157550264E-003,
3.000919147147147E+007,5.073544172628925E-003,
3.499405671671671E+007,8.846890511889870E-003,
3.997892196196196E+007,1.821749549655695E-002,
4.496378720720721E+007,5.834438052042815E-002,
4.994865245245245E+007,4.551539920015708E-002,
5.493351769769770E+007,2.605785081532594E-002,
5.991838294294295E+007,2.047186396874550E-002,
6.490324818818819E+007,1.520904220208842E-002,
6.988811343343343E+007,1.234625264490138E-002,
7.487297867867868E+007,9.541060848413704E-003,
7.985784392392393E+007,7.212593024272267E-003,
8.484270916916917E+007,6.718854789723401E-003,
8.982757441441442E+007,6.205171013125515E-003,
9.481243965965965E+007,6.182276682481175E-003,
9.979730490490490E+007,6.511764562883799E-003,
1.047821701501502E+008,7.066143088668031E-003,
1.097670353953954E+008,7.834851590259827E-003,
1.147519006406407E+008,8.498129423901966E-003,
1.197367658858859E+008,9.050237789465117E-003,
1.247216311311311E+008,9.863850083919048E-003,
1.297064963763764E+008,1.169743265881918E-002,
1.346913616216216E+008,1.353049116560176E-002,
1.396762268668669E+008,1.809886467941960E-002,
1.446610921121121E+008,2.218964267022760E-002,
1.496459573573574E+008,2.841228902519888E-002,
1.546308226026026E+008,3.994469921295789E-002,
1.596156878478479E+008,7.037813860545296E-002,
1.646005530930931E+008,1.342130117652484E-001,
1.695854183383384E+008,1.547143719546232E-001,
1.745702835835836E+008,8.831937631555988E-002,
1.795551488288288E+008,5.454128766052041E-002,
1.845400140740741E+008,3.762650196517042E-002,
1.895248793193193E+008,2.885016312113028E-002,
1.945097445645646E+008,2.283467408894591E-002,
1.994946098098098E+008,1.768599322564009E-002,
2.044794750550551E+008,1.351610847421161E-002,
2.094643403003003E+008,1.033671279805704E-002,
2.144492055455456E+008,8.141842950821758E-003,
2.194340707907908E+008,6.120986910389236E-003,
2.244189360360360E+008,4.781987186081693E-003,
2.294038012812813E+008,3.881781633992827E-003,
2.343886665265265E+008,4.184603849572436E-003,
2.393735317717718E+008,6.069173476972728E-003,
2.443583970170170E+008,9.235234245874349E-003,
2.493432622622623E+008,1.367794474353815E-002,
2.543281275075075E+008,1.932935165665719E-002,
2.593129927527528E+008,2.752126679243837E-002,
2.642978579979980E+008,4.032359119784086E-002,
2.692827232432432E+008,6.335967494974662E-002,
2.742675884884885E+008,1.055353224779706E-001,
2.792524537337337E+008,1.613642106888411E-001,
2.842373189789790E+008,1.365546305256856E-001,
2.892221842242242E+008,9.230809196903708E-002,
2.942070494694695E+008,6.715291350921360E-002,
2.991919147147147E+008,5.209443315321047E-002,
3.041767799599600E+008,4.254420020338642E-002,
3.091616452052052E+008,3.611101474180226E-002,
3.141465104504505E+008,3.094003721863094E-002,
3.191313756956957E+008,2.585497941991729E-002,
3.241162409409409E+008,2.188347690812538E-002,
3.291011061861862E+008,1.842635555465346E-002,
3.340859714314314E+008,1.536503941285210E-002,
3.390708366766767E+008,1.254097363583292E-002,
3.440557019219219E+008,1.056856883500086E-002,
3.490405671671672E+008,8.933456483165393E-003,
3.540254324124124E+008,7.050164541515767E-003,
3.590102976576577E+008,5.689370881144466E-003,
3.639951629029029E+008,4.279386722581502E-003,
3.689800281481482E+008,3.228486534261229E-003,
3.739648933933934E+008,2.628730839609722E-003,
3.789497586386386E+008,2.681989892917756E-003,
3.839346238838839E+008,3.583317874458193E-003,
3.889194891291291E+008,4.661524855655482E-003,
3.939043543743744E+008,5.541425323080229E-003,
3.988892196196196E+008,6.378786819049616E-003,
4.038740848648649E+008,7.309390290461718E-003,
4.088589501101101E+008,8.778145856007374E-003,
4.138438153553554E+008,1.028366232808789E-002,
4.188286806006006E+008,1.253865283979018E-002,
4.238135458458459E+008,1.469263434925545E-002,
4.287984110910911E+008,1.584406971358499E-002,
4.337832763363363E+008,1.527314815796231E-002,
4.387681415815816E+008,1.526673463884156E-002,
4.437530068268268E+008,1.552759516307214E-002,
4.487378720720721E+008,1.619417967313582E-002,
4.537227373173173E+008,1.769672112529950E-002,
4.587076025625626E+008,1.943178140643978E-002,
4.636924678078078E+008,2.106010140135865E-002,
4.686773330530531E+008,2.344672076947672E-002,
4.736621982982983E+008,2.580004355103853E-002,
4.786470635435436E+008,2.811061043310769E-002,
4.836319287887888E+008,3.075621304607322E-002,
4.886167940340340E+008,3.308940597951759E-002,
4.936016592792793E+008,3.513256137399696E-002,
4.985865245245245E+008,3.714820861781291E-002,
5.035713897697698E+008,3.873022140131476E-002,
5.085562550150150E+008,3.991305664476615E-002,
5.135411202602603E+008,4.050517504331248E-002,
5.185259855055055E+008,4.083932041951308E-002,
5.235108507507508E+008,4.061100810041666E-002,
5.284957159959960E+008,4.082580569449403E-002,
5.334805812412412E+008,4.127106020724521E-002,
5.384654464864864E+008,4.149241557409465E-002,
5.434503117317318E+008,4.264603766623428E-002,
5.484351769769770E+008,4.423264311962880E-002,
5.534200422222222E+008,4.570793038470022E-002,
5.584049074674674E+008,4.713291769976735E-002,
5.633897727127128E+008,4.853350362880769E-002,
5.683746379579580E+008,4.995953124016758E-002,
5.733595032032032E+008,5.112024356879814E-002,
5.783443684484484E+008,5.094555246980882E-002,
5.833292336936938E+008,5.046011577686919E-002,
5.883140989389390E+008,5.014664491202791E-002,
5.932989641841842E+008,5.007196793016445E-002,
5.982838294294294E+008,5.079348003544348E-002,
6.032686946746746E+008,5.175583688314202E-002,
6.082535599199200E+008,5.230677006744028E-002,
6.132384251651652E+008,5.341716625521790E-002,
6.182232904104104E+008,5.467842433107611E-002,
6.232081556556556E+008,5.562293343725373E-002,
6.281930209009010E+008,5.716945289722655E-002,
6.331778861461462E+008,5.921702270654731E-002,
6.381627513913914E+008,6.099122306583925E-002,
6.431476166366366E+008,6.256037637633277E-002,
6.481324818818818E+008,6.505084993808222E-002,
6.531173471271272E+008,6.836073683557588E-002,
6.581022123723724E+008,7.088810724846927E-002,
6.630870776176176E+008,7.373918574862537E-002,
6.680719428628628E+008,7.830994903995836E-002,
6.730568081081082E+008,8.402325909003246E-002,
6.780416733533534E+008,8.970548545133034E-002,
6.830265385985986E+008,9.563233408601173E-002,
6.880114038438438E+008,1.014403133316531E-001,
6.929962690890890E+008,1.065918099151080E-001,
6.979811343343344E+008,1.112865104779378E-001,
7.029659995795796E+008,1.158519884699377E-001,
7.079508648248248E+008,1.206329718951964E-001,
7.129357300700700E+008,1.241664358959230E-001,
7.179205953153154E+008,1.278052504046125E-001,
7.229054605605606E+008,1.305592826695727E-001,
7.278903258058058E+008,1.334479789034896E-001,
7.328751910510510E+008,1.354706366594266E-001,
7.378600562962964E+008,1.373774338144056E-001,
7.428449215415416E+008,1.410939643315600E-001,
7.478297867867868E+008,1.458009664616595E-001,
7.528146520320320E+008,1.513672320526284E-001,
7.577995172772772E+008,1.585926795161317E-001,
7.627843825225226E+008,1.657824622101920E-001,
7.677692477677678E+008,1.727962260327330E-001,
7.727541130130130E+008,1.780037035900198E-001,
7.777389782582582E+008,1.801140250013077E-001,
7.827238435035036E+008,1.787063541405265E-001,
7.877087087487488E+008,1.751526683051236E-001,
7.926935739939940E+008,1.728308001240541E-001,
7.976784392392392E+008,1.703595871104105E-001,
8.026633044844844E+008,1.691689422499544E-001,
8.076481697297298E+008,1.678998551046905E-001,
8.126330349749750E+008,1.647970186275447E-001,
8.176179002202202E+008,1.618440511534522E-001,
8.226027654654654E+008,1.602486826180685E-001,
8.275876307107108E+008,1.579575389940911E-001,
8.325724959559560E+008,1.578781797570057E-001,
8.375573612012012E+008,1.592472086202093E-001,
8.425422264464464E+008,1.602278398487321E-001,
8.475270916916918E+008,1.620809661794364E-001,
8.525119569369370E+008,1.631726012240479E-001,
8.574968221821822E+008,1.655273226651021E-001,
8.624816874274274E+008,1.672801840585828E-001,
8.674665526726726E+008,1.674065877600445E-001,
8.724514179179180E+008,1.666584248950678E-001,
8.774362831631632E+008,1.638918911403255E-001,
8.824211484084084E+008,1.599587787211214E-001,
8.874060136536536E+008,1.555216422351771E-001,
8.923908788988990E+008,1.536836303579196E-001,
8.973757441441442E+008,1.550173713169481E-001,
9.023606093893894E+008,1.573907956297800E-001,
9.073454746346346E+008,1.595359992177133E-001,
9.123303398798798E+008,1.622402500617242E-001,
9.173152051251252E+008,1.648529568301073E-001,
9.223000703703704E+008,1.678420759269332E-001,
9.272849356156156E+008,1.703106795475058E-001,
9.322698008608608E+008,1.724410093619407E-001,
9.372546661061062E+008,1.755989417009987E-001,
9.422395313513514E+008,1.787563885162043E-001,
9.472243965965966E+008,1.791889807451288E-001,
9.522092618418418E+008,1.768860791368855E-001,
9.571941270870872E+008,1.728040409598290E-001,
9.621789923323324E+008,1.694502533959304E-001,
9.671638575775776E+008,1.662755424182554E-001,
9.721487228228228E+008,1.638156610833432E-001,
9.771335880680680E+008,1.611848582983880E-001,
9.821184533133134E+008,1.568989540176342E-001,
9.871033185585586E+008,1.513426022197749E-001,
9.920881838038038E+008,1.462458113196394E-001,
9.970730490490490E+008,1.419063375956735E-001,
1.002057914294294E+009,1.387721150398786E-001,
1.007042779539540E+009,1.362687586452582E-001,
1.012027644784785E+009,1.346512640428761E-001,
1.017012510030030E+009,1.325859846310611E-001,
1.021997375275275E+009,1.297864443216054E-001,
1.026982240520521E+009,1.275103279496062E-001,
1.031967105765766E+009,1.244896552072857E-001,
1.036951971011011E+009,1.204199272727690E-001,
1.041936836256256E+009,1.149824364357597E-001,
1.046921701501502E+009,1.095948629903424E-001,
1.051906566746747E+009,1.054387982769891E-001,
1.056891431991992E+009,1.017507112009820E-001,
1.061876297237237E+009,9.764850395113346E-002,
1.066861162482482E+009,9.416575869041836E-002,
1.071846027727728E+009,9.273314497111876E-002,
1.076830892972973E+009,9.176973350952590E-002,
1.081815758218218E+009,9.181227202837913E-002,
1.086800623463464E+009,9.272732627811182E-002,
1.091785488708709E+009,9.490612654000485E-002,
1.096770353953954E+009,9.660206179864060E-002,
1.101755219199199E+009,9.882501489997474E-002,
1.106740084444444E+009,1.005402873471512E-001,
1.111724949689690E+009,1.022587728890452E-001,
1.116709814934935E+009,1.037024799580543E-001,
1.121694680180180E+009,1.045004602807334E-001,
1.126679545425426E+009,1.048125548834525E-001,
1.131664410670671E+009,1.044120076061840E-001,
1.136649275915916E+009,1.030342639304786E-001,
1.141634141161161E+009,1.002832424649162E-001,
1.146619006406406E+009,9.686379690980704E-002,
1.151603871651652E+009,9.391433485336180E-002,
1.156588736896897E+009,9.118969834920684E-002,
1.161573602142142E+009,8.934652037625172E-002,
1.166558467387388E+009,8.832840058026584E-002,
1.171543332632633E+009,8.750374955513557E-002,
1.176528197877878E+009,8.678086344475497E-002,
1.181513063123123E+009,8.704939721585893E-002,
1.186497928368368E+009,8.747019002030787E-002,
1.191482793613614E+009,8.902141545262182E-002,
1.196467658858859E+009,9.038173529118197E-002,
1.201452524104104E+009,9.175836374177360E-002,
1.206437389349349E+009,9.259380166269446E-002,
1.211422254594595E+009,9.356513595434818E-002,
1.216407119839840E+009,9.314171854026575E-002,
1.221391985085085E+009,9.185666139225757E-002,
1.226376850330330E+009,9.049650868494497E-002,
1.231361715575576E+009,8.911913120553841E-002,
1.236346580820821E+009,8.735635686280360E-002,
1.241331446066066E+009,8.619448836267778E-002,
1.246316311311311E+009,8.547037570576183E-002,
1.251301176556557E+009,8.491125616681179E-002,
1.256286041801802E+009,8.415363407623135E-002,
1.261270907047047E+009,8.364268029040141E-002,
1.266255772292292E+009,8.455890406280582E-002,
1.271240637537538E+009,8.496631881987059E-002,
1.276225502782783E+009,8.505276575647004E-002,
1.281210368028028E+009,8.565448793503024E-002,
1.286195233273273E+009,8.674818283490539E-002,
1.291180098518518E+009,8.769822800105238E-002,
1.296164963763764E+009,8.936535087394414E-002,
1.301149829009009E+009,9.106082097169632E-002,
1.306134694254254E+009,9.231778685997399E-002,
1.311119559499500E+009,9.170945879852215E-002,
1.316104424744745E+009,8.890586984705462E-002,
1.321089289989990E+009,8.553109697834829E-002,
1.326074155235235E+009,8.187097278004575E-002,
1.331059020480480E+009,7.768803678109407E-002,
1.336043885725726E+009,7.481775904001245E-002,
1.341028750970971E+009,7.220980796858881E-002,
1.346013616216216E+009,6.977479224524728E-002,
1.350998481461462E+009,6.672282067979282E-002,
1.355983346706707E+009,6.566384335442811E-002,
1.360968211951952E+009,6.400481683384504E-002,
1.365953077197197E+009,6.256855951022058E-002,
1.370937942442442E+009,6.145202226729874E-002,
1.375922807687688E+009,6.122809569412558E-002,
1.380907672932933E+009,6.107363107084032E-002,
1.385892538178178E+009,6.110533484987211E-002,
1.390877403423424E+009,6.076705314560802E-002,
1.395862268668669E+009,5.954044400928054E-002,
1.400847133913914E+009,5.781595108485068E-002,
1.405831999159159E+009,5.599152421583707E-002,
1.410816864404404E+009,5.363572658446353E-002,
1.415801729649650E+009,5.243647324010255E-002,
1.420786594894895E+009,5.129594520872791E-002,
1.425771460140140E+009,5.069013119871986E-002,
1.430756325385386E+009,5.038103686915939E-002,
1.435741190630631E+009,5.000218402107276E-002,
1.440726055875876E+009,5.020623564297434E-002,
1.445710921121121E+009,5.060757670817907E-002,
1.450695786366366E+009,5.102116811197387E-002,
1.455680651611612E+009,5.177785008861204E-002,
1.460665516856857E+009,5.191345010158781E-002,
1.465650382102102E+009,5.160560166034659E-002,
1.470635247347347E+009,5.094339376179111E-002,
1.475620112592593E+009,4.951241972551453E-002,
1.480604977837838E+009,4.881908124533723E-002,
1.485589843083083E+009,4.783237112872339E-002,
1.490574708328328E+009,4.690732494988226E-002,
1.495559573573574E+009,4.643079561935561E-002,
1.500544438818819E+009,4.592725697167235E-002,
1.505529304064064E+009,4.487844795326760E-002,
1.510514169309309E+009,4.336379664062495E-002,
1.515499034554555E+009,4.277170089177274E-002,
1.520483899799800E+009,4.170511491808386E-002,
1.525468765045045E+009,4.075209685353979E-002,
1.530453630290290E+009,4.003869749139098E-002,
1.535438495535536E+009,3.950729295507933E-002,
1.540423360780781E+009,3.965357065193252E-002,
1.545408226026026E+009,4.058269152849960E-002,
1.550393091271271E+009,4.163727599441139E-002,
1.555377956516516E+009,4.289018814998571E-002,
1.560362821761762E+009,4.387938489606997E-002,
1.565347687007007E+009,4.528839592028346E-002,
1.570332552252252E+009,4.634073110527069E-002,
1.575317417497498E+009,4.649264174404635E-002,
1.580302282742743E+009,4.620654998470551E-002,
1.585287147987988E+009,4.578631267527875E-002,
1.590272013233233E+009,4.473848358324614E-002,
1.595256878478478E+009,4.510323746954446E-002,
1.600241743723724E+009,4.533368117104391E-002,
1.605226608968969E+009,4.593503970590925E-002,
1.610211474214214E+009,4.691819689643189E-002,
1.615196339459460E+009,4.749631837400650E-002,
1.620181204704705E+009,4.817680565688526E-002,
1.625166069949950E+009,4.917789175185176E-002,
1.630150935195195E+009,4.922054571667853E-002,
1.635135800440440E+009,4.936174885118779E-002,
1.640120665685686E+009,4.899134482349599E-002,
1.645105530930931E+009,4.808862708877860E-002,
1.650090396176176E+009,4.705730447696878E-002,
1.655075261421422E+009,4.630330823356493E-002,
1.660060126666667E+009,4.553605983558443E-002,
1.665044991911912E+009,4.382621440790640E-002,
1.670029857157157E+009,4.340793891593098E-002,
1.675014722402402E+009,4.331747953945161E-002,
1.679999587647648E+009,4.286131328214764E-002,
1.684984452892893E+009,4.283709444362595E-002,
1.689969318138138E+009,4.209706259381080E-002,
1.694954183383384E+009,4.126043922518017E-002,
1.699939048628629E+009,3.960573364794884E-002,
1.704923913873874E+009,3.789052028736686E-002,
1.709908779119119E+009,3.661907728417994E-002,
1.714893644364364E+009,3.521695274976740E-002,
1.719878509609610E+009,3.381107545122075E-002,
1.724863374854855E+009,3.235953487191787E-002,
1.729848240100100E+009,3.231650384934585E-002,
1.734833105345345E+009,3.259494318436084E-002,
1.739817970590591E+009,3.442142694639752E-002,
1.744802835835836E+009,3.616141047869004E-002,
1.749787701081081E+009,3.793323488936744E-002,
1.754772566326326E+009,3.962547645057547E-002,
1.759757431571572E+009,4.088072513440427E-002,
1.764742296816817E+009,4.139838385849012E-002,
1.769727162062062E+009,4.181914997232698E-002,
1.774712027307307E+009,4.175207697850521E-002,
1.779696892552553E+009,4.118466198795943E-002,
1.784681757797798E+009,4.084072275390291E-002,
1.789666623043043E+009,4.194709860320151E-002,
1.794651488288288E+009,4.405297665642896E-002,
1.799636353533534E+009,4.687896920994684E-002,
1.804621218778779E+009,4.801452763952819E-002,
1.809606084024024E+009,4.859980821310060E-002,
1.814590949269269E+009,4.849671277394620E-002,
1.819575814514514E+009,4.778658556452689E-002,
1.824560679759760E+009,4.672457987981545E-002,
1.829545545005005E+009,4.529094082630625E-002,
1.834530410250250E+009,4.419255406392771E-002,
1.839515275495496E+009,4.323608288492006E-002,
1.844500140740741E+009,4.268385885804807E-002,
1.849485005985986E+009,4.169163425956655E-002,
1.854469871231231E+009,4.118524344199528E-002,
1.859454736476476E+009,4.041051250978487E-002,
1.864439601721722E+009,3.999217450217333E-002,
1.869424466966967E+009,3.933867988875966E-002,
1.874409332212212E+009,3.838470631409367E-002,
1.879394197457458E+009,3.668003256184991E-002,
1.884379062702703E+009,3.412797929798164E-002,
1.889363927947948E+009,3.187961730945296E-002,
1.894348793193193E+009,2.985658490905079E-002,
1.899333658438438E+009,2.763032013661909E-002,
1.904318523683684E+009,2.628806357414999E-002,
1.909303388928929E+009,2.448769419895666E-002,
1.914288254174174E+009,2.293761243141381E-002,
1.919273119419420E+009,2.173164151107780E-002,
1.924257984664665E+009,2.077101082701460E-002,
1.929242849909910E+009,1.963262539870217E-002,
1.934227715155155E+009,1.818190748262999E-002,
1.939212580400400E+009,1.692713511021971E-002,
1.944197445645646E+009,1.547390854444722E-002,
1.949182310890891E+009,1.405102079264389E-002,
1.954167176136136E+009,1.304607260232059E-002,
1.959152041381382E+009,1.317481436991510E-002,
1.964136906626627E+009,1.302170721746136E-002,
1.969121771871872E+009,1.237412754742670E-002,
1.974106637117117E+009,1.193654607248128E-002,
1.979091502362362E+009,1.133573971853030E-002,
1.984076367607608E+009,1.091829214781493E-002,
1.989061232852853E+009,9.875481589451875E-003,
1.994046098098098E+009,9.890636117474370E-003,
1.999030963343343E+009,9.265167213830706E-003,
2.004015828588589E+009,8.892963372810129E-003,
2.009000693833834E+009,8.428935284032210E-003,
2.013985559079079E+009,8.153132096686562E-003,
2.018970424324324E+009,7.667220668543999E-003,
2.023955289569570E+009,7.714933901911395E-003,
2.028940154814815E+009,7.954833464207351E-003,
2.033925020060060E+009,7.830850487968307E-003,
2.038909885305305E+009,8.309073454258079E-003,
2.043894750550551E+009,8.458352656110857E-003,
2.048879615795796E+009,8.097810892009371E-003,
2.053864481041041E+009,8.453583958008187E-003,
2.058849346286286E+009,8.244832432345856E-003,
2.063834211531532E+009,8.025156022261610E-003,
2.068819076776777E+009,8.661459215785599E-003,
2.073803942022022E+009,7.946105886421124E-003,
2.078788807267267E+009,7.418753088257333E-003,
2.083773672512512E+009,6.671170697754186E-003,
2.088758537757758E+009,5.912332209326025E-003,
2.093743403003003E+009,5.197214618539629E-003,
2.098728268248248E+009,4.699930572696345E-003,
2.103713133493494E+009,4.794574913377446E-003,
2.108697998738739E+009,5.450000509596062E-003,
2.113682863983984E+009,6.435190618353947E-003,
2.118667729229229E+009,7.104366654887694E-003,
2.123652594474474E+009,7.559616305491739E-003,
2.128637459719720E+009,7.760652944189037E-003,
2.133622324964965E+009,7.918164091013069E-003,
2.138607190210210E+009,8.140898772627614E-003,
2.143592055455456E+009,8.530230104234678E-003,
2.148576920700701E+009,8.813915863281412E-003,
2.153561785945946E+009,9.117198277751447E-003,
2.158546651191191E+009,9.109867116366700E-003,
2.163531516436437E+009,9.622196452993729E-003,
2.168516381681682E+009,1.001718592271508E-002,
2.173501246926927E+009,1.029425148393912E-002,
2.178486112172172E+009,1.113062813733658E-002,
2.183470977417418E+009,1.185440585193903E-002,
2.188455842662663E+009,1.253940185206475E-002,
2.193440707907908E+009,1.303842716676818E-002,
2.198425573153153E+009,1.399259539897506E-002,
2.203410438398398E+009,1.452994779654441E-002,
2.208395303643644E+009,1.535162604672875E-002,
2.213380168888889E+009,1.596003240444374E-002,
2.218365034134134E+009,1.685897500624008E-002,
2.223349899379379E+009,1.727013885176530E-002,
2.228334764624625E+009,1.806554190760668E-002,
2.233319629869870E+009,1.883117391125383E-002,
2.238304495115115E+009,1.869799641566011E-002,
2.243289360360360E+009,1.861300024510917E-002,
2.248274225605606E+009,1.837552400078620E-002,
2.253259090850851E+009,1.826001144459035E-002,
2.258243956096096E+009,1.796921971988299E-002,
2.263228821341342E+009,1.782952550845686E-002,
2.268213686586587E+009,1.800079433190167E-002,
2.273198551831832E+009,1.773846316015518E-002,
2.278183417077077E+009,1.842324159681501E-002,
2.283168282322322E+009,1.869717444237382E-002,
2.288153147567567E+009,1.925951925108601E-002,
2.293138012812813E+009,2.009355384632813E-002,
2.298122878058058E+009,2.126481174284426E-002,
2.303107743303303E+009,2.214052229036469E-002,
2.308092608548549E+009,2.319413844550150E-002,
2.313077473793794E+009,2.423461928795226E-002,
2.318062339039039E+009,2.530468731536662E-002,
2.323047204284284E+009,2.626751792529051E-002,
2.328032069529530E+009,2.661343014854816E-002,
2.333016934774775E+009,2.742824574473319E-002,
2.338001800020020E+009,2.765978375213021E-002,
2.342986665265266E+009,2.811033492103140E-002,
2.347971530510510E+009,2.853426570851726E-002,
2.352956395755756E+009,2.939342768901171E-002,
2.357941261001001E+009,3.057713659829783E-002,
2.362926126246246E+009,3.101887043487785E-002,
2.367910991491491E+009,3.223251343897145E-002,
2.372895856736737E+009,3.312065733698526E-002,
2.377880721981982E+009,3.396907212310411E-002,
2.382865587227227E+009,3.512426417822800E-002,
2.387850452472473E+009,3.610664078303399E-002,
2.392835317717718E+009,3.702011039964312E-002,
2.397820182962963E+009,3.871906923891508E-002,
2.402805048208208E+009,3.923602042709063E-002,
2.407789913453454E+009,4.019121918565183E-002,
2.412774778698699E+009,4.097019423609769E-002,
2.417759643943944E+009,4.223305228036522E-002,
2.422744509189189E+009,4.304643371314418E-002,
2.427729374434434E+009,4.349083701253366E-002,
2.432714239679680E+009,4.268284882910900E-002,
2.437699104924925E+009,4.190945912596766E-002,
2.442683970170170E+009,4.112661502068321E-002,
2.447668835415415E+009,4.086822754641184E-002,
2.452653700660661E+009,3.992430186418810E-002,
2.457638565905906E+009,3.995419863156689E-002,
2.462623431151151E+009,3.953642361101942E-002,
2.467608296396397E+009,3.862611579227011E-002,
2.472593161641642E+009,3.750420738308968E-002,
2.477578026886887E+009,3.659658213840475E-002,
2.482562892132132E+009,3.616839508720633E-002,
2.487547757377378E+009,3.485166357870956E-002,
2.492532622622623E+009,3.490209902016637E-002,
2.497517487867868E+009,3.503021416569170E-002,
2.502502353113113E+009,3.506145297218137E-002,
2.507487218358358E+009,3.611850243500942E-002,
2.512472083603604E+009,3.755722718486352E-002,
2.517456948848849E+009,3.807357531422469E-002,
2.522441814094094E+009,3.884312116748354E-002,
2.527426679339339E+009,3.991429085960613E-002,
2.532411544584585E+009,4.018379083437414E-002,
2.537396409829830E+009,4.136775451891640E-002,
2.542381275075075E+009,4.221835067484428E-002,
2.547366140320320E+009,4.219144313548404E-002,
2.552351005565566E+009,4.201409291780536E-002,
2.557335870810811E+009,4.161440543535510E-002,
2.562320736056056E+009,4.157808274375730E-002,
2.567305601301302E+009,4.151629137750944E-002,
2.572290466546547E+009,4.112760497598086E-002,
2.577275331791792E+009,4.058507490356744E-002,
2.582260197037037E+009,4.062214883119795E-002,
2.587245062282282E+009,4.092047301742724E-002,
2.592229927527527E+009,4.072521355680262E-002,
2.597214792772773E+009,4.098007552083178E-002,
2.602199658018018E+009,4.145776548765608E-002,
2.607184523263263E+009,4.173613867804293E-002,
2.612169388508509E+009,4.234705705390662E-002,
2.617154253753754E+009,4.279964383774540E-002,
2.622139118998999E+009,4.372276823797888E-002,
2.627123984244244E+009,4.399303263226116E-002,
2.632108849489490E+009,4.489786811620817E-002,
2.637093714734735E+009,4.559016247686389E-002,
2.642078579979980E+009,4.595949766521779E-002,
2.647063445225225E+009,4.592114009965152E-002,
2.652048310470470E+009,4.585699141545650E-002,
2.657033175715716E+009,4.580383470102484E-002,
2.662018040960961E+009,4.478696082999274E-002,
2.667002906206206E+009,4.486932734048249E-002,
2.671987771451451E+009,4.419650775271600E-002,
2.676972636696697E+009,4.362161174474501E-002,
2.681957501941942E+009,4.354229054831452E-002,
2.686942367187187E+009,4.299143120199628E-002,
2.691927232432433E+009,4.398485274059182E-002,
2.696912097677678E+009,4.332414671171105E-002,
2.701896962922923E+009,4.302274956774430E-002,
2.706881828168168E+009,4.295805319175974E-002,
2.711866693413414E+009,4.279761357701755E-002,
2.716851558658659E+009,4.247587618405613E-002,
2.721836423903904E+009,4.238086264099884E-002,
2.726821289149149E+009,4.224849337910318E-002,
2.731806154394394E+009,4.162492740463304E-002,
2.736791019639640E+009,4.055510139527013E-002,
2.741775884884885E+009,3.916406694444935E-002,
2.746760750130130E+009,3.800930452535985E-002,
2.751745615375375E+009,3.699494679356979E-002,
2.756730480620621E+009,3.518641146144207E-002,
2.761715345865866E+009,3.379295135585550E-002,
2.766700211111111E+009,3.259936433250672E-002,
2.771685076356356E+009,3.069262162853420E-002,
2.776669941601602E+009,3.029986620755152E-002,
2.781654806846847E+009,2.866225538563776E-002,
2.786639672092092E+009,2.712046524148962E-002,
2.791624537337338E+009,2.601700065618258E-002,
2.796609402582583E+009,2.461095461559725E-002,
2.801594267827828E+009,2.417988478508511E-002,
2.806579133073073E+009,2.326965343540033E-002,
2.811563998318318E+009,2.271660299664038E-002,
2.816548863563564E+009,2.220021699991482E-002,
2.821533728808809E+009,2.223754185517973E-002,
2.826518594054054E+009,2.221771692762678E-002,
2.831503459299299E+009,2.224407156817195E-002,
2.836488324544545E+009,2.242623521290230E-002,
2.841473189789790E+009,2.172807497535067E-002,
2.846458055035035E+009,2.235954351783645E-002,
2.851442920280280E+009,2.197328857395832E-002,
2.856427785525526E+009,2.219925647571333E-002,
2.861412650770771E+009,2.159230503637566E-002,
2.866397516016016E+009,2.136299684019542E-002,
2.871382381261262E+009,2.089512210168814E-002,
2.876367246506506E+009,1.976600018304743E-002,
2.881352111751752E+009,1.948630063979473E-002,
2.886336976996997E+009,1.829125543347893E-002,
2.891321842242242E+009,1.711561977119303E-002,
2.896306707487487E+009,1.644492707614810E-002,
2.901291572732733E+009,1.515614462646470E-002,
2.906276437977978E+009,1.400223582450519E-002,
2.911261303223223E+009,1.313419908493972E-002,
2.916246168468469E+009,1.217259681154417E-002,
2.921231033713714E+009,1.103344866752025E-002,
2.926215898958959E+009,1.081275494785012E-002,
2.931200764204204E+009,1.032828718854907E-002,
2.936185629449450E+009,9.910714590506364E-003,
2.941170494694695E+009,9.547336625512744E-003,
2.946155359939940E+009,9.200189281183652E-003,
2.951140225185185E+009,8.895404967465440E-003,
2.956125090430430E+009,8.355919392150515E-003,
2.961109955675676E+009,7.795011208034955E-003,
2.966094820920921E+009,7.297806675588621E-003,
2.971079686166166E+009,6.446881069430291E-003,
2.976064551411411E+009,5.646198324827969E-003,
2.981049416656657E+009,4.895399452387764E-003,
2.986034281901902E+009,4.358968308541116E-003,
2.991019147147147E+009,3.835684120594215E-003,
2.996004012392393E+009,3.532968553256475E-003,
3.000988877637638E+009,3.363320748252134E-003,
3.005973742882883E+009,3.274244278788769E-003,
3.010958608128128E+009,3.134205286729365E-003,
3.015943473373374E+009,3.046082158615811E-003,
3.020928338618619E+009,2.923096795328560E-003,
3.025913203863864E+009,2.774257392259349E-003,
3.030898069109109E+009,2.744296821975391E-003,
3.035882934354354E+009,2.729274484486234E-003,
3.040867799599600E+009,2.698311200225319E-003,
3.045852664844845E+009,2.746444250366371E-003,
3.050837530090090E+009,2.911012227472706E-003,
3.055822395335335E+009,3.160211556574144E-003,
3.060807260580581E+009,3.520498540548790E-003,
3.065792125825826E+009,3.909690676228860E-003,
3.070776991071071E+009,4.494042531886729E-003,
3.075761856316316E+009,4.990485425036144E-003,
3.080746721561562E+009,5.387377826706702E-003,
3.085731586806807E+009,5.678828556231596E-003,
3.090716452052052E+009,6.038080061971155E-003,
3.095701317297298E+009,6.384339825415231E-003,
3.100686182542543E+009,6.686726179333116E-003,
3.105671047787788E+009,6.768912594390567E-003,
3.110655913033033E+009,6.762768334783811E-003,
3.115640778278278E+009,6.633533853835950E-003,
3.120625643523523E+009,6.627640080731382E-003,
3.125610508768769E+009,6.681318951323135E-003,
3.130595374014014E+009,6.786712348821499E-003,
3.135580239259259E+009,6.784546828053944E-003,
3.140565104504505E+009,6.771054446243254E-003,
3.145549969749750E+009,6.937696191498970E-003,
3.150534834994995E+009,7.104282718515547E-003,
3.155519700240240E+009,7.384906872376241E-003,
3.160504565485486E+009,7.843345991747470E-003,
3.165489430730731E+009,8.191320899707835E-003,
3.170474295975976E+009,8.573007507073020E-003,
3.175459161221221E+009,8.958252992012319E-003,
3.180444026466466E+009,9.504497924215859E-003,
3.185428891711712E+009,1.000865928298756E-002,
3.190413756956957E+009,1.054438757218003E-002,
3.195398622202202E+009,1.106058325747036E-002,
3.200383487447447E+009,1.142066235419415E-002,
3.205368352692693E+009,1.168283702385939E-002,
3.210353217937938E+009,1.196712078009603E-002,
3.215338083183183E+009,1.220663903983437E-002,
3.220322948428429E+009,1.236243453906631E-002,
3.225307813673674E+009,1.258218531864458E-002,
3.230292678918919E+009,1.302815551735300E-002,
3.235277544164164E+009,1.347874972201303E-002,
3.240262409409410E+009,1.391290528889945E-002,
3.245247274654655E+009,1.441276465366686E-002,
3.250232139899900E+009,1.559044654158684E-002,
3.255217005145145E+009,1.663732994722378E-002,
3.260201870390390E+009,1.679674305966713E-002,
3.265186735635636E+009,1.729493595308596E-002,
3.270171600880881E+009,1.765923915338149E-002,
3.275156466126126E+009,1.794022935335949E-002,
3.280141331371371E+009,1.813746820748828E-002,
3.285126196616617E+009,1.831103703117680E-002,
3.290111061861862E+009,1.773648524773311E-002,
3.295095927107107E+009,1.879875309777390E-002,
3.300080792352352E+009,1.886724528555393E-002,
3.305065657597598E+009,1.895762538356409E-002,
3.310050522842843E+009,1.930580859481545E-002,
3.315035388088088E+009,1.920061458021284E-002,
3.320020253333334E+009,1.876224969004879E-002,
3.325005118578579E+009,1.950195004781347E-002,
3.329989983823824E+009,1.965226327408943E-002,
3.334974849069069E+009,1.890374614308551E-002,
3.339959714314314E+009,1.905508214612940E-002,
3.344944579559560E+009,1.906867344700838E-002,
3.349929444804805E+009,1.960601439447581E-002,
3.354914310050050E+009,1.919553882431166E-002,
3.359899175295295E+009,2.003626496459605E-002,
3.364884040540541E+009,2.113609595251866E-002,
3.369868905785786E+009,2.159336085296500E-002,
3.374853771031031E+009,2.181849570188586E-002,
3.379838636276276E+009,2.148875872844675E-002,
3.384823501521522E+009,2.238250095815554E-002,
3.389808366766767E+009,2.240019152971389E-002,
3.394793232012012E+009,2.236969688123075E-002,
3.399778097257258E+009,2.244699837222496E-002,
3.404762962502502E+009,2.359120754397669E-002,
3.409747827747748E+009,2.335105565044614E-002,
3.414732692992993E+009,2.421163632592834E-002,
3.419717558238238E+009,2.407270462033152E-002,
3.424702423483483E+009,2.493498867274340E-002,
3.429687288728729E+009,2.426503998496786E-002,
3.434672153973974E+009,2.536955466553496E-002,
3.439657019219219E+009,2.508287202163621E-002,
3.444641884464465E+009,2.510030916453850E-002,
3.449626749709710E+009,2.493159651850659E-002,
3.454611614954955E+009,2.531419774499389E-002,
3.459596480200200E+009,2.477628526993463E-002,
3.464581345445446E+009,2.423124721624196E-002,
3.469566210690691E+009,2.553920106578561E-002,
3.474551075935936E+009,2.455385632829580E-002,
3.479535941181181E+009,2.534857937288177E-002,
3.484520806426426E+009,2.519807177729837E-002,
3.489505671671672E+009,2.513297542540371E-002,
3.494490536916917E+009,2.524308027319899E-002,
3.499475402162162E+009,2.523214537785963E-002,
3.504460267407407E+009,2.554541317283068E-002,
3.509445132652653E+009,2.519653361517016E-002,
3.514429997897898E+009,2.475363305534434E-002,
3.519414863143143E+009,2.437624302007959E-002,
3.524399728388389E+009,2.436552206055351E-002,
3.529384593633634E+009,2.378137660713210E-002,
3.534369458878879E+009,2.310891029149318E-002,
3.539354324124124E+009,2.265920459317460E-002,
3.544339189369370E+009,2.189807888976639E-002,
3.549324054614615E+009,2.143851881398092E-002,
3.554308919859860E+009,2.121518723731602E-002,
3.559293785105105E+009,2.132065755785336E-002,
3.564278650350350E+009,2.104933414833575E-002,
3.569263515595596E+009,2.112841586502637E-002,
3.574248380840841E+009,2.213399794990846E-002,
3.579233246086086E+009,2.180618275891263E-002,
3.584218111331331E+009,2.283234540401990E-002,
3.589202976576577E+009,2.308907233702554E-002,
3.594187841821822E+009,2.410689345011144E-002,
3.599172707067067E+009,2.429222944268204E-002,
3.604157572312312E+009,2.444100205138595E-002,
3.609142437557558E+009,2.519819756201163E-002,
3.614127302802803E+009,2.518679440044497E-002,
3.619112168048048E+009,2.444154839143304E-002,
3.624097033293294E+009,2.459911307939681E-002,
3.629081898538539E+009,2.387035754748035E-002,
3.634066763783784E+009,2.318020655551893E-002,
3.639051629029029E+009,2.271683348889564E-002,
3.644036494274274E+009,2.278407321067751E-002,
3.649021359519519E+009,2.137222746798003E-002,
3.654006224764765E+009,2.108960986058403E-002,
3.658991090010010E+009,2.108002985574051E-002,
3.663975955255255E+009,2.029143102580448E-002,
3.668960820500501E+009,2.019154161819737E-002,
3.673945685745746E+009,1.966009919059947E-002,
3.678930550990991E+009,1.972718772077936E-002,
3.683915416236236E+009,1.887192359686508E-002,
3.688900281481482E+009,1.849255649738869E-002,
3.693885146726727E+009,1.891292142686076E-002,
3.698870011971972E+009,1.846713969462010E-002,
3.703854877217217E+009,1.826721599857699E-002,
3.708839742462462E+009,1.817873084150629E-002,
3.713824607707708E+009,1.786299873976992E-002,
3.718809472952953E+009,1.821673621432452E-002,
3.723794338198198E+009,1.746879302314177E-002,
3.728779203443443E+009,1.745183923385882E-002,
3.733764068688689E+009,1.614727470050116E-002,
3.738748933933934E+009,1.707538130463258E-002,
3.743733799179179E+009,1.697341521537016E-002,
3.748718664424425E+009,1.690084853368604E-002,
3.753703529669670E+009,1.638347486747079E-002,
3.758688394914915E+009,1.628494646145695E-002,
3.763673260160160E+009,1.683718167361588E-002,
3.768658125405406E+009,1.665140426245138E-002,
3.773642990650651E+009,1.728897337370573E-002,
3.778627855895896E+009,1.724773575298492E-002,
3.783612721141141E+009,1.675182455042619E-002,
3.788597586386386E+009,1.695855385454638E-002,
3.793582451631632E+009,1.672202451587252E-002,
3.798567316876877E+009,1.632807662984370E-002,
3.803552182122122E+009,1.625782015391010E-002,
3.808537047367367E+009,1.618302367169902E-002,
3.813521912612613E+009,1.483815425353208E-002,
3.818506777857858E+009,1.503087180821235E-002,
3.823491643103103E+009,1.459162665179936E-002,
3.828476508348349E+009,1.327664262546656E-002,
3.833461373593594E+009,1.322661781369475E-002,
3.838446238838839E+009,1.294247803662433E-002,
3.843431104084084E+009,1.253519144118917E-002,
3.848415969329330E+009,1.219673208902788E-002,
3.853400834574575E+009,1.203308980241666E-002,
3.858385699819820E+009,1.199029756242431E-002,
3.863370565065065E+009,1.189959640972586E-002,
3.868355430310310E+009,1.201089076374735E-002,
3.873340295555556E+009,1.219339015126917E-002,
3.878325160800801E+009,1.232913810624970E-002,
3.883310026046046E+009,1.247622679536740E-002,
3.888294891291291E+009,1.258287895153669E-002,
3.893279756536537E+009,1.243602944205767E-002,
3.898264621781782E+009,1.238546149300100E-002,
3.903249487027027E+009,1.225752120056706E-002,
3.908234352272272E+009,1.225926506012662E-002,
3.913219217517518E+009,1.231627980016212E-002,
3.918204082762763E+009,1.221242231074517E-002,
3.923188948008008E+009,1.197083942736253E-002,
3.928173813253254E+009,1.170270611272764E-002,
3.933158678498498E+009,1.159663050032668E-002,
3.938143543743744E+009,1.145288308924690E-002,
3.943128408988989E+009,1.146881582104166E-002,
3.948113274234234E+009,1.172009122753311E-002,
3.953098139479479E+009,1.187090432707454E-002,
3.958083004724725E+009,1.192890250721391E-002,
3.963067869969970E+009,1.215968981036326E-002,
3.968052735215215E+009,1.248886616746951E-002,
3.973037600460461E+009,1.266081681096057E-002,
3.978022465705706E+009,1.269742382948990E-002,
3.983007330950951E+009,1.267205433333481E-002,
3.987992196196196E+009,1.266823141307380E-002,
3.992977061441442E+009,1.253111022094558E-002,
3.997961926686687E+009,1.223865811681954E-002,
4.002946791931932E+009,1.187936942331661E-002,
4.007931657177177E+009,1.159983119858518E-002,
4.012916522422422E+009,1.128336641734112E-002,
4.017901387667668E+009,1.113378825759908E-002,
4.022886252912913E+009,1.095520092990006E-002,
4.027871118158158E+009,1.092085788071775E-002,
4.032855983403403E+009,1.093447745675724E-002,
4.037840848648649E+009,1.095947082319442E-002,
4.042825713893894E+009,1.126309207498878E-002,
4.047810579139139E+009,1.154360063321324E-002,
4.052795444384385E+009,1.183800659502775E-002,
4.057780309629630E+009,1.203520928115765E-002,
4.062765174874875E+009,1.224185172507845E-002,
4.067750040120120E+009,1.250254351594142E-002,
4.072734905365366E+009,1.280733488266798E-002,
4.077719770610611E+009,1.301304701440998E-002,
4.082704635855856E+009,1.329179555458157E-002,
4.087689501101101E+009,1.327916476698718E-002,
4.092674366346346E+009,1.316288214906064E-002,
4.097659231591592E+009,1.309446083112727E-002,
4.102644096836837E+009,1.287125715781180E-002,
4.107628962082082E+009,1.271352881536404E-002,
4.112613827327327E+009,1.253233061455606E-002,
4.117598692572573E+009,1.232799058313077E-002,
4.122583557817818E+009,1.203205412832550E-002,
4.127568423063063E+009,1.165612459378639E-002,
4.132553288308308E+009,1.156169117607783E-002,
4.137538153553554E+009,1.157211545544994E-002,
4.142523018798799E+009,1.170887750781951E-002,
4.147507884044044E+009,1.190102237649448E-002,
4.152492749289290E+009,1.216470080564620E-002,
4.157477614534535E+009,1.236764342469180E-002,
4.162462479779780E+009,1.250054099744409E-002,
4.167447345025025E+009,1.282429775134189E-002,
4.172432210270270E+009,1.289482413857448E-002,
4.177417075515515E+009,1.286474247262087E-002,
4.182401940760761E+009,1.286548802891076E-002,
4.187386806006006E+009,1.265607885051757E-002,
4.192371671251251E+009,1.249173822774634E-002,
4.197356536496497E+009,1.224822422469749E-002,
4.202341401741742E+009,1.203224752634353E-002,
4.207326266986987E+009,1.167637674128571E-002,
4.212311132232232E+009,1.134927875411915E-002,
4.217295997477478E+009,1.109250765980478E-002,
4.222280862722723E+009,1.098750286162086E-002,
4.227265727967968E+009,1.096043052767861E-002,
4.232250593213213E+009,1.092887653226378E-002,
4.237235458458458E+009,1.092383282274509E-002,
4.242220323703704E+009,1.089965683968247E-002,
4.247205188948949E+009,1.091016794083474E-002,
4.252190054194194E+009,1.107555283424683E-002,
4.257174919439439E+009,1.127467060616050E-002,
4.262159784684685E+009,1.137160550152156E-002,
4.267144649929930E+009,1.154907184285556E-002,
4.272129515175175E+009,1.170971231113886E-002,
4.277114380420421E+009,1.166488829341990E-002,
4.282099245665666E+009,1.170440037915052E-002,
4.287084110910911E+009,1.155449908201643E-002,
4.292068976156156E+009,1.129460477668909E-002,
4.297053841401402E+009,1.105538347203702E-002,
4.302038706646647E+009,1.070657957636964E-002,
4.307023571891892E+009,1.042331312783705E-002,
4.312008437137137E+009,1.007675274113681E-002,
4.316993302382382E+009,9.845497029558437E-003,
4.321978167627627E+009,9.685932696857268E-003,
4.326963032872873E+009,9.426847858781694E-003,
4.331947898118118E+009,9.275180558555533E-003,
4.336932763363363E+009,9.126667920826405E-003,
4.341917628608608E+009,9.023822936593807E-003,
4.346902493853854E+009,8.780569329188165E-003,
4.351887359099099E+009,8.643470706441881E-003,
4.356872224344344E+009,8.503027554825120E-003,
4.361857089589590E+009,8.339263107970792E-003,
4.366841954834835E+009,8.178890154864973E-003,
4.371826820080080E+009,8.047655388832328E-003,
4.376811685325325E+009,7.893273042423869E-003,
4.381796550570571E+009,7.747300256334046E-003,
4.386781415815816E+009,7.676658286108136E-003,
4.391766281061061E+009,7.639925636569627E-003,
4.396751146306306E+009,7.618393975913877E-003,
4.401736011551552E+009,7.534234473845095E-003,
4.406720876796797E+009,7.481331225385880E-003,
4.411705742042042E+009,7.538468156318428E-003,
4.416690607287288E+009,7.353201506906691E-003,
4.421675472532533E+009,7.167542221501141E-003,
4.426660337777778E+009,7.005574775782236E-003,
4.431645203023023E+009,6.979825302341219E-003,
4.436630068268269E+009,6.890575819109639E-003,
4.441614933513514E+009,6.695304804427745E-003,
4.446599798758759E+009,6.505409233988786E-003,
4.451584664004005E+009,6.446967432939268E-003,
4.456569529249250E+009,6.336013466906215E-003,
4.461554394494494E+009,6.348486644028370E-003,
4.466539259739739E+009,6.419983314907855E-003,
4.471524124984985E+009,6.580729936808627E-003,
4.476508990230230E+009,6.687597575874669E-003,
4.481493855475475E+009,6.836688890871635E-003,
4.486478720720720E+009,6.977925143287722E-003,
4.491463585965966E+009,7.331111999225657E-003,
4.496448451211211E+009,7.598501560700313E-003,
4.501433316456456E+009,7.914884341631919E-003,
4.506418181701702E+009,8.226373598415087E-003,
4.511403046946947E+009,8.330687613681900E-003,
4.516387912192192E+009,8.509621105830688E-003,
4.521372777437437E+009,8.566431278204782E-003,
4.526357642682683E+009,8.519465727155735E-003,
4.531342507927928E+009,8.384359866539548E-003,
4.536327373173173E+009,8.311869336883613E-003,
4.541312238418419E+009,8.000552927912246E-003,
4.546297103663664E+009,7.889059870185749E-003,
4.551281968908909E+009,7.549779185486846E-003,
4.556266834154154E+009,7.392487380684255E-003,
4.561251699399400E+009,7.344796858038321E-003,
4.566236564644645E+009,7.245495645284700E-003,
4.571221429889890E+009,7.315365733446350E-003,
4.576206295135135E+009,7.342013913540098E-003,
4.581191160380381E+009,7.424987262676375E-003,
4.586176025625626E+009,7.642165591346727E-003,
4.591160890870871E+009,7.874222215909221E-003,
4.596145756116117E+009,8.193901312669042E-003,
4.601130621361362E+009,8.604294270236604E-003,
4.606115486606607E+009,8.939151849715747E-003,
4.611100351851852E+009,9.146802387035970E-003,
4.616085217097097E+009,9.226399606025688E-003,
4.621070082342342E+009,9.345338691972249E-003,
4.626054947587587E+009,9.058868587886250E-003,
4.631039812832833E+009,8.735492845373801E-003,
4.636024678078078E+009,8.245758943118653E-003,
4.641009543323323E+009,7.873142491936391E-003,
4.645994408568568E+009,7.517613082011557E-003,
4.650979273813814E+009,7.329505808303406E-003,
4.655964139059059E+009,7.125358419864613E-003,
4.660949004304304E+009,6.970062253724621E-003,
4.665933869549550E+009,7.066507028748591E-003,
4.670918734794795E+009,7.126128778685481E-003,
4.675903600040040E+009,7.300029209179168E-003,
4.680888465285285E+009,7.536719369973945E-003,
4.685873330530531E+009,7.608462683691137E-003,
4.690858195775776E+009,7.877724259553432E-003,
4.695843061021021E+009,8.169340952482677E-003,
4.700827926266266E+009,8.506317404326159E-003,
4.705812791511512E+009,8.879234377169205E-003,
4.710797656756757E+009,8.932405337293293E-003,
4.715782522002002E+009,9.010295255383329E-003,
4.720767387247248E+009,8.937861239079966E-003,
4.725752252492493E+009,8.694971724259086E-003,
4.730737117737738E+009,8.255578111071180E-003,
4.735721982982983E+009,7.892799231417622E-003,
4.740706848228229E+009,7.447865291732617E-003,
4.745691713473474E+009,6.827907459659796E-003,
4.750676578718719E+009,6.489829022026059E-003,
4.755661443963965E+009,5.961709417202776E-003,
4.760646309209209E+009,5.660500706164949E-003,
4.765631174454454E+009,5.571710851935517E-003,
4.770616039699699E+009,5.374719438371557E-003,
4.775600904944945E+009,5.236599737665735E-003,
4.780585770190190E+009,5.251200046820451E-003,
4.785570635435435E+009,5.237529581299099E-003,
4.790555500680680E+009,5.325367382486245E-003,
4.795540365925926E+009,5.568162865272828E-003,
4.800525231171171E+009,5.783017436526709E-003,
4.805510096416416E+009,6.153203541856426E-003,
4.810494961661662E+009,6.374658043630861E-003,
4.815479826906907E+009,6.470542003541568E-003,
4.820464692152152E+009,6.597906684800638E-003,
4.825449557397397E+009,6.533074195766647E-003,
4.830434422642643E+009,6.331425898975075E-003,
4.835419287887888E+009,6.106923592307104E-003,
4.840404153133133E+009,5.843570582328670E-003,
4.845389018378379E+009,5.577508948012400E-003,
4.850373883623624E+009,5.541317827493059E-003,
4.855358748868869E+009,5.424848569923131E-003,
4.860343614114114E+009,5.402647321225446E-003,
4.865328479359360E+009,5.418021032543772E-003,
4.870313344604605E+009,5.512701721231244E-003,
4.875298209849850E+009,5.618609333569491E-003,
4.880283075095095E+009,5.851856616336422E-003,
4.885267940340341E+009,6.093612679460722E-003,
4.890252805585586E+009,6.440255796566516E-003,
4.895237670830831E+009,6.805172565645677E-003,
4.900222536076077E+009,7.285088146739397E-003,
4.905207401321322E+009,7.617460214337245E-003,
4.910192266566567E+009,8.130618239704667E-003,
4.915177131811811E+009,8.553716443509076E-003,
4.920161997057057E+009,8.732766532642338E-003,
4.925146862302302E+009,8.849878397150008E-003,
4.930131727547547E+009,8.975008349073554E-003,
4.935116592792793E+009,8.821494175660086E-003,
4.940101458038038E+009,8.646777486332318E-003,
4.945086323283283E+009,8.435990800649515E-003,
4.950071188528528E+009,8.378075873952746E-003,
4.955056053773774E+009,8.225966179529009E-003,
4.960040919019019E+009,8.134198115605675E-003,
4.965025784264264E+009,8.112510161719438E-003,
4.970010649509509E+009,8.153663313072313E-003,
4.974995514754755E+009,8.195887979784619E-003,
4.979980380000000E+009,8.219169876701044E-003,
