% Version 1.00
%
% Ref Impedances: Z01: 50, Z02: 50
% 
%freq[Hz];Trc1_S21[U];
1.000000000000000E+005,3.256542714531430E-005,
5.084865245245245E+006,3.287332421936612E-004,
1.006973049049049E+007,9.662059781746555E-004,
1.505459573573574E+007,1.773515243427850E-003,
2.003946098098098E+007,2.362001417318318E-003,
2.502432622622623E+007,3.385720088289129E-003,
3.000919147147147E+007,5.087712578370457E-003,
3.499405671671671E+007,8.809775968486214E-003,
3.997892196196196E+007,1.758889206843726E-002,
4.496378720720721E+007,5.750397955100698E-002,
4.994865245245245E+007,4.571245817530901E-002,
5.493351769769770E+007,2.560685077889686E-002,
5.991838294294295E+007,1.994944634086294E-002,
6.490324818818819E+007,1.404189984289472E-002,
6.988811343343343E+007,1.126215559495811E-002,
7.487297867867868E+007,8.779974595183088E-003,
7.985784392392393E+007,6.741251934715538E-003,
8.484270916916917E+007,6.599058246304512E-003,
8.982757441441442E+007,6.344351940128640E-003,
9.481243965965965E+007,6.081209746709517E-003,
9.979730490490490E+007,6.238031720105532E-003,
1.047821701501502E+008,7.231161639005675E-003,
1.097670353953954E+008,8.015869699121350E-003,
1.147519006406407E+008,8.716297910121296E-003,
1.197367658858859E+008,9.091425213351299E-003,
1.247216311311311E+008,1.015030250934532E-002,
1.297064963763764E+008,1.160296157345372E-002,
1.346913616216216E+008,1.390362259819741E-002,
1.396762268668669E+008,1.845681390822681E-002,
1.446610921121121E+008,2.244905020002525E-002,
1.496459573573574E+008,2.833825803508501E-002,
1.546308226026026E+008,4.024926195929243E-002,
1.596156878478479E+008,7.145607611380837E-002,
1.646005530930931E+008,1.368718358207277E-001,
1.695854183383384E+008,1.551845358579918E-001,
1.745702835835836E+008,8.880664931734231E-002,
1.795551488288288E+008,5.463804343520443E-002,
1.845400140740741E+008,3.797280749938890E-002,
1.895248793193193E+008,2.898190642097763E-002,
1.945097445645646E+008,2.279273046490915E-002,
1.994946098098098E+008,1.794757448793961E-002,
2.044794750550551E+008,1.404878630237630E-002,
2.094643403003003E+008,1.096211339081842E-002,
2.144492055455456E+008,8.375101498434068E-003,
2.194340707907908E+008,6.386080800156456E-003,
2.244189360360360E+008,4.672202460802129E-003,
2.294038012812813E+008,3.738392332504119E-003,
2.343886665265265E+008,3.947004019171225E-003,
2.393735317717718E+008,5.864355076296417E-003,
2.443583970170170E+008,9.026774399997621E-003,
2.493432622622623E+008,1.336069830555569E-002,
2.543281275075075E+008,1.886131276601253E-002,
2.593129927527528E+008,2.751200583295720E-002,
2.642978579979980E+008,4.073205319974705E-002,
2.692827232432432E+008,6.406726374019042E-002,
2.742675884884885E+008,1.069977561599856E-001,
2.792524537337337E+008,1.629870775055878E-001,
2.842373189789790E+008,1.367139918121738E-001,
2.892221842242242E+008,9.238668092731994E-002,
2.942070494694695E+008,6.686367973999474E-002,
2.991919147147147E+008,5.221425208022878E-002,
3.041767799599600E+008,4.246124307063950E-002,
3.091616452052052E+008,3.667467426695904E-002,
3.141465104504505E+008,3.140391725433459E-002,
3.191313756956957E+008,2.589057100601711E-002,
3.241162409409409E+008,2.204973309647695E-002,
3.291011061861862E+008,1.862287377118708E-002,
3.340859714314314E+008,1.529002166690618E-002,
3.390708366766767E+008,1.285461082028453E-002,
3.440557019219219E+008,1.052681659972553E-002,
3.490405671671672E+008,8.622970582977330E-003,
3.540254324124124E+008,7.368395600746380E-003,
3.590102976576577E+008,5.668167325172837E-003,
3.639951629029029E+008,4.213034470564385E-003,
3.689800281481482E+008,3.023842267933489E-003,
3.739648933933934E+008,2.425936310629540E-003,
3.789497586386386E+008,2.549670437018052E-003,
3.839346238838839E+008,3.569916855633865E-003,
3.889194891291291E+008,4.779399567496412E-003,
3.939043543743744E+008,5.699339843426487E-003,
3.988892196196196E+008,6.616711885769628E-003,
4.038740848648649E+008,7.565622392567295E-003,
4.088589501101101E+008,9.024486817521431E-003,
4.138438153553554E+008,1.063087350998121E-002,
4.188286806006006E+008,1.251246638037576E-002,
4.238135458458459E+008,1.491293207010631E-002,
4.287984110910911E+008,1.610397394582710E-002,
4.337832763363363E+008,1.578530173418194E-002,
4.387681415815816E+008,1.576731910141011E-002,
4.437530068268268E+008,1.583150418847707E-002,
4.487378720720721E+008,1.689619890121364E-002,
4.537227373173173E+008,1.791181822289014E-002,
4.587076025625626E+008,1.947994514689831E-002,
4.636924678078078E+008,2.127478918641946E-002,
4.686773330530531E+008,2.322342630795625E-002,
4.736621982982983E+008,2.578586811776288E-002,
4.786470635435436E+008,2.793249857447093E-002,
4.836319287887888E+008,3.042913857237355E-002,
4.886167940340340E+008,3.249139278101416E-002,
4.936016592792793E+008,3.491756854629147E-002,
4.985865245245245E+008,3.650150486959907E-002,
5.035713897697698E+008,3.803898343453509E-002,
5.085562550150150E+008,3.930791678853570E-002,
5.135411202602603E+008,3.979745939412283E-002,
5.185259855055055E+008,3.977605014427420E-002,
5.235108507507508E+008,4.036996684534925E-002,
5.284957159959960E+008,4.043414469277080E-002,
5.334805812412412E+008,4.040237645170533E-002,
5.384654464864864E+008,4.118630608944592E-002,
5.434503117317318E+008,4.277445411313359E-002,
5.484351769769770E+008,4.412951120590295E-002,
5.534200422222222E+008,4.571056645204757E-002,
5.584049074674674E+008,4.698406324739986E-002,
5.633897727127128E+008,4.869262898738118E-002,
5.683746379579580E+008,5.007321299650404E-002,
5.733595032032032E+008,5.106527820031254E-002,
5.783443684484484E+008,5.105573610972297E-002,
5.833292336936938E+008,5.048080068609495E-002,
5.883140989389390E+008,5.012025963325768E-002,
5.932989641841842E+008,5.012071756655513E-002,
5.982838294294294E+008,5.082952224713690E-002,
6.032686946746746E+008,5.149100493067926E-002,
6.082535599199200E+008,5.213221922323365E-002,
6.132384251651652E+008,5.299432921405636E-002,
6.182232904104104E+008,5.434656390035290E-002,
6.232081556556556E+008,5.483753370501246E-002,
6.281930209009010E+008,5.691840293371608E-002,
6.331778861461462E+008,5.909105573478306E-002,
6.381627513913914E+008,6.128457881038824E-002,
6.431476166366366E+008,6.325447023312879E-002,
6.481324818818818E+008,6.549375342061145E-002,
6.531173471271272E+008,6.837650708874606E-002,
6.581022123723724E+008,7.034994144736038E-002,
6.630870776176176E+008,7.304825834944856E-002,
6.680719428628628E+008,7.747032110912347E-002,
6.730568081081082E+008,8.343342886308772E-002,
6.780416733533534E+008,8.905772337107484E-002,
6.830265385985986E+008,9.511026688790822E-002,
6.880114038438438E+008,1.005107134062138E-001,
6.929962690890890E+008,1.054536056787476E-001,
6.979811343343344E+008,1.103155067049860E-001,
7.029659995795796E+008,1.148325968095441E-001,
7.079508648248248E+008,1.196930143621226E-001,
7.129357300700700E+008,1.230094088752404E-001,
7.179205953153154E+008,1.267579976307532E-001,
7.229054605605606E+008,1.298140110054281E-001,
7.278903258058058E+008,1.325849779810598E-001,
7.328751910510510E+008,1.349180833448413E-001,
7.378600562962964E+008,1.371416060452683E-001,
7.428449215415416E+008,1.406314657785015E-001,
7.478297867867868E+008,1.452024910913367E-001,
7.528146520320320E+008,1.513936541948082E-001,
7.577995172772772E+008,1.593523545531451E-001,
7.627843825225226E+008,1.671059799094643E-001,
7.677692477677678E+008,1.741115844246439E-001,
7.727541130130130E+008,1.797420817819145E-001,
7.777389782582582E+008,1.821362242986834E-001,
7.827238435035036E+008,1.808352038145434E-001,
7.877087087487488E+008,1.775034226431685E-001,
7.926935739939940E+008,1.744483386084491E-001,
7.976784392392392E+008,1.715890040610427E-001,
8.026633044844844E+008,1.702065014541871E-001,
8.076481697297298E+008,1.692893972149573E-001,
8.126330349749750E+008,1.667865598853421E-001,
8.176179002202202E+008,1.639446281139780E-001,
8.226027654654654E+008,1.627137218975606E-001,
8.275876307107108E+008,1.613599406882585E-001,
8.325724959559560E+008,1.613689076042510E-001,
8.375573612012012E+008,1.633257121943558E-001,
8.425422264464464E+008,1.642881809393067E-001,
8.475270916916918E+008,1.657063713021906E-001,
8.525119569369370E+008,1.662207309747744E-001,
8.574968221821822E+008,1.683930829167134E-001,
8.624816874274274E+008,1.697044203464412E-001,
8.674665526726726E+008,1.694387869961526E-001,
8.724514179179180E+008,1.679142876362587E-001,
8.774362831631632E+008,1.656198173235086E-001,
8.824211484084084E+008,1.610775465454583E-001,
8.874060136536536E+008,1.558658338041204E-001,
8.923908788988990E+008,1.538739996735677E-001,
8.973757441441442E+008,1.557411090749283E-001,
9.023606093893894E+008,1.586163053278930E-001,
9.073454746346346E+008,1.614216442409135E-001,
9.123303398798798E+008,1.648215667362008E-001,
9.173152051251252E+008,1.666558590609783E-001,
9.223000703703704E+008,1.690837727129200E-001,
9.272849356156156E+008,1.710969626713501E-001,
9.322698008608608E+008,1.725847133869793E-001,
9.372546661061062E+008,1.746947000712560E-001,
9.422395313513514E+008,1.778413401422706E-001,
9.472243965965966E+008,1.775265840572226E-001,
9.522092618418418E+008,1.746550135809089E-001,
9.571941270870872E+008,1.702490516630620E-001,
9.621789923323324E+008,1.666148361403203E-001,
9.671638575775776E+008,1.633752309084401E-001,
9.721487228228228E+008,1.609405352590655E-001,
9.771335880680680E+008,1.579693374220124E-001,
9.821184533133134E+008,1.532679467878563E-001,
9.871033185585586E+008,1.471919277303199E-001,
9.920881838038038E+008,1.413116149797606E-001,
9.970730490490490E+008,1.364508553386094E-001,
1.002057914294294E+009,1.325317365936291E-001,
1.007042779539540E+009,1.303665666838150E-001,
1.012027644784785E+009,1.288218712409060E-001,
1.017012510030030E+009,1.273445398410453E-001,
1.021997375275275E+009,1.250892351523076E-001,
1.026982240520521E+009,1.229548052417209E-001,
1.031967105765766E+009,1.199873353914711E-001,
1.036951971011011E+009,1.163068606332462E-001,
1.041936836256256E+009,1.116436105073447E-001,
1.046921701501502E+009,1.068219642045510E-001,
1.051906566746747E+009,1.025389123983313E-001,
1.056891431991992E+009,9.930719829449956E-002,
1.061876297237237E+009,9.512347593664357E-002,
1.066861162482482E+009,9.305729934649222E-002,
1.071846027727728E+009,9.214263377992463E-002,
1.076830892972973E+009,9.155420384806313E-002,
1.081815758218218E+009,9.219865607149677E-002,
1.086800623463464E+009,9.341842166094991E-002,
1.091785488708709E+009,9.533940058923136E-002,
1.096770353953954E+009,9.773008992443141E-002,
1.101755219199199E+009,1.006564870178001E-001,
1.106740084444444E+009,1.035806510383993E-001,
1.111724949689690E+009,1.058016936964670E-001,
1.116709814934935E+009,1.073569011223015E-001,
1.121694680180180E+009,1.082970890881356E-001,
1.126679545425426E+009,1.085163675633350E-001,
1.131664410670671E+009,1.080371535163477E-001,
1.136649275915916E+009,1.069710575793097E-001,
1.141634141161161E+009,1.040610107725698E-001,
1.146619006406406E+009,1.010883902540753E-001,
1.151603871651652E+009,9.790109794226830E-002,
1.156588736896897E+009,9.550605755405500E-002,
1.161573602142142E+009,9.286038985871738E-002,
1.166558467387388E+009,9.177006235842808E-002,
1.171543332632633E+009,9.064620455266806E-002,
1.176528197877878E+009,9.014078551890233E-002,
1.181513063123123E+009,9.015996977022169E-002,
1.186497928368368E+009,9.050692441218637E-002,
1.191482793613614E+009,9.115416110067096E-002,
1.196467658858859E+009,9.214962852576988E-002,
1.201452524104104E+009,9.269519743498668E-002,
1.206437389349349E+009,9.370128134282645E-002,
1.211422254594595E+009,9.453974100202094E-002,
1.216407119839840E+009,9.355943722138582E-002,
1.221391985085085E+009,9.196808027954272E-002,
1.226376850330330E+009,8.987747536500651E-002,
1.231361715575576E+009,8.870143581238742E-002,
1.236346580820821E+009,8.720486187394971E-002,
1.241331446066066E+009,8.508919791992418E-002,
1.246316311311311E+009,8.433948913024261E-002,
1.251301176556557E+009,8.350889122498084E-002,
1.256286041801802E+009,8.270638320337842E-002,
1.261270907047047E+009,8.292763607965904E-002,
1.266255772292292E+009,8.365415829701647E-002,
1.271240637537538E+009,8.440661176513174E-002,
1.276225502782783E+009,8.438851794525801E-002,
1.281210368028028E+009,8.516864812645215E-002,
1.286195233273273E+009,8.595026793201292E-002,
1.291180098518518E+009,8.690507345164075E-002,
1.296164963763764E+009,8.870149174070884E-002,
1.301149829009009E+009,9.067227955625255E-002,
1.306134694254254E+009,9.156970981017962E-002,
1.311119559499500E+009,9.063036177905982E-002,
1.316104424744745E+009,8.865800089549877E-002,
1.321089289989990E+009,8.504743252643568E-002,
1.326074155235235E+009,8.128731555016339E-002,
1.331059020480480E+009,7.763454638733736E-002,
1.336043885725726E+009,7.402245999013349E-002,
1.341028750970971E+009,7.161857455524578E-002,
1.346013616216216E+009,6.866355335654323E-002,
1.350998481461462E+009,6.607962752716144E-002,
1.355983346706707E+009,6.456891182379632E-002,
1.360968211951952E+009,6.331695004576728E-002,
1.365953077197197E+009,6.177475204881329E-002,
1.370937942442442E+009,6.039861919936133E-002,
1.375922807687688E+009,6.012571040984584E-002,
1.380907672932933E+009,6.004392220132780E-002,
1.385892538178178E+009,5.976872040247137E-002,
1.390877403423424E+009,5.904080736966581E-002,
1.395862268668669E+009,5.824263422136516E-002,
1.400847133913914E+009,5.661673593012771E-002,
1.405831999159159E+009,5.506543829971556E-002,
1.410816864404404E+009,5.326968771145080E-002,
1.415801729649650E+009,5.211336897562231E-002,
1.420786594894895E+009,5.122391506668914E-002,
1.425771460140140E+009,5.041978830110087E-002,
1.430756325385386E+009,4.965010038333374E-002,
1.435741190630631E+009,5.012630237011979E-002,
1.440726055875876E+009,5.023924969982131E-002,
1.445710921121121E+009,5.041906347048188E-002,
1.450695786366366E+009,5.120354633942920E-002,
1.455680651611612E+009,5.173714476099440E-002,
1.460665516856857E+009,5.207300989262136E-002,
1.465650382102102E+009,5.197083523049512E-002,
1.470635247347347E+009,5.122586797886775E-002,
1.475620112592593E+009,4.940427673439255E-002,
1.480604977837838E+009,4.849289159462920E-002,
1.485589843083083E+009,4.782896021933578E-002,
1.490574708328328E+009,4.695205185931369E-002,
1.495559573573574E+009,4.650513675097631E-002,
1.500544438818819E+009,4.610942223787505E-002,
1.505529304064064E+009,4.467937087135087E-002,
1.510514169309309E+009,4.378233146480303E-002,
1.515499034554555E+009,4.307777334177097E-002,
1.520483899799800E+009,4.249850732069662E-002,
1.525468765045045E+009,4.197867945322508E-002,
1.530453630290290E+009,4.140180843025770E-002,
1.535438495535536E+009,4.069083128025351E-002,
1.540423360780781E+009,4.113856539034719E-002,
1.545408226026026E+009,4.192276097743380E-002,
1.550393091271271E+009,4.268853242679319E-002,
1.555377956516516E+009,4.387802457237273E-002,
1.560362821761762E+009,4.493436846115445E-002,
1.565347687007007E+009,4.608018671878102E-002,
1.570332552252252E+009,4.687976806275379E-002,
1.575317417497498E+009,4.697440316758968E-002,
1.580302282742743E+009,4.651020176185517E-002,
1.585287147987988E+009,4.564916591611631E-002,
1.590272013233233E+009,4.504009291785052E-002,
1.595256878478478E+009,4.507528132778491E-002,
1.600241743723724E+009,4.555763346302798E-002,
1.605226608968969E+009,4.598079791548541E-002,
1.610211474214214E+009,4.681439052058504E-002,
1.615196339459460E+009,4.733572532935242E-002,
1.620181204704705E+009,4.813062865444948E-002,
1.625166069949950E+009,4.852717509126062E-002,
1.630150935195195E+009,4.867556276560221E-002,
1.635135800440440E+009,4.905357370184193E-002,
1.640120665685686E+009,4.884062160244904E-002,
1.645105530930931E+009,4.862287447566204E-002,
1.650090396176176E+009,4.734204131810123E-002,
1.655075261421422E+009,4.647544679463207E-002,
1.660060126666667E+009,4.556228527248741E-002,
1.665044991911912E+009,4.431551060999450E-002,
1.670029857157157E+009,4.396086550649616E-002,
1.675014722402402E+009,4.371707688642166E-002,
1.679999587647648E+009,4.320605382732991E-002,
1.684984452892893E+009,4.272224355455611E-002,
1.689969318138138E+009,4.186975206071664E-002,
1.694954183383384E+009,4.068347670103135E-002,
1.699939048628629E+009,3.889072807677768E-002,
1.704923913873874E+009,3.721644357208812E-002,
1.709908779119119E+009,3.523936891808305E-002,
1.714893644364364E+009,3.367245714108912E-002,
1.719878509609610E+009,3.191856591949075E-002,
1.724863374854855E+009,3.081230010229384E-002,
1.729848240100100E+009,3.030300987373892E-002,
1.734833105345345E+009,3.037029345574560E-002,
1.739817970590591E+009,3.180104407070192E-002,
1.744802835835836E+009,3.376753420268813E-002,
1.749787701081081E+009,3.553071099690594E-002,
1.754772566326326E+009,3.702392042268079E-002,
1.759757431571572E+009,3.827629899045749E-002,
1.764742296816817E+009,3.905438642969037E-002,
1.769727162062062E+009,3.950036152098085E-002,
1.774712027307307E+009,3.952349053981579E-002,
1.779696892552553E+009,3.933954642881725E-002,
1.784681757797798E+009,3.985407875511047E-002,
1.789666623043043E+009,4.062244130714336E-002,
1.794651488288288E+009,4.321751547780219E-002,
1.799636353533534E+009,4.598342789523924E-002,
1.804621218778779E+009,4.756142394123419E-002,
1.809606084024024E+009,4.848206471559177E-002,
1.814590949269269E+009,4.849777729911333E-002,
1.819575814514514E+009,4.742365981393289E-002,
1.824560679759760E+009,4.682976393178084E-002,
1.829545545005005E+009,4.502892755173774E-002,
1.834530410250250E+009,4.416060431765853E-002,
1.839515275495496E+009,4.284520067164833E-002,
1.844500140740741E+009,4.164104795901098E-002,
1.849485005985986E+009,4.050519186486465E-002,
1.854469871231231E+009,3.978732686976343E-002,
1.859454736476476E+009,3.892924934824533E-002,
1.864439601721722E+009,3.825903001840879E-002,
1.869424466966967E+009,3.734496728228575E-002,
1.874409332212212E+009,3.635539337269120E-002,
1.879394197457458E+009,3.478391190293950E-002,
1.884379062702703E+009,3.276307131807030E-002,
1.889363927947948E+009,3.011255315625787E-002,
1.894348793193193E+009,2.780304508354800E-002,
1.899333658438438E+009,2.547688632476441E-002,
1.904318523683684E+009,2.400122964185814E-002,
1.909303388928929E+009,2.233360141615565E-002,
1.914288254174174E+009,2.082996620484341E-002,
1.919273119419420E+009,1.953425737800369E-002,
1.924257984664665E+009,1.847794352933801E-002,
1.929242849909910E+009,1.755907032499176E-002,
1.934227715155155E+009,1.660233099058900E-002,
1.939212580400400E+009,1.520730758298015E-002,
1.944197445645646E+009,1.348590551725023E-002,
1.949182310890891E+009,1.245708481897895E-002,
1.954167176136136E+009,1.192673667123604E-002,
1.959152041381382E+009,1.210942707565680E-002,
1.964136906626627E+009,1.220751792887655E-002,
1.969121771871872E+009,1.210916997991632E-002,
1.974106637117117E+009,1.198423710699991E-002,
1.979091502362362E+009,1.220019173540476E-002,
1.984076367607608E+009,1.233325156289037E-002,
1.989061232852853E+009,1.207515194086349E-002,
1.994046098098098E+009,1.234625791553007E-002,
1.999030963343343E+009,1.199806126409512E-002,
2.004015828588589E+009,1.173488914948745E-002,
2.009000693833834E+009,1.120432167806377E-002,
2.013985559079079E+009,1.074390628985883E-002,
2.018970424324324E+009,1.050083209086323E-002,
2.023955289569570E+009,9.906279824730059E-003,
2.028940154814815E+009,9.615817119712483E-003,
2.033925020060060E+009,9.751686023319044E-003,
2.038909885305305E+009,9.674585081876425E-003,
2.043894750550551E+009,9.408014056666114E-003,
2.048879615795796E+009,9.018404639550127E-003,
2.053864481041041E+009,8.576986346048136E-003,
2.058849346286286E+009,8.574364718508240E-003,
2.063834211531532E+009,8.525262323343033E-003,
2.068819076776777E+009,8.557288989551206E-003,
2.073803942022022E+009,8.181348691369246E-003,
2.078788807267267E+009,7.549943267741949E-003,
2.083773672512512E+009,7.085839987516426E-003,
2.088758537757758E+009,6.455392153564572E-003,
2.093743403003003E+009,5.897739269461273E-003,
2.098728268248248E+009,5.467796763826549E-003,
2.103713133493494E+009,5.467188480813070E-003,
2.108697998738739E+009,6.022684257093496E-003,
2.113682863983984E+009,6.831900306028727E-003,
2.118667729229229E+009,7.428330119265346E-003,
2.123652594474474E+009,7.792451747528762E-003,
2.128637459719720E+009,7.948657820524903E-003,
2.133622324964965E+009,7.990550301623428E-003,
2.138607190210210E+009,8.108014926685529E-003,
2.143592055455456E+009,8.394167679187610E-003,
2.148576920700701E+009,8.634755331148724E-003,
2.153561785945946E+009,8.799052691797669E-003,
2.158546651191191E+009,8.912007115215351E-003,
2.163531516436437E+009,9.208461950745978E-003,
2.168516381681682E+009,9.694008340272195E-003,
2.173501246926927E+009,1.030135590369790E-002,
2.178486112172172E+009,1.120138798236036E-002,
2.183470977417418E+009,1.187360917629370E-002,
2.188455842662663E+009,1.262394926104191E-002,
2.193440707907908E+009,1.357903700002850E-002,
2.198425573153153E+009,1.419791324556347E-002,
2.203410438398398E+009,1.480665001630703E-002,
2.208395303643644E+009,1.533840432029772E-002,
2.213380168888889E+009,1.594957714466053E-002,
2.218365034134134E+009,1.673303051615343E-002,
2.223349899379379E+009,1.759008246328851E-002,
2.228334764624625E+009,1.844945365438187E-002,
2.233319629869870E+009,1.904575438703694E-002,
2.238304495115115E+009,1.903894680879281E-002,
2.243289360360360E+009,1.875157377459890E-002,
2.248274225605606E+009,1.856452899313494E-002,
2.253259090850851E+009,1.853174261901180E-002,
2.258243956096096E+009,1.806617224155643E-002,
2.263228821341342E+009,1.738780396972035E-002,
2.268213686586587E+009,1.780978013094295E-002,
2.273198551831832E+009,1.815677916769511E-002,
2.278183417077077E+009,1.821850780728951E-002,
2.283168282322322E+009,1.877461144155397E-002,
2.288153147567567E+009,1.990004712858716E-002,
2.293138012812813E+009,2.051121537556176E-002,
2.298122878058058E+009,2.128592942703147E-002,
2.303107743303303E+009,2.226601896852220E-002,
2.308092608548549E+009,2.340255167420711E-002,
2.313077473793794E+009,2.456470398013114E-002,
2.318062339039039E+009,2.537525104870908E-002,
2.323047204284284E+009,2.634017469819701E-002,
2.328032069529530E+009,2.700927499245046E-002,
2.333016934774775E+009,2.745677239280157E-002,
2.338001800020020E+009,2.783930648018089E-002,
2.342986665265266E+009,2.841471010352488E-002,
2.347971530510510E+009,2.865963501792392E-002,
2.352956395755756E+009,2.900467441961356E-002,
2.357941261001001E+009,3.040363879853817E-002,
2.362926126246246E+009,3.112274285723786E-002,
2.367910991491491E+009,3.163564827251432E-002,
2.372895856736737E+009,3.300276769334028E-002,
2.377880721981982E+009,3.354453603046163E-002,
2.382865587227227E+009,3.447952154652789E-002,
2.387850452472473E+009,3.534613748693274E-002,
2.392835317717718E+009,3.642776922479391E-002,
2.397820182962963E+009,3.773883096489863E-002,
2.402805048208208E+009,3.847228455996921E-002,
2.407789913453454E+009,3.896516673216163E-002,
2.412774778698699E+009,3.960303088320921E-002,
2.417759643943944E+009,4.078669256912514E-002,
2.422744509189189E+009,4.182081539990623E-002,
2.427729374434434E+009,4.227332360373266E-002,
2.432714239679680E+009,4.171784361063878E-002,
2.437699104924925E+009,4.090672463769491E-002,
2.442683970170170E+009,4.041450182625879E-002,
2.447668835415415E+009,4.029879147208766E-002,
2.452653700660661E+009,4.042412082001921E-002,
2.457638565905906E+009,3.980439780916137E-002,
2.462623431151151E+009,3.925125182798894E-002,
2.467608296396397E+009,3.830695917776364E-002,
2.472593161641642E+009,3.767678082692175E-002,
2.477578026886887E+009,3.718585468445159E-002,
2.482562892132132E+009,3.673868975930073E-002,
2.487547757377378E+009,3.622772875524182E-002,
2.492532622622623E+009,3.611656022532916E-002,
2.497517487867868E+009,3.568089400970399E-002,
2.502502353113113E+009,3.634828497074807E-002,
2.507487218358358E+009,3.788115545197036E-002,
2.512472083603604E+009,3.901443684817352E-002,
2.517456948848849E+009,3.989963485765333E-002,
2.522441814094094E+009,4.057797028797043E-002,
2.527426679339339E+009,4.074969570755001E-002,
2.532411544584585E+009,4.084111638623608E-002,
2.537396409829830E+009,4.155798541137346E-002,
2.542381275075075E+009,4.211798147340303E-002,
2.547366140320320E+009,4.214673078611209E-002,
2.552351005565566E+009,4.177438954925374E-002,
2.557335870810811E+009,4.142911377300876E-002,
2.562320736056056E+009,4.103439582078087E-002,
2.567305601301302E+009,4.047666981520471E-002,
2.572290466546547E+009,4.029204186545603E-002,
2.577275331791792E+009,4.001875634641100E-002,
2.582260197037037E+009,3.953813085129440E-002,
2.587245062282282E+009,3.931826523514104E-002,
2.592229927527527E+009,3.939281773573433E-002,
2.597214792772773E+009,3.971522191784568E-002,
2.602199658018018E+009,4.012820465871977E-002,
2.607184523263263E+009,4.047584876506023E-002,
2.612169388508509E+009,4.108711770357204E-002,
2.617154253753754E+009,4.174843776224112E-002,
2.622139118998999E+009,4.261363434788180E-002,
2.627123984244244E+009,4.294623115481304E-002,
2.632108849489490E+009,4.429039105516761E-002,
2.637093714734735E+009,4.465982794752803E-002,
2.642078579979980E+009,4.484884723748045E-002,
2.647063445225225E+009,4.569268840834084E-002,
2.652048310470470E+009,4.530804702142334E-002,
2.657033175715716E+009,4.512904080485619E-002,
2.662018040960961E+009,4.544414408864909E-002,
2.667002906206206E+009,4.450993888187738E-002,
2.671987771451451E+009,4.420215187179698E-002,
2.676972636696697E+009,4.398304729080500E-002,
2.681957501941942E+009,4.450743213522854E-002,
2.686942367187187E+009,4.435362894529651E-002,
2.691927232432433E+009,4.449593707798330E-002,
2.696912097677678E+009,4.502480942171010E-002,
2.701896962922923E+009,4.446031374422612E-002,
2.706881828168168E+009,4.406700707795405E-002,
2.711866693413414E+009,4.429453637416084E-002,
2.716851558658659E+009,4.327782114610185E-002,
2.721836423903904E+009,4.396291505288928E-002,
2.726821289149149E+009,4.331155576852485E-002,
2.731806154394394E+009,4.278305138588195E-002,
2.736791019639640E+009,4.169560991550566E-002,
2.741775884884885E+009,4.019180355085829E-002,
2.746760750130130E+009,3.913449512827522E-002,
2.751745615375375E+009,3.751657888260102E-002,
2.756730480620621E+009,3.650808382425334E-002,
2.761715345865866E+009,3.505944473629418E-002,
2.766700211111111E+009,3.383083646083755E-002,
2.771685076356356E+009,3.178759498261118E-002,
2.776669941601602E+009,3.066425946625210E-002,
2.781654806846847E+009,2.964764904642344E-002,
2.786639672092092E+009,2.862478790500498E-002,
2.791624537337338E+009,2.683586075578521E-002,
2.796609402582583E+009,2.601413296528072E-002,
2.801594267827828E+009,2.476742011289964E-002,
2.806579133073073E+009,2.422733437843087E-002,
2.811563998318318E+009,2.346666354533579E-002,
2.816548863563564E+009,2.303556832742592E-002,
2.821533728808809E+009,2.239404104879692E-002,
2.826518594054054E+009,2.192984836830504E-002,
2.831503459299299E+009,2.242978881535581E-002,
2.836488324544545E+009,2.261778808515495E-002,
2.841473189789790E+009,2.206866970840065E-002,
2.846458055035035E+009,2.263236061165386E-002,
2.851442920280280E+009,2.264369739787378E-002,
2.856427785525526E+009,2.212938354088722E-002,
2.861412650770771E+009,2.231319406466879E-002,
2.866397516016016E+009,2.203312442747631E-002,
2.871382381261262E+009,2.146014897894960E-002,
2.876367246506506E+009,2.150824650130843E-002,
2.881352111751752E+009,1.990103833234275E-002,
2.886336976996997E+009,1.974515372360486E-002,
2.891321842242242E+009,1.863501223064872E-002,
2.896306707487487E+009,1.777483123631604E-002,
2.901291572732733E+009,1.655056587258756E-002,
2.906276437977978E+009,1.560577929528625E-002,
2.911261303223223E+009,1.474826126036162E-002,
2.916246168468469E+009,1.361525106468759E-002,
2.921231033713714E+009,1.294024851857086E-002,
2.926215898958959E+009,1.266899442994959E-002,
2.931200764204204E+009,1.180458080958166E-002,
2.936185629449450E+009,1.061127212357690E-002,
2.941170494694695E+009,1.063097048221671E-002,
2.946155359939940E+009,1.016474122802982E-002,
2.951140225185185E+009,9.730585634497314E-003,
2.956125090430430E+009,9.190400861037680E-003,
2.961109955675676E+009,8.792395575920368E-003,
2.966094820920921E+009,8.353678871469025E-003,
2.971079686166166E+009,7.735361712832930E-003,
2.976064551411411E+009,7.043200988059723E-003,
2.981049416656657E+009,6.340410975498963E-003,
2.986034281901902E+009,5.832794586041675E-003,
2.991019147147147E+009,5.417892970375311E-003,
2.996004012392393E+009,5.024797644214187E-003,
3.000988877637638E+009,4.704506488442434E-003,
3.005973742882883E+009,4.620527719255634E-003,
3.010958608128128E+009,4.277414619548928E-003,
3.015943473373374E+009,3.996863469183944E-003,
3.020928338618619E+009,3.664923000082714E-003,
3.025913203863864E+009,3.480204475471513E-003,
3.030898069109109E+009,3.280101961004858E-003,
3.035882934354354E+009,3.178822027317389E-003,
3.040867799599600E+009,3.021827087807085E-003,
3.045852664844845E+009,2.959541593377313E-003,
3.050837530090090E+009,2.943368531231998E-003,
3.055822395335335E+009,3.100246750121897E-003,
3.060807260580581E+009,3.276211515420363E-003,
3.065792125825826E+009,3.509354086787504E-003,
3.070776991071071E+009,3.902511180278373E-003,
3.075761856316316E+009,4.195220610577009E-003,
3.080746721561562E+009,4.355779723178187E-003,
3.085731586806807E+009,4.581829182445294E-003,
3.090716452052052E+009,4.610357152589371E-003,
3.095701317297298E+009,4.899863647435871E-003,
3.100686182542543E+009,5.029387349246633E-003,
3.105671047787788E+009,5.109303612890473E-003,
3.110655913033033E+009,5.069797222181608E-003,
3.115640778278278E+009,4.931514295308940E-003,
3.120625643523523E+009,4.976249024227342E-003,
3.125610508768769E+009,5.109078365683958E-003,
3.130595374014014E+009,5.223404679051655E-003,
3.135580239259259E+009,5.382628992602477E-003,
3.140565104504505E+009,5.478912601896990E-003,
3.145549969749750E+009,5.699165033992247E-003,
3.150534834994995E+009,5.889707932825028E-003,
3.155519700240240E+009,6.319677054225647E-003,
3.160504565485486E+009,6.797911602248756E-003,
3.165489430730731E+009,7.277245177334347E-003,
3.170474295975976E+009,7.824787114966016E-003,
3.175459161221221E+009,8.279808472962013E-003,
3.180444026466466E+009,8.830808998836358E-003,
3.185428891711712E+009,9.434271050395838E-003,
3.190413756956957E+009,9.910908803749285E-003,
3.195398622202202E+009,1.023206349970914E-002,
3.200383487447447E+009,1.073583836193301E-002,
3.205368352692693E+009,1.108705784190392E-002,
3.210353217937938E+009,1.126446807611440E-002,
3.215338083183183E+009,1.143696326233144E-002,
3.220322948428429E+009,1.169173860190665E-002,
3.225307813673674E+009,1.207018369094290E-002,
3.230292678918919E+009,1.254027286110222E-002,
3.235277544164164E+009,1.307065928476555E-002,
3.240262409409410E+009,1.354682689773671E-002,
3.245247274654655E+009,1.427288929996182E-002,
3.250232139899900E+009,1.499441020332466E-002,
3.255217005145145E+009,1.564732277203415E-002,
3.260201870390390E+009,1.626002132833420E-002,
3.265186735635636E+009,1.674131131682035E-002,
3.270171600880881E+009,1.722537178338763E-002,
3.275156466126126E+009,1.774869609507272E-002,
3.280141331371371E+009,1.739436292294412E-002,
3.285126196616617E+009,1.738048160515127E-002,
3.290111061861862E+009,1.782270268678621E-002,
3.295095927107107E+009,1.816873210321722E-002,
3.300080792352352E+009,1.861495828292213E-002,
3.305065657597598E+009,1.831680068755012E-002,
3.310050522842843E+009,1.834408835634922E-002,
3.315035388088088E+009,1.857230596250172E-002,
3.320020253333334E+009,1.857215119110681E-002,
3.325005118578579E+009,1.888178895426976E-002,
3.329989983823824E+009,1.892421754321678E-002,
3.334974849069069E+009,1.887128476869972E-002,
3.339959714314314E+009,1.920180840666152E-002,
3.344944579559560E+009,1.895220266551367E-002,
3.349929444804805E+009,1.928061691688423E-002,
3.354914310050050E+009,2.042086511854944E-002,
3.359899175295295E+009,2.042459282047465E-002,
3.364884040540541E+009,2.112508027053267E-002,
3.369868905785786E+009,2.136611685055440E-002,
3.374853771031031E+009,2.192378116867905E-002,
3.379838636276276E+009,2.219099593652450E-002,
3.384823501521522E+009,2.198783811572129E-002,
3.389808366766767E+009,2.231120566908320E-002,
3.394793232012012E+009,2.273069865529336E-002,
3.399778097257258E+009,2.292757357425527E-002,
3.404762962502502E+009,2.334851128620218E-002,
3.409747827747748E+009,2.398358228034437E-002,
3.414732692992993E+009,2.433144127950641E-002,
3.419717558238238E+009,2.426470082493027E-002,
3.424702423483483E+009,2.577233936467541E-002,
3.429687288728729E+009,2.543965942989340E-002,
3.434672153973974E+009,2.566131234210645E-002,
3.439657019219219E+009,2.480743210844440E-002,
3.444641884464465E+009,2.573852741553065E-002,
3.449626749709710E+009,2.624583344739170E-002,
3.454611614954955E+009,2.578640404235518E-002,
3.459596480200200E+009,2.558979732204177E-002,
3.464581345445446E+009,2.521353068806407E-002,
3.469566210690691E+009,2.515964601801515E-002,
3.474551075935936E+009,2.523522890807162E-002,
3.479535941181181E+009,2.589758564295126E-002,
3.484520806426426E+009,2.536392753646161E-002,
3.489505671671672E+009,2.504504542332951E-002,
3.494490536916917E+009,2.550020802941594E-002,
3.499475402162162E+009,2.500435393691353E-002,
3.504460267407407E+009,2.506652881575569E-002,
3.509445132652653E+009,2.439206587441522E-002,
3.514429997897898E+009,2.547206558643864E-002,
3.519414863143143E+009,2.432021931308015E-002,
3.524399728388389E+009,2.332367846957810E-002,
3.529384593633634E+009,2.292889082886913E-002,
3.534369458878879E+009,2.255756971727130E-002,
3.539354324124124E+009,2.245490455226410E-002,
3.544339189369370E+009,2.200103248024685E-002,
3.549324054614615E+009,2.168494646402380E-002,
3.554308919859860E+009,2.121693030501879E-002,
3.559293785105105E+009,2.110727970133749E-002,
3.564278650350350E+009,2.177381949178833E-002,
3.569263515595596E+009,2.150944135547050E-002,
3.574248380840841E+009,2.201827881660726E-002,
3.579233246086086E+009,2.219248113546455E-002,
3.584218111331331E+009,2.338195203377413E-002,
3.589202976576577E+009,2.370964552372736E-002,
3.594187841821822E+009,2.366550982214554E-002,
3.599172707067067E+009,2.404399054620328E-002,
3.604157572312312E+009,2.383692075191843E-002,
3.609142437557558E+009,2.472594558669837E-002,
3.614127302802803E+009,2.448000760512141E-002,
3.619112168048048E+009,2.429186604451354E-002,
3.624097033293294E+009,2.464801577578880E-002,
3.629081898538539E+009,2.416824547634453E-002,
3.634066763783784E+009,2.355855661334679E-002,
3.639051629029029E+009,2.260656291534521E-002,
3.644036494274274E+009,2.236096226102191E-002,
3.649021359519519E+009,2.171083144126991E-002,
3.654006224764765E+009,2.107920343236599E-002,
3.658991090010010E+009,2.142489816581747E-002,
3.663975955255255E+009,2.012466045824381E-002,
3.668960820500501E+009,2.003119902961309E-002,
3.673945685745746E+009,1.947379035000728E-002,
3.678930550990991E+009,1.850226802910181E-002,
3.683915416236236E+009,1.860810859633737E-002,
3.688900281481482E+009,1.914557252419184E-002,
3.693885146726727E+009,1.831172439276432E-002,
3.698870011971972E+009,1.891888896239211E-002,
3.703854877217217E+009,1.867751688018251E-002,
3.708839742462462E+009,1.864143602535780E-002,
3.713824607707708E+009,1.889527762894389E-002,
3.718809472952953E+009,1.817895270494549E-002,
3.723794338198198E+009,1.843434302626915E-002,
3.728779203443443E+009,1.821561966975398E-002,
3.733764068688689E+009,1.799262366029648E-002,
3.738748933933934E+009,1.755558926968835E-002,
3.743733799179179E+009,1.743084820934799E-002,
3.748718664424425E+009,1.748553416806012E-002,
3.753703529669670E+009,1.705677532431383E-002,
3.758688394914915E+009,1.691849666614738E-002,
3.763673260160160E+009,1.741908583362951E-002,
3.768658125405406E+009,1.714807762532554E-002,
3.773642990650651E+009,1.794652571191161E-002,
3.778627855895896E+009,1.800782232546611E-002,
3.783612721141141E+009,1.656718898992855E-002,
3.788597586386386E+009,1.719400705861024E-002,
3.793582451631632E+009,1.652245749771928E-002,
3.798567316876877E+009,1.647061129718178E-002,
3.803552182122122E+009,1.646336261010581E-002,
3.808537047367367E+009,1.599279504947649E-002,
3.813521912612613E+009,1.584196551499270E-002,
3.818506777857858E+009,1.477392354735124E-002,
3.823491643103103E+009,1.428795469131598E-002,
3.828476508348349E+009,1.478160563086816E-002,
3.833461373593594E+009,1.377805523366017E-002,
3.838446238838839E+009,1.349331575235916E-002,
3.843431104084084E+009,1.316316540565813E-002,
3.848415969329330E+009,1.289474336103858E-002,
3.853400834574575E+009,1.274005483539640E-002,
3.858385699819820E+009,1.254944762018288E-002,
3.863370565065065E+009,1.261158629957763E-002,
3.868355430310310E+009,1.271304762189414E-002,
3.873340295555556E+009,1.281680720823847E-002,
3.878325160800801E+009,1.300603982245938E-002,
3.883310026046046E+009,1.312062941428258E-002,
3.888294891291291E+009,1.315938193721769E-002,
3.893279756536537E+009,1.305711144286275E-002,
3.898264621781782E+009,1.299677592946471E-002,
3.903249487027027E+009,1.305919752549344E-002,
3.908234352272272E+009,1.311335991058855E-002,
3.913219217517518E+009,1.309263909613191E-002,
3.918204082762763E+009,1.283292854773748E-002,
3.923188948008008E+009,1.266394056249427E-002,
3.928173813253254E+009,1.240263798014684E-002,
3.933158678498498E+009,1.224169601450093E-002,
3.938143543743744E+009,1.233677337051260E-002,
3.943128408988989E+009,1.242039887747624E-002,
3.948113274234234E+009,1.254184110992435E-002,
3.953098139479479E+009,1.272034917871897E-002,
3.958083004724725E+009,1.285775301903195E-002,
3.963067869969970E+009,1.301608864929039E-002,
3.968052735215215E+009,1.322085832802555E-002,
3.973037600460461E+009,1.335326399087283E-002,
3.978022465705706E+009,1.326511406047680E-002,
3.983007330950951E+009,1.322542290074631E-002,
3.987992196196196E+009,1.306306509234897E-002,
3.992977061441442E+009,1.272508319478619E-002,
3.997961926686687E+009,1.240965788819413E-002,
4.002946791931932E+009,1.207667470833314E-002,
4.007931657177177E+009,1.174729833082182E-002,
4.012916522422422E+009,1.158051818442338E-002,
4.017901387667668E+009,1.136085484950085E-002,
4.022886252912913E+009,1.123241572658997E-002,
4.027871118158158E+009,1.112108882120992E-002,
4.032855983403403E+009,1.107358888751437E-002,
4.037840848648649E+009,1.135757243836810E-002,
4.042825713893894E+009,1.165989668618751E-002,
4.047810579139139E+009,1.201442257877901E-002,
4.052795444384385E+009,1.228199395433712E-002,
4.057780309629630E+009,1.261334060924937E-002,
4.062765174874875E+009,1.283382993800146E-002,
4.067750040120120E+009,1.309666898635816E-002,
4.072734905365366E+009,1.335454019275153E-002,
4.077719770610611E+009,1.352944788728567E-002,
4.082704635855856E+009,1.385559789437918E-002,
4.087689501101101E+009,1.372837151486317E-002,
4.092674366346346E+009,1.360291688242587E-002,
4.097659231591592E+009,1.335524369845598E-002,
4.102644096836837E+009,1.320083272146509E-002,
4.107628962082082E+009,1.296842245571520E-002,
4.112613827327327E+009,1.277754537811203E-002,
4.117598692572573E+009,1.246722470122053E-002,
4.122583557817818E+009,1.213230895289027E-002,
4.127568423063063E+009,1.185588328335843E-002,
4.132553288308308E+009,1.173594331945563E-002,
4.137538153553554E+009,1.170137362276552E-002,
4.142523018798799E+009,1.179984939786942E-002,
4.147507884044044E+009,1.208068392678321E-002,
4.152492749289290E+009,1.247527463098687E-002,
4.157477614534535E+009,1.287087107597595E-002,
4.162462479779780E+009,1.326376029712159E-002,
4.167447345025025E+009,1.354985407539891E-002,
4.172432210270270E+009,1.373643757557979E-002,
4.177417075515515E+009,1.378128832520816E-002,
4.182401940760761E+009,1.362987273339452E-002,
4.187386806006006E+009,1.335267967029948E-002,
4.192371671251251E+009,1.302215594008689E-002,
4.197356536496497E+009,1.261284999744120E-002,
4.202341401741742E+009,1.227059704955754E-002,
4.207326266986987E+009,1.188871442503968E-002,
4.212311132232232E+009,1.143982250054175E-002,
4.217295997477478E+009,1.113334670512516E-002,
4.222280862722723E+009,1.095241930745177E-002,
4.227265727967968E+009,1.096463786751308E-002,
4.232250593213213E+009,1.103703826489624E-002,
4.237235458458458E+009,1.102212112378146E-002,
4.242220323703704E+009,1.105397981783282E-002,
4.247205188948949E+009,1.104716449014074E-002,
4.252190054194194E+009,1.130095642575071E-002,
4.257174919439439E+009,1.148306344931206E-002,
4.262159784684685E+009,1.169735788950776E-002,
4.267144649929930E+009,1.195357505294063E-002,
4.272129515175175E+009,1.206720695353099E-002,
4.277114380420421E+009,1.203559214971122E-002,
4.282099245665666E+009,1.206497959394456E-002,
4.287084110910911E+009,1.193102719065031E-002,
4.292068976156156E+009,1.173532167098350E-002,
4.297053841401402E+009,1.144865280641841E-002,
4.302038706646647E+009,1.106346127802787E-002,
4.307023571891892E+009,1.074233661170620E-002,
4.312008437137137E+009,1.030764467629215E-002,
4.316993302382382E+009,1.004158053827670E-002,
4.321978167627627E+009,9.789556659142159E-003,
4.326963032872873E+009,9.541236271611971E-003,
4.331947898118118E+009,9.296994107267845E-003,
4.336932763363363E+009,9.066118328408698E-003,
4.341917628608608E+009,8.932572492916131E-003,
4.346902493853854E+009,8.724675508158921E-003,
4.351887359099099E+009,8.441710647162178E-003,
4.356872224344344E+009,8.225900035831167E-003,
4.361857089589590E+009,8.013701334071597E-003,
4.366841954834835E+009,7.836536229051417E-003,
4.371826820080080E+009,7.605793632813249E-003,
4.376811685325325E+009,7.578950928391514E-003,
4.381796550570571E+009,7.484824883711766E-003,
4.386781415815816E+009,7.371385420928893E-003,
4.391766281061061E+009,7.310927140324359E-003,
4.396751146306306E+009,7.225902687367476E-003,
4.401736011551552E+009,7.206027767915133E-003,
4.406720876796797E+009,7.250453714601910E-003,
4.411705742042042E+009,7.172510365010324E-003,
4.416690607287288E+009,7.044540045670651E-003,
4.421675472532533E+009,6.916774297048489E-003,
4.426660337777778E+009,6.784974298415111E-003,
4.431645203023023E+009,6.753193680048680E-003,
4.436630068268269E+009,6.527716613766392E-003,
4.441614933513514E+009,6.402582248794343E-003,
4.446599798758759E+009,6.270234448389704E-003,
4.451584664004005E+009,6.192426377722117E-003,
4.456569529249250E+009,6.028499515105294E-003,
4.461554394494494E+009,5.953241280159792E-003,
4.466539259739739E+009,6.051669052260638E-003,
4.471524124984985E+009,6.197036260052359E-003,
4.476508990230230E+009,6.264145359677340E-003,
4.481493855475475E+009,6.432380089967650E-003,
4.486478720720720E+009,6.583083356312590E-003,
4.491463585965966E+009,6.817900633892089E-003,
4.496448451211211E+009,7.013439156280787E-003,
4.501433316456456E+009,7.311237746057508E-003,
4.506418181701702E+009,7.473170587605476E-003,
4.511403046946947E+009,7.654022377701322E-003,
4.516387912192192E+009,7.648093144456697E-003,
4.521372777437437E+009,7.711648873174129E-003,
4.526357642682683E+009,7.635931510070183E-003,
4.531342507927928E+009,7.476248365119897E-003,
4.536327373173173E+009,7.291401986222450E-003,
4.541312238418419E+009,7.124169903939681E-003,
4.546297103663664E+009,6.829403536888922E-003,
4.551281968908909E+009,6.615789513627795E-003,
4.556266834154154E+009,6.538170122182437E-003,
4.561251699399400E+009,6.417405450111998E-003,
4.566236564644645E+009,6.458886122599704E-003,
4.571221429889890E+009,6.497355395773520E-003,
4.576206295135135E+009,6.464435631752631E-003,
4.581191160380381E+009,6.631438063404974E-003,
4.586176025625626E+009,6.802858758513686E-003,
4.591160890870871E+009,7.237319179403704E-003,
4.596145756116117E+009,7.452964209160653E-003,
4.601130621361362E+009,7.913659948906863E-003,
4.606115486606607E+009,8.254444965619081E-003,
4.611100351851852E+009,8.515352880086495E-003,
4.616085217097097E+009,8.528926249250824E-003,
4.621070082342342E+009,8.638941408170158E-003,
4.626054947587587E+009,8.526112932291512E-003,
4.631039812832833E+009,8.204136153112404E-003,
4.636024678078078E+009,7.837832051216211E-003,
4.641009543323323E+009,7.477378234324913E-003,
4.645994408568568E+009,7.215632419345572E-003,
4.650979273813814E+009,6.972477869601017E-003,
4.655964139059059E+009,6.897275882170834E-003,
4.660949004304304E+009,6.638544316841704E-003,
4.665933869549550E+009,6.558681821850629E-003,
4.670918734794795E+009,6.722313369366597E-003,
4.675903600040040E+009,6.808057324328986E-003,
4.680888465285285E+009,6.980514381341583E-003,
4.685873330530531E+009,7.081905701231887E-003,
4.690858195775776E+009,7.389081591251292E-003,
4.695843061021021E+009,7.621989584998344E-003,
4.700827926266266E+009,7.857291012749627E-003,
4.705812791511512E+009,8.021740126621012E-003,
4.710797656756757E+009,8.299321591697674E-003,
4.715782522002002E+009,8.411896399682149E-003,
4.720767387247248E+009,8.425843722738285E-003,
4.725752252492493E+009,8.205035868329194E-003,
4.730737117737738E+009,7.859170700526542E-003,
4.735721982982983E+009,7.452230636892710E-003,
4.740706848228229E+009,6.974403251478215E-003,
4.745691713473474E+009,6.609392148089361E-003,
4.750676578718719E+009,6.090570538493718E-003,
4.755661443963965E+009,5.758611085469682E-003,
4.760646309209209E+009,5.514037329407951E-003,
4.765631174454454E+009,5.263564001815187E-003,
4.770616039699699E+009,5.233508356816374E-003,
4.775600904944945E+009,5.107356209788085E-003,
4.780585770190190E+009,4.987457701323557E-003,
4.785570635435435E+009,4.977269059950534E-003,
4.790555500680680E+009,5.179055514953558E-003,
4.795540365925926E+009,5.268233048176845E-003,
4.800525231171171E+009,5.572671979171402E-003,
4.805510096416416E+009,5.912878510781950E-003,
4.810494961661662E+009,6.334602724021754E-003,
4.815479826906907E+009,6.408247000530069E-003,
4.820464692152152E+009,6.627634040032583E-003,
4.825449557397397E+009,6.598034347341001E-003,
4.830434422642643E+009,6.516885687836880E-003,
4.835419287887888E+009,6.308617680115469E-003,
4.840404153133133E+009,6.058188180872812E-003,
4.845389018378379E+009,5.897187059780099E-003,
4.850373883623624E+009,5.777376230332720E-003,
4.855358748868869E+009,5.706872587511719E-003,
4.860343614114114E+009,5.746173566524121E-003,
4.865328479359360E+009,5.866977343486774E-003,
4.870313344604605E+009,5.929564424732447E-003,
4.875298209849850E+009,6.018458164023488E-003,
4.880283075095095E+009,6.182624574032286E-003,
4.885267940340341E+009,6.529878347622850E-003,
4.890252805585586E+009,6.853996963620058E-003,
4.895237670830831E+009,7.070288548858327E-003,
4.900222536076077E+009,7.502702699712995E-003,
4.905207401321322E+009,7.915121478366951E-003,
4.910192266566567E+009,8.317978120225902E-003,
4.915177131811811E+009,8.644571607515904E-003,
4.920161997057057E+009,8.768825587353294E-003,
4.925146862302302E+009,8.948003060249087E-003,
4.930131727547547E+009,8.961490983833201E-003,
4.935116592792793E+009,8.782931365950011E-003,
4.940101458038038E+009,8.565407062084569E-003,
4.945086323283283E+009,8.324739346249591E-003,
4.950071188528528E+009,8.254014124403294E-003,
4.955056053773774E+009,8.195093798909018E-003,
4.960040919019019E+009,8.116525375041648E-003,
4.965025784264264E+009,8.107032707454241E-003,
4.970010649509509E+009,8.118809174030984E-003,
4.974995514754755E+009,8.151000565635166E-003,
4.979980380000000E+009,8.247967561393978E-003,
