% Version 1.00
%
% Ref Impedances: Z01: 50, Z02: 50
% 
%freq[Hz];Trc1_S21[U];
1.000000000000000E+005,7.688934914142243E-006,
5.084865245245245E+006,3.746025482695786E-004,
1.006973049049049E+007,9.282482676105508E-004,
1.505459573573574E+007,1.854512991693483E-003,
2.003946098098098E+007,2.415172768652135E-003,
2.502432622622623E+007,3.521421043893392E-003,
3.000919147147147E+007,5.138694592882743E-003,
3.499405671671671E+007,9.328057080999468E-003,
3.997892196196196E+007,1.778206710179740E-002,
4.496378720720721E+007,5.828721953535254E-002,
4.994865245245245E+007,4.493883687321434E-002,
5.493351769769770E+007,2.586946396937521E-002,
5.991838294294295E+007,2.092278391216503E-002,
6.490324818818819E+007,1.519606663299358E-002,
6.988811343343343E+007,1.219471573106573E-002,
7.487297867867868E+007,9.145201130442007E-003,
7.985784392392393E+007,7.116619742930672E-003,
8.484270916916917E+007,6.827030526143189E-003,
8.982757441441442E+007,6.471873730934183E-003,
9.481243965965965E+007,6.115318568878755E-003,
9.979730490490490E+007,6.602580578427836E-003,
1.047821701501502E+008,7.051113886349897E-003,
1.097670353953954E+008,8.348040669913003E-003,
1.147519006406407E+008,8.688663114153951E-003,
1.197367658858859E+008,9.398956790706427E-003,
1.247216311311311E+008,1.065684470840214E-002,
1.297064963763764E+008,1.150310199318306E-002,
1.346913616216216E+008,1.384609729765591E-002,
1.396762268668669E+008,1.851392893265232E-002,
1.446610921121121E+008,2.255463490946678E-002,
1.496459573573574E+008,2.880791870055925E-002,
1.546308226026026E+008,4.050487807382369E-002,
1.596156878478479E+008,7.092387183986131E-002,
1.646005530930931E+008,1.350656410923985E-001,
1.695854183383384E+008,1.546363808119751E-001,
1.745702835835836E+008,8.879324272299914E-002,
1.795551488288288E+008,5.487490774979625E-002,
1.845400140740741E+008,3.817706350959869E-002,
1.895248793193193E+008,2.921496273378242E-002,
1.945097445645646E+008,2.279359381962663E-002,
1.994946098098098E+008,1.792589318262803E-002,
2.044794750550551E+008,1.393930478117491E-002,
2.094643403003003E+008,1.074045840507504E-002,
2.144492055455456E+008,8.796814149714389E-003,
2.194340707907908E+008,6.543435920559336E-003,
2.244189360360360E+008,4.965476597164094E-003,
2.294038012812813E+008,3.978703721695122E-003,
2.343886665265265E+008,4.182433634669211E-003,
2.393735317717718E+008,5.962176834033998E-003,
2.443583970170170E+008,8.988746671648533E-003,
2.493432622622623E+008,1.338952206425975E-002,
2.543281275075075E+008,1.910061857839322E-002,
2.593129927527528E+008,2.762469240406842E-002,
2.642978579979980E+008,4.069845521599176E-002,
2.692827232432432E+008,6.341341993550388E-002,
2.742675884884885E+008,1.056344592928865E-001,
2.792524537337337E+008,1.614206610595188E-001,
2.842373189789790E+008,1.362811412202597E-001,
2.892221842242242E+008,9.203515881793002E-002,
2.942070494694695E+008,6.673940518853115E-002,
2.991919147147147E+008,5.225711576676745E-002,
3.041767799599600E+008,4.261204516920906E-002,
3.091616452052052E+008,3.621886351176416E-002,
3.141465104504505E+008,3.139188480761893E-002,
3.191313756956957E+008,2.575923998314650E-002,
3.241162409409409E+008,2.169180251046370E-002,
3.291011061861862E+008,1.834649468657418E-002,
3.340859714314314E+008,1.531193052324702E-002,
3.390708366766767E+008,1.253428092987693E-002,
3.440557019219219E+008,1.056612137798064E-002,
3.490405671671672E+008,8.680439389392733E-003,
3.540254324124124E+008,7.024628012771495E-003,
3.590102976576577E+008,5.587138886768657E-003,
3.639951629029029E+008,4.263542507635824E-003,
3.689800281481482E+008,3.061671949129367E-003,
3.739648933933934E+008,2.476941234127943E-003,
3.789497586386386E+008,2.573491232028218E-003,
3.839346238838839E+008,3.563675535008462E-003,
3.889194891291291E+008,4.698481300339840E-003,
3.939043543743744E+008,5.579740088141827E-003,
3.988892196196196E+008,6.513938661775197E-003,
4.038740848648649E+008,7.461782369502472E-003,
4.088589501101101E+008,9.029039688578999E-003,
4.138438153553554E+008,1.061264193201661E-002,
4.188286806006006E+008,1.223495433118601E-002,
4.238135458458459E+008,1.465921563334251E-002,
4.287984110910911E+008,1.556160616506803E-002,
4.337832763363363E+008,1.547238604332295E-002,
4.387681415815816E+008,1.545985083397892E-002,
4.437530068268268E+008,1.570923949593286E-002,
4.487378720720721E+008,1.645440141115827E-002,
4.537227373173173E+008,1.775267576162515E-002,
4.587076025625626E+008,1.935102917471766E-002,
4.636924678078078E+008,2.148681343432536E-002,
4.686773330530531E+008,2.338767621101659E-002,
4.736621982982983E+008,2.575673458626506E-002,
4.786470635435436E+008,2.842846326137030E-002,
4.836319287887888E+008,3.098273171350255E-002,
4.886167940340340E+008,3.347072988533499E-002,
4.936016592792793E+008,3.554217929553308E-002,
4.985865245245245E+008,3.714209454949030E-002,
5.035713897697698E+008,3.866434593312571E-002,
5.085562550150150E+008,3.974981263054963E-002,
5.135411202602603E+008,4.080366890635217E-002,
5.185259855055055E+008,4.087671295945866E-002,
5.235108507507508E+008,4.102405514281748E-002,
5.284957159959960E+008,4.116878571422866E-002,
5.334805812412412E+008,4.134945053265278E-002,
5.384654464864864E+008,4.218557049648879E-002,
5.434503117317318E+008,4.314934898181910E-002,
5.484351769769770E+008,4.462633194094579E-002,
5.534200422222222E+008,4.612692536756662E-002,
5.584049074674674E+008,4.749169361001868E-002,
5.633897727127128E+008,4.904304581950398E-002,
5.683746379579580E+008,5.012326337353292E-002,
5.733595032032032E+008,5.097917840733348E-002,
5.783443684484484E+008,5.130786112177131E-002,
5.833292336936938E+008,5.067302447418872E-002,
5.883140989389390E+008,5.020349017771898E-002,
5.932989641841842E+008,5.068649221856358E-002,
5.982838294294294E+008,5.109271329820714E-002,
6.032686946746746E+008,5.207708842230086E-002,
6.082535599199200E+008,5.309144366504978E-002,
6.132384251651652E+008,5.412071009667394E-002,
6.182232904104104E+008,5.527006463616539E-002,
6.232081556556556E+008,5.597865100521557E-002,
6.281930209009010E+008,5.724435780958766E-002,
6.331778861461462E+008,5.878615569480093E-002,
6.381627513913914E+008,6.107981278442148E-002,
6.431476166366366E+008,6.288243547484430E-002,
6.481324818818818E+008,6.431883619139016E-002,
6.531173471271272E+008,6.735685536877240E-002,
6.581022123723724E+008,6.935448350623200E-002,
6.630870776176176E+008,7.196062457009682E-002,
6.680719428628628E+008,7.691022495984622E-002,
6.730568081081082E+008,8.246845932130167E-002,
6.780416733533534E+008,8.839536967825171E-002,
6.830265385985986E+008,9.424301786199391E-002,
6.880114038438438E+008,9.999502691051540E-002,
6.929962690890890E+008,1.051844482067570E-001,
6.979811343343344E+008,1.104120293094568E-001,
7.029659995795796E+008,1.153155824214221E-001,
7.079508648248248E+008,1.200891880928251E-001,
7.129357300700700E+008,1.238507185666337E-001,
7.179205953153154E+008,1.274259069805318E-001,
7.229054605605606E+008,1.303662645489787E-001,
7.278903258058058E+008,1.336789403354885E-001,
7.328751910510510E+008,1.360136507791641E-001,
7.378600562962964E+008,1.380481871762616E-001,
7.428449215415416E+008,1.417964769131459E-001,
7.478297867867868E+008,1.467346656479653E-001,
7.528146520320320E+008,1.527411163129631E-001,
7.577995172772772E+008,1.599082447192342E-001,
7.627843825225226E+008,1.675660815151255E-001,
7.677692477677678E+008,1.746098565009721E-001,
7.727541130130130E+008,1.797144525967606E-001,
7.777389782582582E+008,1.816425867737161E-001,
7.827238435035036E+008,1.802735085960169E-001,
7.877087087487488E+008,1.762862603897320E-001,
7.926935739939940E+008,1.735014216006984E-001,
7.976784392392392E+008,1.705499637193230E-001,
8.026633044844844E+008,1.692259867425761E-001,
8.076481697297298E+008,1.675439466285157E-001,
8.126330349749750E+008,1.641170102072961E-001,
8.176179002202202E+008,1.612556249601344E-001,
8.226027654654654E+008,1.594562037624433E-001,
8.275876307107108E+008,1.578975142717780E-001,
8.325724959559560E+008,1.574009839916774E-001,
8.375573612012012E+008,1.593134262265271E-001,
8.425422264464464E+008,1.601051087635888E-001,
8.475270916916918E+008,1.617336659980405E-001,
8.525119569369370E+008,1.619306212933217E-001,
8.574968221821822E+008,1.645442010404163E-001,
8.624816874274274E+008,1.661819952695195E-001,
8.674665526726726E+008,1.658636681859127E-001,
8.724514179179180E+008,1.642492339401449E-001,
8.774362831631632E+008,1.615645794886083E-001,
8.824211484084084E+008,1.573658281573973E-001,
8.874060136536536E+008,1.530957409697043E-001,
8.923908788988990E+008,1.511569683887837E-001,
8.973757441441442E+008,1.533351217070019E-001,
9.023606093893894E+008,1.556527364316906E-001,
9.073454746346346E+008,1.582740980064655E-001,
9.123303398798798E+008,1.613456054183517E-001,
9.173152051251252E+008,1.642078100336731E-001,
9.223000703703704E+008,1.665063036467587E-001,
9.272849356156156E+008,1.692362493300388E-001,
9.322698008608608E+008,1.713111609046950E-001,
9.372546661061062E+008,1.739047170512111E-001,
9.422395313513514E+008,1.777043125250106E-001,
9.472243965965966E+008,1.783801635532879E-001,
9.522092618418418E+008,1.761556497149535E-001,
9.571941270870872E+008,1.724122603782843E-001,
9.621789923323324E+008,1.692280175305420E-001,
9.671638575775776E+008,1.662593515837999E-001,
9.721487228228228E+008,1.641009375148750E-001,
9.771335880680680E+008,1.615669544109575E-001,
9.821184533133134E+008,1.575774713596455E-001,
9.871033185585586E+008,1.520088855777402E-001,
9.920881838038038E+008,1.464441317408838E-001,
9.970730490490490E+008,1.422555478710345E-001,
1.002057914294294E+009,1.384366814628512E-001,
1.007042779539540E+009,1.354896465487224E-001,
1.012027644784785E+009,1.333389951934796E-001,
1.017012510030030E+009,1.308962847956569E-001,
1.021997375275275E+009,1.283490198173845E-001,
1.026982240520521E+009,1.254067744108477E-001,
1.031967105765766E+009,1.226345067108691E-001,
1.036951971011011E+009,1.190987710858045E-001,
1.041936836256256E+009,1.138361613657612E-001,
1.046921701501502E+009,1.090712250766534E-001,
1.051906566746747E+009,1.046731783015511E-001,
1.056891431991992E+009,1.011925730426586E-001,
1.061876297237237E+009,9.661983068355734E-002,
1.066861162482482E+009,9.383353641891069E-002,
1.071846027727728E+009,9.258084654822135E-002,
1.076830892972973E+009,9.225647575717710E-002,
1.081815758218218E+009,9.243048462844621E-002,
1.086800623463464E+009,9.381646620960642E-002,
1.091785488708709E+009,9.609756441128527E-002,
1.096770353953954E+009,9.885005040016778E-002,
1.101755219199199E+009,1.012198311048009E-001,
1.106740084444444E+009,1.029136551804586E-001,
1.111724949689690E+009,1.045300104407028E-001,
1.116709814934935E+009,1.050175375698918E-001,
1.121694680180180E+009,1.062018092320027E-001,
1.126679545425426E+009,1.061646585192185E-001,
1.131664410670671E+009,1.058156106608749E-001,
1.136649275915916E+009,1.044283598118433E-001,
1.141634141161161E+009,1.020107451605103E-001,
1.146619006406406E+009,9.877012240960410E-002,
1.151603871651652E+009,9.599806437411353E-002,
1.156588736896897E+009,9.351270876616352E-002,
1.161573602142142E+009,9.094699553464042E-002,
1.166558467387388E+009,8.993018620379915E-002,
1.171543332632633E+009,8.811593588700867E-002,
1.176528197877878E+009,8.759595472781323E-002,
1.181513063123123E+009,8.734303397214575E-002,
1.186497928368368E+009,8.823935502438073E-002,
1.191482793613614E+009,8.976382546304641E-002,
1.196467658858859E+009,9.123046076956662E-002,
1.201452524104104E+009,9.250924005280739E-002,
1.206437389349349E+009,9.368535573460977E-002,
1.211422254594595E+009,9.486629042329696E-002,
1.216407119839840E+009,9.425127971349961E-002,
1.221391985085085E+009,9.283919582098693E-002,
1.226376850330330E+009,9.086279130673809E-002,
1.231361715575576E+009,8.933203061193951E-002,
1.236346580820821E+009,8.758701028167081E-002,
1.241331446066066E+009,8.582858360339227E-002,
1.246316311311311E+009,8.555404696207150E-002,
1.251301176556557E+009,8.480282824245844E-002,
1.256286041801802E+009,8.422051507852134E-002,
1.261270907047047E+009,8.436153718156900E-002,
1.266255772292292E+009,8.518067578769333E-002,
1.271240637537538E+009,8.549758698160896E-002,
1.276225502782783E+009,8.561672337474206E-002,
1.281210368028028E+009,8.566553753717743E-002,
1.286195233273273E+009,8.623150911089930E-002,
1.291180098518518E+009,8.723623371632233E-002,
1.296164963763764E+009,8.903751100794348E-002,
1.301149829009009E+009,9.045250792581579E-002,
1.306134694254254E+009,9.135985648670146E-002,
1.311119559499500E+009,9.073125201114217E-002,
1.316104424744745E+009,8.774683667757012E-002,
1.321089289989990E+009,8.452410217898305E-002,
1.326074155235235E+009,8.091607185466017E-002,
1.331059020480480E+009,7.792003300234757E-002,
1.336043885725726E+009,7.416597466541483E-002,
1.341028750970971E+009,7.101440790881737E-002,
1.346013616216216E+009,6.868886642377095E-002,
1.350998481461462E+009,6.624425431454464E-002,
1.355983346706707E+009,6.482337088716227E-002,
1.360968211951952E+009,6.356913181583421E-002,
1.365953077197197E+009,6.259905893891933E-002,
1.370937942442442E+009,6.190604010450676E-002,
1.375922807687688E+009,6.172928901805187E-002,
1.380907672932933E+009,6.160736473850789E-002,
1.385892538178178E+009,6.138249366148987E-002,
1.390877403423424E+009,6.083242984471882E-002,
1.395862268668669E+009,5.950858313087742E-002,
1.400847133913914E+009,5.791259382132429E-002,
1.405831999159159E+009,5.646103671926204E-002,
1.410816864404404E+009,5.525336994209451E-002,
1.415801729649650E+009,5.386139854325368E-002,
1.420786594894895E+009,5.293751743158859E-002,
1.425771460140140E+009,5.218158108961814E-002,
1.430756325385386E+009,5.185854529211460E-002,
1.435741190630631E+009,5.151299326618868E-002,
1.440726055875876E+009,5.157680436292231E-002,
1.445710921121121E+009,5.144135844449008E-002,
1.450695786366366E+009,5.188199495137864E-002,
1.455680651611612E+009,5.236894481367826E-002,
1.460665516856857E+009,5.225056352100378E-002,
1.465650382102102E+009,5.214257229076049E-002,
1.470635247347347E+009,5.098412433043646E-002,
1.475620112592593E+009,5.000102516035855E-002,
1.480604977837838E+009,4.912583118646752E-002,
1.485589843083083E+009,4.854675900925398E-002,
1.490574708328328E+009,4.762763386595369E-002,
1.495559573573574E+009,4.686225841295989E-002,
1.500544438818819E+009,4.586826132752880E-002,
1.505529304064064E+009,4.484303634784005E-002,
1.510514169309309E+009,4.336561254426595E-002,
1.515499034554555E+009,4.295428381856176E-002,
1.520483899799800E+009,4.158897518938749E-002,
1.525468765045045E+009,4.081383704835528E-002,
1.530453630290290E+009,4.041715608835637E-002,
1.535438495535536E+009,3.979438946532754E-002,
1.540423360780781E+009,4.022354442458975E-002,
1.545408226026026E+009,4.085024285604807E-002,
1.550393091271271E+009,4.208374876523557E-002,
1.555377956516516E+009,4.276249408426509E-002,
1.560362821761762E+009,4.412400967900450E-002,
1.565347687007007E+009,4.527076666613720E-002,
1.570332552252252E+009,4.579241903108625E-002,
1.575317417497498E+009,4.609339181749032E-002,
1.580302282742743E+009,4.542446812911075E-002,
1.585287147987988E+009,4.487921368754352E-002,
1.590272013233233E+009,4.429594150879386E-002,
1.595256878478478E+009,4.458453313461085E-002,
1.600241743723724E+009,4.467819860727464E-002,
1.605226608968969E+009,4.547438052184179E-002,
1.610211474214214E+009,4.632087620940561E-002,
1.615196339459460E+009,4.665051781492140E-002,
1.620181204704705E+009,4.750394586769144E-002,
1.625166069949950E+009,4.759619781595314E-002,
1.630150935195195E+009,4.817285716569865E-002,
1.635135800440440E+009,4.818885703467379E-002,
1.640120665685686E+009,4.789506318527737E-002,
1.645105530930931E+009,4.742043385112968E-002,
1.650090396176176E+009,4.676237918971320E-002,
1.655075261421422E+009,4.597651681880565E-002,
1.660060126666667E+009,4.509641002052844E-002,
1.665044991911912E+009,4.394127143648061E-002,
1.670029857157157E+009,4.283330067613884E-002,
1.675014722402402E+009,4.236479057650996E-002,
1.679999587647648E+009,4.183108853733650E-002,
1.684984452892893E+009,4.153050187901428E-002,
1.689969318138138E+009,4.035385634767835E-002,
1.694954183383384E+009,3.913131176973002E-002,
1.699939048628629E+009,3.721757000112336E-002,
1.704923913873874E+009,3.463881995797471E-002,
1.709908779119119E+009,3.296940962194308E-002,
1.714893644364364E+009,3.076259544653236E-002,
1.719878509609610E+009,2.929608018884457E-002,
1.724863374854855E+009,2.810590399397291E-002,
1.729848240100100E+009,2.729534917002827E-002,
1.734833105345345E+009,2.820553129420242E-002,
1.739817970590591E+009,2.932090142627463E-002,
1.744802835835836E+009,3.126973679795891E-002,
1.749787701081081E+009,3.391651957983764E-002,
1.754772566326326E+009,3.524669437256638E-002,
1.759757431571572E+009,3.679870813859212E-002,
1.764742296816817E+009,3.780276961004016E-002,
1.769727162062062E+009,3.822273213882772E-002,
1.774712027307307E+009,3.825038890227679E-002,
1.779696892552553E+009,3.797841897655777E-002,
1.784681757797798E+009,3.812377541860679E-002,
1.789666623043043E+009,3.879573788485682E-002,
1.794651488288288E+009,4.137763889592460E-002,
1.799636353533534E+009,4.432455638706459E-002,
1.804621218778779E+009,4.606287649306470E-002,
1.809606084024024E+009,4.666237684969648E-002,
1.814590949269269E+009,4.618260654581555E-002,
1.819575814514514E+009,4.542366068410204E-002,
1.824560679759760E+009,4.401700866144325E-002,
1.829545545005005E+009,4.189642743978029E-002,
1.834530410250250E+009,4.086332409287182E-002,
1.839515275495496E+009,4.013217068570207E-002,
1.844500140740741E+009,3.922885339612240E-002,
1.849485005985986E+009,3.842959406817034E-002,
1.854469871231231E+009,3.782595376408512E-002,
1.859454736476476E+009,3.715074162397594E-002,
1.864439601721722E+009,3.626144551349020E-002,
1.869424466966967E+009,3.541875546057494E-002,
1.874409332212212E+009,3.449133233304263E-002,
1.879394197457458E+009,3.291394600836216E-002,
1.884379062702703E+009,3.062838404151845E-002,
1.889363927947948E+009,2.858592445018638E-002,
1.894348793193193E+009,2.630435457575741E-002,
1.899333658438438E+009,2.458943015795607E-002,
1.904318523683684E+009,2.304415441851594E-002,
1.909303388928929E+009,2.205723661696300E-002,
1.914288254174174E+009,2.061212030763491E-002,
1.919273119419420E+009,1.970865129119270E-002,
1.924257984664665E+009,1.931073563304697E-002,
1.929242849909910E+009,1.842939463876235E-002,
1.934227715155155E+009,1.759063217477735E-002,
1.939212580400400E+009,1.612581435191385E-002,
1.944197445645646E+009,1.519875109877991E-002,
1.949182310890891E+009,1.379984927765094E-002,
1.954167176136136E+009,1.359351963500030E-002,
1.959152041381382E+009,1.380744459052093E-002,
1.964136906626627E+009,1.403808152806990E-002,
1.969121771871872E+009,1.380221084702750E-002,
1.974106637117117E+009,1.364819851586337E-002,
1.979091502362362E+009,1.349367227463049E-002,
1.984076367607608E+009,1.285604575187960E-002,
1.989061232852853E+009,1.256214755006955E-002,
1.994046098098098E+009,1.209341780603220E-002,
1.999030963343343E+009,1.148263792472167E-002,
2.004015828588589E+009,1.172595239168909E-002,
2.009000693833834E+009,1.139640204059480E-002,
2.013985559079079E+009,1.038365373751467E-002,
2.018970424324324E+009,1.079933755206334E-002,
2.023955289569570E+009,1.045865160743369E-002,
2.028940154814815E+009,1.044285786151677E-002,
2.033925020060060E+009,1.113689696295926E-002,
2.038909885305305E+009,1.112824441700653E-002,
2.043894750550551E+009,1.166559587667161E-002,
2.048879615795796E+009,1.126473053916629E-002,
2.053864481041041E+009,1.116015714276326E-002,
2.058849346286286E+009,1.174289669665730E-002,
2.063834211531532E+009,1.156331398585550E-002,
2.068819076776777E+009,1.182529174085516E-002,
2.073803942022022E+009,1.162340734378817E-002,
2.078788807267267E+009,1.128410619241226E-002,
2.083773672512512E+009,1.050746517701053E-002,
2.088758537757758E+009,9.920639849344120E-003,
2.093743403003003E+009,9.315753768565039E-003,
2.098728268248248E+009,8.955935320234035E-003,
2.103713133493494E+009,8.934821304359150E-003,
2.108697998738739E+009,9.374235703883691E-003,
2.113682863983984E+009,9.738406346165979E-003,
2.118667729229229E+009,1.030752409051423E-002,
2.123652594474474E+009,1.064831118144227E-002,
2.128637459719720E+009,1.106646915015559E-002,
2.133622324964965E+009,1.051555709886794E-002,
2.138607190210210E+009,1.009205506852666E-002,
2.143592055455456E+009,9.777061974145898E-003,
2.148576920700701E+009,9.804623508067776E-003,
2.153561785945946E+009,9.265895030983871E-003,
2.158546651191191E+009,8.845207615517469E-003,
2.163531516436437E+009,8.211906574355010E-003,
2.168516381681682E+009,8.197962836826144E-003,
2.173501246926927E+009,8.580042174713264E-003,
2.178486112172172E+009,9.318741573003478E-003,
2.183470977417418E+009,1.012429120905019E-002,
2.188455842662663E+009,1.054175949684753E-002,
2.193440707907908E+009,1.166248736302805E-002,
2.198425573153153E+009,1.209454102434837E-002,
2.203410438398398E+009,1.235095353161027E-002,
2.208395303643644E+009,1.311986445627406E-002,
2.213380168888889E+009,1.428533069611486E-002,
2.218365034134134E+009,1.482173378506556E-002,
2.223349899379379E+009,1.626228332017056E-002,
2.228334764624625E+009,1.753615179314006E-002,
2.233319629869870E+009,1.853842168644461E-002,
2.238304495115115E+009,1.902948726799679E-002,
2.243289360360360E+009,1.910922999690700E-002,
2.248274225605606E+009,1.897888686174263E-002,
2.253259090850851E+009,1.893851377137903E-002,
2.258243956096096E+009,1.872163268121328E-002,
2.263228821341342E+009,1.881362200677018E-002,
2.268213686586587E+009,1.869332677653717E-002,
2.273198551831832E+009,1.889950452250191E-002,
2.278183417077077E+009,1.927631262408379E-002,
2.283168282322322E+009,1.987080138129460E-002,
2.288153147567567E+009,2.082974131171974E-002,
2.293138012812813E+009,2.173293729208219E-002,
2.298122878058058E+009,2.294574514718651E-002,
2.303107743303303E+009,2.398946021434657E-002,
2.308092608548549E+009,2.490102153373552E-002,
2.313077473793794E+009,2.603834672302465E-002,
2.318062339039039E+009,2.738150538715047E-002,
2.323047204284284E+009,2.800626069492833E-002,
2.328032069529530E+009,2.846965413481030E-002,
2.333016934774775E+009,2.909238623792935E-002,
2.338001800020020E+009,2.907435739329634E-002,
2.342986665265266E+009,2.905552767249727E-002,
2.347971530510510E+009,2.951875570466049E-002,
2.352956395755756E+009,2.982490934742703E-002,
2.357941261001001E+009,3.053087490079937E-002,
2.362926126246246E+009,3.096738525547565E-002,
2.367910991491491E+009,3.173777944599374E-002,
2.372895856736737E+009,3.209917384746712E-002,
2.377880721981982E+009,3.315778533822487E-002,
2.382865587227227E+009,3.360689342505215E-002,
2.387850452472473E+009,3.472168628212721E-002,
2.392835317717718E+009,3.608499077203327E-002,
2.397820182962963E+009,3.719631266042186E-002,
2.402805048208208E+009,3.830335770355077E-002,
2.407789913453454E+009,3.872555861996408E-002,
2.412774778698699E+009,4.011393072011646E-002,
2.417759643943944E+009,4.104868285245732E-002,
2.422744509189189E+009,4.165942169773482E-002,
2.427729374434434E+009,4.191810320984065E-002,
2.432714239679680E+009,4.198097724485807E-002,
2.437699104924925E+009,4.071650128081844E-002,
2.442683970170170E+009,4.016245716843810E-002,
2.447668835415415E+009,3.976823941055088E-002,
2.452653700660661E+009,3.969146726079780E-002,
2.457638565905906E+009,3.946567667833677E-002,
2.462623431151151E+009,3.890294590241202E-002,
2.467608296396397E+009,3.786471646093221E-002,
2.472593161641642E+009,3.747894316879204E-002,
2.477578026886887E+009,3.630108338462850E-002,
2.482562892132132E+009,3.595107633089516E-002,
2.487547757377378E+009,3.604915792219149E-002,
2.492532622622623E+009,3.506575466717608E-002,
2.497517487867868E+009,3.544881707447566E-002,
2.502502353113113E+009,3.625097963908110E-002,
2.507487218358358E+009,3.670104585996614E-002,
2.512472083603604E+009,3.781472290624933E-002,
2.517456948848849E+009,3.867937416918297E-002,
2.522441814094094E+009,3.948968902966035E-002,
2.527426679339339E+009,4.047625274312032E-002,
2.532411544584585E+009,4.094226692174654E-002,
2.537396409829830E+009,4.164098343040137E-002,
2.542381275075075E+009,4.179815563007152E-002,
2.547366140320320E+009,4.170584913827363E-002,
2.552351005565566E+009,4.177612610562875E-002,
2.557335870810811E+009,4.134563860111978E-002,
2.562320736056056E+009,4.069545720903423E-002,
2.567305601301302E+009,4.073105979474277E-002,
2.572290466546547E+009,4.000890271295204E-002,
2.577275331791792E+009,3.950349103167062E-002,
2.582260197037037E+009,3.883260107897236E-002,
2.587245062282282E+009,3.822036443604381E-002,
2.592229927527527E+009,3.876734426976862E-002,
2.597214792772773E+009,3.971045199130962E-002,
2.602199658018018E+009,3.941581417535948E-002,
2.607184523263263E+009,3.966015803086675E-002,
2.612169388508509E+009,4.003582839946053E-002,
2.617154253753754E+009,4.099247613421211E-002,
2.622139118998999E+009,4.215718627568472E-002,
2.627123984244244E+009,4.318473552266086E-002,
2.632108849489490E+009,4.442202615023742E-002,
2.637093714734735E+009,4.473208206671420E-002,
2.642078579979980E+009,4.531200339864538E-002,
2.647063445225225E+009,4.550318171284416E-002,
2.652048310470470E+009,4.549693677407317E-002,
2.657033175715716E+009,4.554794106945860E-002,
2.662018040960961E+009,4.502949873997295E-002,
2.667002906206206E+009,4.448239180542010E-002,
2.671987771451451E+009,4.455807913228682E-002,
2.676972636696697E+009,4.426818390699861E-002,
2.681957501941942E+009,4.449059802058692E-002,
2.686942367187187E+009,4.474536045927769E-002,
2.691927232432433E+009,4.508827183338094E-002,
2.696912097677678E+009,4.534538922907144E-002,
2.701896962922923E+009,4.454034720549656E-002,
2.706881828168168E+009,4.470620526939803E-002,
2.711866693413414E+009,4.428421952649044E-002,
2.716851558658659E+009,4.406782572076679E-002,
2.721836423903904E+009,4.403210545810331E-002,
2.726821289149149E+009,4.355861261163328E-002,
2.731806154394394E+009,4.287458292545797E-002,
2.736791019639640E+009,4.217940368331534E-002,
2.741775884884885E+009,4.115783685345828E-002,
2.746760750130130E+009,4.040706742774249E-002,
2.751745615375375E+009,3.913350621853153E-002,
2.756730480620621E+009,3.786314425155530E-002,
2.761715345865866E+009,3.672718036460367E-002,
2.766700211111111E+009,3.525014447957953E-002,
2.771685076356356E+009,3.416059890831231E-002,
2.776669941601602E+009,3.257493237432840E-002,
2.781654806846847E+009,3.201708416742494E-002,
2.786639672092092E+009,3.078683026918235E-002,
2.791624537337338E+009,2.947581580024274E-002,
2.796609402582583E+009,2.887680431896330E-002,
2.801594267827828E+009,2.807008264387474E-002,
2.806579133073073E+009,2.712595357605204E-002,
2.811563998318318E+009,2.655150324614603E-002,
2.816548863563564E+009,2.598469724195939E-002,
2.821533728808809E+009,2.606400678210069E-002,
2.826518594054054E+009,2.527294987293911E-002,
2.831503459299299E+009,2.531869447696676E-002,
2.836488324544545E+009,2.547520676248351E-002,
2.841473189789790E+009,2.555385390219809E-002,
2.846458055035035E+009,2.636838341415248E-002,
2.851442920280280E+009,2.601819342016088E-002,
2.856427785525526E+009,2.612792418457199E-002,
2.861412650770771E+009,2.606225702167291E-002,
2.866397516016016E+009,2.548006431498260E-002,
2.871382381261262E+009,2.535468357837803E-002,
2.876367246506506E+009,2.430654051505098E-002,
2.881352111751752E+009,2.335311007016239E-002,
2.886336976996997E+009,2.238201550466320E-002,
2.891321842242242E+009,2.122904289421780E-002,
2.896306707487487E+009,2.011157854828405E-002,
2.901291572732733E+009,1.918579996681924E-002,
2.906276437977978E+009,1.798524444272197E-002,
2.911261303223223E+009,1.742220412992590E-002,
2.916246168468469E+009,1.697205595380848E-002,
2.921231033713714E+009,1.603165608502891E-002,
2.926215898958959E+009,1.551561775100768E-002,
2.931200764204204E+009,1.523427267088215E-002,
2.936185629449450E+009,1.433786958548283E-002,
2.941170494694695E+009,1.430374606094392E-002,
2.946155359939940E+009,1.433057609639451E-002,
2.951140225185185E+009,1.335335857999097E-002,
2.956125090430430E+009,1.384096601125469E-002,
2.961109955675676E+009,1.315228843457898E-002,
2.966094820920921E+009,1.201014274665683E-002,
2.971079686166166E+009,1.176104492654040E-002,
2.976064551411411E+009,1.072554353718540E-002,
2.981049416656657E+009,9.711562267731153E-003,
2.986034281901902E+009,9.477098809491788E-003,
2.991019147147147E+009,9.033878755485770E-003,
2.996004012392393E+009,8.478674457866115E-003,
3.000988877637638E+009,8.223503071259143E-003,
3.005973742882883E+009,8.012525222583255E-003,
3.010958608128128E+009,7.699395616087353E-003,
3.015943473373374E+009,7.436109264140181E-003,
3.020928338618619E+009,7.126695469374578E-003,
3.025913203863864E+009,6.924623198302483E-003,
3.030898069109109E+009,6.767080189452709E-003,
3.035882934354354E+009,6.564932746925847E-003,
3.040867799599600E+009,6.319185399856432E-003,
3.045852664844845E+009,6.060238132401213E-003,
3.050837530090090E+009,5.838403253838238E-003,
3.055822395335335E+009,5.651284896341698E-003,
3.060807260580581E+009,5.488403538711506E-003,
3.065792125825826E+009,5.368877316995677E-003,
3.070776991071071E+009,5.214211330933873E-003,
3.075761856316316E+009,5.011541354660180E-003,
3.080746721561562E+009,4.808207682047682E-003,
3.085731586806807E+009,4.597807785590592E-003,
3.090716452052052E+009,4.474969909697510E-003,
3.095701317297298E+009,4.457819708925582E-003,
3.100686182542543E+009,4.290793691793006E-003,
3.105671047787788E+009,4.107292227074139E-003,
3.110655913033033E+009,3.942429054623797E-003,
3.115640778278278E+009,3.837922092056395E-003,
3.120625643523523E+009,3.856481992702410E-003,
3.125610508768769E+009,3.895536458901416E-003,
3.130595374014014E+009,3.927369148942363E-003,
3.135580239259259E+009,4.004930731901269E-003,
3.140565104504505E+009,4.066240939556892E-003,
3.145549969749750E+009,4.437377644152958E-003,
3.150534834994995E+009,4.691153470072240E-003,
3.155519700240240E+009,5.224733690574420E-003,
3.160504565485486E+009,5.702687500747793E-003,
3.165489430730731E+009,6.240860642627854E-003,
3.170474295975976E+009,6.726794993091531E-003,
3.175459161221221E+009,7.128252527033112E-003,
3.180444026466466E+009,7.669545563069050E-003,
3.185428891711712E+009,8.263613572007613E-003,
3.190413756956957E+009,8.814448726696981E-003,
3.195398622202202E+009,9.330393952269450E-003,
3.200383487447447E+009,9.913790369046369E-003,
3.205368352692693E+009,1.032006432773631E-002,
3.210353217937938E+009,1.064812027266384E-002,
3.215338083183183E+009,1.090631578237659E-002,
3.220322948428429E+009,1.112460242517331E-002,
3.225307813673674E+009,1.151057457750141E-002,
3.230292678918919E+009,1.192737486935668E-002,
3.235277544164164E+009,1.240989120056098E-002,
3.240262409409410E+009,1.287191354586001E-002,
3.245247274654655E+009,1.356707326864414E-002,
3.250232139899900E+009,1.435928793839571E-002,
3.255217005145145E+009,1.502241224937408E-002,
3.260201870390390E+009,1.567273782867146E-002,
3.265186735635636E+009,1.625231721090427E-002,
3.270171600880881E+009,1.593856920743858E-002,
3.275156466126126E+009,1.719534259066452E-002,
3.280141331371371E+009,1.677853314924468E-002,
3.285126196616617E+009,1.677949256070932E-002,
3.290111061861862E+009,1.696695320476840E-002,
3.295095927107107E+009,1.638068892071209E-002,
3.300080792352352E+009,1.696956920864829E-002,
3.305065657597598E+009,1.644358860910094E-002,
3.310050522842843E+009,1.737609758543063E-002,
3.315035388088088E+009,1.700570037440287E-002,
3.320020253333334E+009,1.664556655591960E-002,
3.325005118578579E+009,1.756895506200781E-002,
3.329989983823824E+009,1.756378008676439E-002,
3.334974849069069E+009,1.742669970620525E-002,
3.339959714314314E+009,1.716535944456792E-002,
3.344944579559560E+009,1.772022498046116E-002,
3.349929444804805E+009,1.787648068198203E-002,
3.354914310050050E+009,1.822780884857442E-002,
3.359899175295295E+009,1.914995471728224E-002,
3.364884040540541E+009,1.998056853703587E-002,
3.369868905785786E+009,1.986992343982171E-002,
3.374853771031031E+009,2.091641450521712E-002,
3.379838636276276E+009,2.073066032122197E-002,
3.384823501521522E+009,2.110625094883487E-002,
3.389808366766767E+009,2.175783368093378E-002,
3.394793232012012E+009,2.188570058071367E-002,
3.399778097257258E+009,2.269025198623408E-002,
3.404762962502502E+009,2.241158833483862E-002,
3.409747827747748E+009,2.292114229761512E-002,
3.414732692992993E+009,2.325696877382675E-002,
3.419717558238238E+009,2.303854090529952E-002,
3.424702423483483E+009,2.394452198073611E-002,
3.429687288728729E+009,2.363890884315864E-002,
3.434672153973974E+009,2.391480358470498E-002,
3.439657019219219E+009,2.395173701493419E-002,
3.444641884464465E+009,2.390065900043187E-002,
3.449626749709710E+009,2.334250802583367E-002,
3.454611614954955E+009,2.376444833174357E-002,
3.459596480200200E+009,2.336308876291621E-002,
3.464581345445446E+009,2.290449639991739E-002,
3.469566210690691E+009,2.331909139188216E-002,
3.474551075935936E+009,2.326588851068084E-002,
3.479535941181181E+009,2.307923224590940E-002,
3.484520806426426E+009,2.340327640704748E-002,
3.489505671671672E+009,2.322857981720756E-002,
3.494490536916917E+009,2.338866889893983E-002,
3.499475402162162E+009,2.371025077859484E-002,
3.504460267407407E+009,2.327532565975390E-002,
3.509445132652653E+009,2.418073571054174E-002,
3.514429997897898E+009,2.349047844122369E-002,
3.519414863143143E+009,2.353347298693808E-002,
3.524399728388389E+009,2.358804191900328E-002,
3.529384593633634E+009,2.288376567865661E-002,
3.534369458878879E+009,2.305934179136071E-002,
3.539354324124124E+009,2.239001584430492E-002,
3.544339189369370E+009,2.249425937141300E-002,
3.549324054614615E+009,2.177624476514340E-002,
3.554308919859860E+009,2.102576126385924E-002,
3.559293785105105E+009,2.126096271733166E-002,
3.564278650350350E+009,2.118029733260166E-002,
3.569263515595596E+009,2.156702363054713E-002,
3.574248380840841E+009,2.198051784932577E-002,
3.579233246086086E+009,2.294293708044874E-002,
3.584218111331331E+009,2.303018813752789E-002,
3.589202976576577E+009,2.364026382138174E-002,
3.594187841821822E+009,2.399340362242362E-002,
3.599172707067067E+009,2.421409728914453E-002,
3.604157572312312E+009,2.453984625756624E-002,
3.609142437557558E+009,2.479474145151398E-002,
3.614127302802803E+009,2.477172970659301E-002,
3.619112168048048E+009,2.471992978799918E-002,
3.624097033293294E+009,2.382612093195687E-002,
3.629081898538539E+009,2.329566421406095E-002,
3.634066763783784E+009,2.324957220837987E-002,
3.639051629029029E+009,2.245453665284356E-002,
3.644036494274274E+009,2.248354844141351E-002,
3.649021359519519E+009,2.079080873606653E-002,
3.654006224764765E+009,2.032414462197762E-002,
3.658991090010010E+009,2.015338145044804E-002,
3.663975955255255E+009,1.982595040730905E-002,
3.668960820500501E+009,1.918271664729543E-002,
3.673945685745746E+009,1.963039659373376E-002,
3.678930550990991E+009,1.898659285209105E-002,
3.683915416236236E+009,1.940321388055449E-002,
3.688900281481482E+009,1.905138186579877E-002,
3.693885146726727E+009,1.960939377924030E-002,
3.698870011971972E+009,1.994138999219658E-002,
3.703854877217217E+009,1.956240436507486E-002,
3.708839742462462E+009,2.029198694715569E-002,
3.713824607707708E+009,2.023108989786812E-002,
3.718809472952953E+009,2.045523279317340E-002,
3.723794338198198E+009,1.924900922200528E-002,
3.728779203443443E+009,1.936815383224838E-002,
3.733764068688689E+009,1.950505975209032E-002,
3.738748933933934E+009,1.950704820715617E-002,
3.743733799179179E+009,1.944206196907668E-002,
3.748718664424425E+009,1.900363863187124E-002,
3.753703529669670E+009,1.883388624570019E-002,
3.758688394914915E+009,1.913963709488425E-002,
3.763673260160160E+009,1.920059636487903E-002,
3.768658125405406E+009,1.957191222411826E-002,
3.773642990650651E+009,1.898467503359154E-002,
3.778627855895896E+009,1.966747550311689E-002,
3.783612721141141E+009,1.896741356126112E-002,
3.788597586386386E+009,1.916376908036079E-002,
3.793582451631632E+009,1.830205714158353E-002,
3.798567316876877E+009,1.809586743771570E-002,
3.803552182122122E+009,1.782294623345720E-002,
3.808537047367367E+009,1.724892645726105E-002,
3.813521912612613E+009,1.675104632423073E-002,
3.818506777857858E+009,1.626205724861047E-002,
3.823491643103103E+009,1.587546820624971E-002,
3.828476508348349E+009,1.533207180335993E-002,
3.833461373593594E+009,1.475469233045055E-002,
3.838446238838839E+009,1.474639474322016E-002,
3.843431104084084E+009,1.451348541726370E-002,
3.848415969329330E+009,1.442468859951467E-002,
3.853400834574575E+009,1.444134681404567E-002,
3.858385699819820E+009,1.440896219158130E-002,
3.863370565065065E+009,1.472411001606448E-002,
3.868355430310310E+009,1.491394796238035E-002,
3.873340295555556E+009,1.518246610904831E-002,
3.878325160800801E+009,1.543716813880909E-002,
3.883310026046046E+009,1.557399836220918E-002,
3.888294891291291E+009,1.562029050648041E-002,
3.893279756536537E+009,1.558395415347420E-002,
3.898264621781782E+009,1.554115899772636E-002,
3.903249487027027E+009,1.559530533485241E-002,
3.908234352272272E+009,1.554639358546810E-002,
3.913219217517518E+009,1.543683278735741E-002,
3.918204082762763E+009,1.517100117272637E-002,
3.923188948008008E+009,1.481408958553540E-002,
3.928173813253254E+009,1.448620301261449E-002,
3.933158678498498E+009,1.427912573085009E-002,
3.938143543743744E+009,1.422703543275681E-002,
3.943128408988989E+009,1.422516433663053E-002,
3.948113274234234E+009,1.448803675510156E-002,
3.953098139479479E+009,1.442638849576288E-002,
3.958083004724725E+009,1.462559778494236E-002,
3.963067869969970E+009,1.474498749560451E-002,
3.968052735215215E+009,1.490408547042447E-002,
3.973037600460461E+009,1.492807622778335E-002,
3.978022465705706E+009,1.482884083880381E-002,
3.983007330950951E+009,1.461882088451089E-002,
3.987992196196196E+009,1.457411667069091E-002,
3.992977061441442E+009,1.425945963728895E-002,
3.997961926686687E+009,1.399340733358065E-002,
4.002946791931932E+009,1.368490788393022E-002,
4.007931657177177E+009,1.332863554355088E-002,
4.012916522422422E+009,1.321265920248407E-002,
4.017901387667668E+009,1.289791736455912E-002,
4.022886252912913E+009,1.267684225070471E-002,
4.027871118158158E+009,1.262236046182251E-002,
4.032855983403403E+009,1.267574888889726E-002,
4.037840848648649E+009,1.275755684790556E-002,
4.042825713893894E+009,1.309516473342673E-002,
4.047810579139139E+009,1.335353325758112E-002,
4.052795444384385E+009,1.366361457386397E-002,
4.057780309629630E+009,1.398944734913254E-002,
4.062765174874875E+009,1.431221694272982E-002,
4.067750040120120E+009,1.461117269980842E-002,
4.072734905365366E+009,1.503457096624837E-002,
4.077719770610611E+009,1.509566917743168E-002,
4.082704635855856E+009,1.520391865491171E-002,
4.087689501101101E+009,1.511445755442980E-002,
4.092674366346346E+009,1.484714512637894E-002,
4.097659231591592E+009,1.458878781537045E-002,
4.102644096836837E+009,1.425039664550881E-002,
4.107628962082082E+009,1.395838399638917E-002,
4.112613827327327E+009,1.362402411423897E-002,
4.117598692572573E+009,1.318884778448766E-002,
4.122583557817818E+009,1.269675795989096E-002,
4.127568423063063E+009,1.240907278446097E-002,
4.132553288308308E+009,1.213583134990827E-002,
4.137538153553554E+009,1.211834102495685E-002,
4.142523018798799E+009,1.227155246570113E-002,
4.147507884044044E+009,1.249731452286629E-002,
4.152492749289290E+009,1.285902460318374E-002,
4.157477614534535E+009,1.315331004894977E-002,
4.162462479779780E+009,1.341915468801192E-002,
4.167447345025025E+009,1.360839700610778E-002,
4.172432210270270E+009,1.391494278970330E-002,
4.177417075515515E+009,1.408513370398019E-002,
4.182401940760761E+009,1.404736942665989E-002,
4.187386806006006E+009,1.394640707328073E-002,
4.192371671251251E+009,1.382247756130788E-002,
4.197356536496497E+009,1.355293105316394E-002,
4.202341401741742E+009,1.335027326219363E-002,
4.207326266986987E+009,1.297235126719645E-002,
4.212311132232232E+009,1.265593100211474E-002,
4.217295997477478E+009,1.241401247082355E-002,
4.222280862722723E+009,1.227618560776203E-002,
4.227265727967968E+009,1.225777405523746E-002,
4.232250593213213E+009,1.213554036812144E-002,
4.237235458458458E+009,1.217680989649233E-002,
4.242220323703704E+009,1.209010471094405E-002,
4.247205188948949E+009,1.221268756452973E-002,
4.252190054194194E+009,1.237513269953503E-002,
4.257174919439439E+009,1.254634233455215E-002,
4.262159784684685E+009,1.273424977581793E-002,
4.267144649929930E+009,1.297232729331925E-002,
4.272129515175175E+009,1.316824392489757E-002,
4.277114380420421E+009,1.315766930398269E-002,
4.282099245665666E+009,1.303350885881201E-002,
4.287084110910911E+009,1.279571114178918E-002,
4.292068976156156E+009,1.251947341327479E-002,
4.297053841401402E+009,1.204178651768536E-002,
4.302038706646647E+009,1.164989300507659E-002,
4.307023571891892E+009,1.116442175737670E-002,
4.312008437137137E+009,1.082022487385732E-002,
4.316993302382382E+009,1.054342780062046E-002,
4.321978167627627E+009,1.039289120228488E-002,
4.326963032872873E+009,9.997592842140373E-003,
4.331947898118118E+009,9.703268400363247E-003,
4.336932763363363E+009,9.524088468668257E-003,
4.341917628608608E+009,9.234039293589482E-003,
4.346902493853854E+009,8.984278912026548E-003,
4.351887359099099E+009,8.737544115296593E-003,
4.356872224344344E+009,8.538084903397948E-003,
4.361857089589590E+009,8.238272863556403E-003,
4.366841954834835E+009,7.995143380058958E-003,
4.371826820080080E+009,7.819283693764370E-003,
4.376811685325325E+009,7.682856911755363E-003,
4.381796550570571E+009,7.497695734255966E-003,
4.386781415815816E+009,7.415847092198209E-003,
4.391766281061061E+009,7.241165203045458E-003,
4.396751146306306E+009,7.158272921178665E-003,
4.401736011551552E+009,7.033927830723094E-003,
4.406720876796797E+009,6.963576806375191E-003,
4.411705742042042E+009,6.741891691867248E-003,
4.416690607287288E+009,6.491215161408012E-003,
4.421675472532533E+009,6.251426827607269E-003,
4.426660337777778E+009,6.126239513322351E-003,
4.431645203023023E+009,5.928027903703200E-003,
4.436630068268269E+009,5.714446732843051E-003,
4.441614933513514E+009,5.325069354416520E-003,
4.446599798758759E+009,5.249695660798220E-003,
4.451584664004005E+009,5.072001806166428E-003,
4.456569529249250E+009,4.841174707838200E-003,
4.461554394494494E+009,4.817236761943775E-003,
4.466539259739739E+009,4.696589993151430E-003,
4.471524124984985E+009,4.712787199868856E-003,
4.476508990230230E+009,4.702996525383973E-003,
4.481493855475475E+009,4.723724436629407E-003,
4.486478720720720E+009,4.715488119685955E-003,
4.491463585965966E+009,4.786257201380672E-003,
4.496448451211211E+009,4.940337931234438E-003,
4.501433316456456E+009,5.004258201176313E-003,
4.506418181701702E+009,5.090918662477968E-003,
4.511403046946947E+009,5.160760013732646E-003,
4.516387912192192E+009,5.302246383121486E-003,
4.521372777437437E+009,5.437304716446909E-003,
4.526357642682683E+009,5.392256222427600E-003,
4.531342507927928E+009,5.256534048847712E-003,
4.536327373173173E+009,5.273479889394563E-003,
4.541312238418419E+009,5.131189334761157E-003,
4.546297103663664E+009,5.056475430330742E-003,
4.551281968908909E+009,4.829930253898626E-003,
4.556266834154154E+009,4.786610464594671E-003,
4.561251699399400E+009,4.679344844045322E-003,
4.566236564644645E+009,4.632169930416533E-003,
4.571221429889890E+009,4.716222219542331E-003,
4.576206295135135E+009,4.738620179375561E-003,
4.581191160380381E+009,4.821284751497281E-003,
4.586176025625626E+009,5.143450922555565E-003,
4.591160890870871E+009,5.392892105448288E-003,
4.596145756116117E+009,5.649004002649884E-003,
4.601130621361362E+009,6.001983543262461E-003,
4.606115486606607E+009,6.272430659728559E-003,
4.611100351851852E+009,6.525549976923709E-003,
4.616085217097097E+009,6.614576708201469E-003,
4.621070082342342E+009,6.686130327973351E-003,
4.626054947587587E+009,6.594397879488375E-003,
4.631039812832833E+009,6.386284222188720E-003,
4.636024678078078E+009,6.088870588808493E-003,
4.641009543323323E+009,5.914282532719311E-003,
4.645994408568568E+009,5.739416340330206E-003,
4.650979273813814E+009,5.627404703714526E-003,
4.655964139059059E+009,5.613829538435145E-003,
4.660949004304304E+009,5.548175825662327E-003,
4.665933869549550E+009,5.615148930517638E-003,
4.670918734794795E+009,5.725833992665047E-003,
4.675903600040040E+009,5.741916967503879E-003,
4.680888465285285E+009,5.837881506583645E-003,
4.685873330530531E+009,6.013772836540354E-003,
4.690858195775776E+009,6.209850071161462E-003,
4.695843061021021E+009,6.305770212792080E-003,
4.700827926266266E+009,6.540761109672991E-003,
4.705812791511512E+009,6.720051042701872E-003,
4.710797656756757E+009,6.915774522480569E-003,
4.715782522002002E+009,6.961996362284964E-003,
4.720767387247248E+009,6.848353901869753E-003,
4.725752252492493E+009,6.596575263505345E-003,
4.730737117737738E+009,6.383240503423695E-003,
4.735721982982983E+009,6.100163144774319E-003,
4.740706848228229E+009,5.670832631529326E-003,
4.745691713473474E+009,5.365421320753726E-003,
4.750676578718719E+009,5.032398928802800E-003,
4.755661443963965E+009,4.878313780767978E-003,
4.760646309209209E+009,4.631950529009724E-003,
4.765631174454454E+009,4.433690854667406E-003,
4.770616039699699E+009,4.502676494902126E-003,
4.775600904944945E+009,4.352838080566169E-003,
4.780585770190190E+009,4.468796633038428E-003,
4.785570635435435E+009,4.617630278041303E-003,
4.790555500680680E+009,4.841123917101508E-003,
4.795540365925926E+009,5.038670690717706E-003,
4.800525231171171E+009,5.364995812819337E-003,
4.805510096416416E+009,5.740632116332642E-003,
4.810494961661662E+009,6.024738721436024E-003,
4.815479826906907E+009,6.283648478413013E-003,
4.820464692152152E+009,6.360186840560916E-003,
4.825449557397397E+009,6.323741164433089E-003,
4.830434422642643E+009,6.048216700332489E-003,
4.835419287887888E+009,5.847068169325867E-003,
4.840404153133133E+009,5.669161930562557E-003,
4.845389018378379E+009,5.465718260622227E-003,
4.850373883623624E+009,5.337455050643330E-003,
4.855358748868869E+009,5.335723737984553E-003,
4.860343614114114E+009,5.289561816778590E-003,
4.865328479359360E+009,5.325153099288470E-003,
4.870313344604605E+009,5.396240888725362E-003,
4.875298209849850E+009,5.507345919005033E-003,
4.880283075095095E+009,5.658652621645395E-003,
4.885267940340341E+009,5.772561968052690E-003,
4.890252805585586E+009,6.112413469683518E-003,
4.895237670830831E+009,6.412905842590821E-003,
4.900222536076077E+009,6.803362701319724E-003,
4.905207401321322E+009,7.075579070262478E-003,
4.910192266566567E+009,7.508815650648806E-003,
4.915177131811811E+009,7.765126276433995E-003,
4.920161997057057E+009,7.901612557684503E-003,
4.925146862302302E+009,7.976115177662422E-003,
4.930131727547547E+009,7.996323370851566E-003,
4.935116592792793E+009,7.953033177876764E-003,
4.940101458038038E+009,7.771879892158239E-003,
4.945086323283283E+009,7.734461831524229E-003,
4.950071188528528E+009,7.565692440015036E-003,
4.955056053773774E+009,7.572208365121735E-003,
4.960040919019019E+009,7.430279988535604E-003,
4.965025784264264E+009,7.453760316577088E-003,
4.970010649509509E+009,7.632805835563480E-003,
4.974995514754755E+009,7.664641796346534E-003,
4.979980380000000E+009,7.829763201181884E-003,
