% Version 1.00
%
% Ref Impedances: Z01: 50, Z02: 50
% 
%freq[Hz];Trc1_S21[U];
1.000000000000000E+005,2.034282526475090E-005,
5.084865245245245E+006,2.282566542701321E-004,
1.006973049049049E+007,8.328172895702376E-004,
1.505459573573574E+007,1.836680691940140E-003,
2.003946098098098E+007,2.390822129148882E-003,
2.502432622622623E+007,3.515067886322588E-003,
3.000919147147147E+007,5.132615987145778E-003,
3.499405671671671E+007,9.246024264792471E-003,
3.997892196196196E+007,1.781084764221318E-002,
4.496378720720721E+007,5.792497861082031E-002,
4.994865245245245E+007,4.507510930796478E-002,
5.493351769769770E+007,2.599466362718151E-002,
5.991838294294295E+007,2.014207328538732E-002,
6.490324818818819E+007,1.538204244240183E-002,
6.988811343343343E+007,1.204301637268108E-002,
7.487297867867868E+007,9.336296971261858E-003,
7.985784392392393E+007,7.328093561828225E-003,
8.484270916916917E+007,6.732048248996162E-003,
8.982757441441442E+007,6.212449652400654E-003,
9.481243965965965E+007,6.272956524908446E-003,
9.979730490490490E+007,6.613478330772254E-003,
1.047821701501502E+008,7.193699782948352E-003,
1.097670353953954E+008,7.975763312123163E-003,
1.147519006406407E+008,8.662508138479201E-003,
1.197367658858859E+008,9.347495575971350E-003,
1.247216311311311E+008,1.014283199234130E-002,
1.297064963763764E+008,1.193860640006936E-002,
1.346913616216216E+008,1.400747660684680E-002,
1.396762268668669E+008,1.864615425380038E-002,
1.446610921121121E+008,2.236964896571209E-002,
1.496459573573574E+008,2.903378625553246E-002,
1.546308226026026E+008,4.122036365227167E-002,
1.596156878478479E+008,7.162576384833726E-002,
1.646005530930931E+008,1.362039160504943E-001,
1.695854183383384E+008,1.496462215269237E-001,
1.745702835835836E+008,8.542657843805218E-002,
1.795551488288288E+008,5.309079463587781E-002,
1.845400140740741E+008,3.691829170304611E-002,
1.895248793193193E+008,2.847141427852692E-002,
1.945097445645646E+008,2.252398484654082E-002,
1.994946098098098E+008,1.774838095433970E-002,
2.044794750550551E+008,1.344799574420556E-002,
2.094643403003003E+008,1.058817877592021E-002,
2.144492055455456E+008,8.509519773942993E-003,
2.194340707907908E+008,6.313975177293205E-003,
2.244189360360360E+008,4.823538251304019E-003,
2.294038012812813E+008,3.952442004704926E-003,
2.343886665265265E+008,4.143492118531646E-003,
2.393735317717718E+008,5.965916573228564E-003,
2.443583970170170E+008,8.802208737510827E-003,
2.493432622622623E+008,1.352531040568134E-002,
2.543281275075075E+008,1.882978232171131E-002,
2.593129927527528E+008,2.760162109135607E-002,
2.642978579979980E+008,4.025815563612398E-002,
2.692827232432432E+008,6.271149692025341E-002,
2.742675884884885E+008,1.053685221797398E-001,
2.792524537337337E+008,1.625872632860525E-001,
2.842373189789790E+008,1.383282983364996E-001,
2.892221842242242E+008,9.324233345140173E-002,
2.942070494694695E+008,6.715579714857628E-002,
2.991919147147147E+008,5.214852215909275E-002,
3.041767799599600E+008,4.243683628242728E-002,
3.091616452052052E+008,3.661352508065470E-002,
3.141465104504505E+008,3.092536786679236E-002,
3.191313756956957E+008,2.568647147812720E-002,
3.241162409409409E+008,2.153397231550759E-002,
3.291011061861862E+008,1.823717589624262E-002,
3.340859714314314E+008,1.505048105017099E-002,
3.390708366766767E+008,1.247891540021013E-002,
3.440557019219219E+008,1.058936949712670E-002,
3.490405671671672E+008,8.561830220124474E-003,
3.540254324124124E+008,6.982176591254024E-003,
3.590102976576577E+008,5.377747591881869E-003,
3.639951629029029E+008,4.079427345270229E-003,
3.689800281481482E+008,2.978687122814570E-003,
3.739648933933934E+008,2.425188894869894E-003,
3.789497586386386E+008,2.601286950765016E-003,
3.839346238838839E+008,3.660151651888605E-003,
3.889194891291291E+008,4.853645652756932E-003,
3.939043543743744E+008,5.757665859525785E-003,
3.988892196196196E+008,6.683040130960566E-003,
4.038740848648649E+008,7.651756541872011E-003,
4.088589501101101E+008,9.133404521952576E-003,
4.138438153553554E+008,1.092221996934519E-002,
4.188286806006006E+008,1.272729318553882E-002,
4.238135458458459E+008,1.524286307840406E-002,
4.287984110910911E+008,1.618231302404419E-002,
4.337832763363363E+008,1.558947238838117E-002,
4.387681415815816E+008,1.543977220632499E-002,
4.437530068268268E+008,1.603501200518851E-002,
4.487378720720721E+008,1.626001833416939E-002,
4.537227373173173E+008,1.821495822295993E-002,
4.587076025625626E+008,1.969964182918473E-002,
4.636924678078078E+008,2.157672140408540E-002,
4.686773330530531E+008,2.361610191975919E-002,
4.736621982982983E+008,2.627922375656190E-002,
4.786470635435436E+008,2.839065421924974E-002,
4.836319287887888E+008,3.106107155997617E-002,
4.886167940340340E+008,3.333882195905628E-002,
4.936016592792793E+008,3.576106757290876E-002,
4.985865245245245E+008,3.726291152918942E-002,
5.035713897697698E+008,3.849569346866104E-002,
5.085562550150150E+008,4.009042947755712E-002,
5.135411202602603E+008,4.049788870964119E-002,
5.185259855055055E+008,4.047890787348411E-002,
5.235108507507508E+008,4.123981354912104E-002,
5.284957159959960E+008,4.126129621403017E-002,
5.334805812412412E+008,4.146994670576257E-002,
5.384654464864864E+008,4.187422828515723E-002,
5.434503117317318E+008,4.353802620922222E-002,
5.484351769769770E+008,4.497358321680502E-002,
5.534200422222222E+008,4.646631274385228E-002,
5.584049074674674E+008,4.785235379129319E-002,
5.633897727127128E+008,4.964143699069482E-002,
5.683746379579580E+008,5.122134374222759E-002,
5.733595032032032E+008,5.153779035370982E-002,
5.783443684484484E+008,5.180949943598565E-002,
5.833292336936938E+008,5.096613546351780E-002,
5.883140989389390E+008,5.079068447197848E-002,
5.932989641841842E+008,5.144390902266419E-002,
5.982838294294294E+008,5.210538934293683E-002,
6.032686946746746E+008,5.316150713995413E-002,
6.082535599199200E+008,5.358616863248492E-002,
6.132384251651652E+008,5.474163288414161E-002,
6.182232904104104E+008,5.574914718699045E-002,
6.232081556556556E+008,5.625970895247692E-002,
6.281930209009010E+008,5.769482438752095E-002,
6.331778861461462E+008,5.941009878924018E-002,
6.381627513913914E+008,6.066205489457067E-002,
6.431476166366366E+008,6.260182904287234E-002,
6.481324818818818E+008,6.440344929328923E-002,
6.531173471271272E+008,6.714481292927534E-002,
6.581022123723724E+008,6.940915665760737E-002,
6.630870776176176E+008,7.179576088095709E-002,
6.680719428628628E+008,7.642387797637154E-002,
6.730568081081082E+008,8.193386190858473E-002,
6.780416733533534E+008,8.782842681629723E-002,
6.830265385985986E+008,9.369537852288627E-002,
6.880114038438438E+008,9.912293701997008E-002,
6.929962690890890E+008,1.044700860780310E-001,
6.979811343343344E+008,1.095649419934534E-001,
7.029659995795796E+008,1.142316405432231E-001,
7.079508648248248E+008,1.188780910083839E-001,
7.129357300700700E+008,1.226456054183684E-001,
7.179205953153154E+008,1.260949446907221E-001,
7.229054605605606E+008,1.291706216425017E-001,
7.278903258058058E+008,1.323177934186637E-001,
7.328751910510510E+008,1.340670593094493E-001,
7.378600562962964E+008,1.367454760365650E-001,
7.428449215415416E+008,1.406317579179807E-001,
7.478297867867868E+008,1.456126674208635E-001,
7.528146520320320E+008,1.517627378098667E-001,
7.577995172772772E+008,1.593616885933044E-001,
7.627843825225226E+008,1.665889386281557E-001,
7.677692477677678E+008,1.738490440683237E-001,
7.727541130130130E+008,1.788051555647752E-001,
7.777389782582582E+008,1.808759177703649E-001,
7.827238435035036E+008,1.794217094457679E-001,
7.877087087487488E+008,1.759634048569839E-001,
7.926935739939940E+008,1.731110075766859E-001,
7.976784392392392E+008,1.705292785894387E-001,
8.026633044844844E+008,1.693436542508700E-001,
8.076481697297298E+008,1.674039135945683E-001,
8.126330349749750E+008,1.644139215404210E-001,
8.176179002202202E+008,1.612630438014421E-001,
8.226027654654654E+008,1.598590825308767E-001,
8.275876307107108E+008,1.581569222993139E-001,
8.325724959559560E+008,1.585184840274881E-001,
8.375573612012012E+008,1.597146326286421E-001,
8.425422264464464E+008,1.605375769770004E-001,
8.475270916916918E+008,1.622257037984941E-001,
8.525119569369370E+008,1.630256971335988E-001,
8.574968221821822E+008,1.651611394477957E-001,
8.624816874274274E+008,1.661747470515443E-001,
8.674665526726726E+008,1.659309516104006E-001,
8.724514179179180E+008,1.644963880829883E-001,
8.774362831631632E+008,1.618871968499503E-001,
8.824211484084084E+008,1.570721665064224E-001,
8.874060136536536E+008,1.527087012027317E-001,
8.923908788988990E+008,1.510741911534209E-001,
8.973757441441442E+008,1.523252551131163E-001,
9.023606093893894E+008,1.552829282485352E-001,
9.073454746346346E+008,1.579795174055493E-001,
9.123303398798798E+008,1.603919934598674E-001,
9.173152051251252E+008,1.634566289992840E-001,
9.223000703703704E+008,1.662001097423678E-001,
9.272849356156156E+008,1.687404397311151E-001,
9.322698008608608E+008,1.711581512304415E-001,
9.372546661061062E+008,1.740425267240092E-001,
9.422395313513514E+008,1.770499140412250E-001,
9.472243965965966E+008,1.776826844127069E-001,
9.522092618418418E+008,1.753520018611638E-001,
9.571941270870872E+008,1.709536413101774E-001,
9.621789923323324E+008,1.677392725042149E-001,
9.671638575775776E+008,1.647830471266179E-001,
9.721487228228228E+008,1.626940771954516E-001,
9.771335880680680E+008,1.606615467389993E-001,
9.821184533133134E+008,1.564926554848730E-001,
9.871033185585586E+008,1.508070892710916E-001,
9.920881838038038E+008,1.454864825776807E-001,
9.970730490490490E+008,1.410836831089497E-001,
1.002057914294294E+009,1.374029367993127E-001,
1.007042779539540E+009,1.344233266571088E-001,
1.012027644784785E+009,1.319488443018907E-001,
1.017012510030030E+009,1.294268674963851E-001,
1.021997375275275E+009,1.266217796825914E-001,
1.026982240520521E+009,1.236032880547840E-001,
1.031967105765766E+009,1.203226420218513E-001,
1.036951971011011E+009,1.163070970703195E-001,
1.041936836256256E+009,1.106145995804552E-001,
1.046921701501502E+009,1.060070288817081E-001,
1.051906566746747E+009,1.019036221053849E-001,
1.056891431991992E+009,9.816535003803925E-002,
1.061876297237237E+009,9.424920933398838E-002,
1.066861162482482E+009,9.157926686968197E-002,
1.071846027727728E+009,9.045037733704922E-002,
1.076830892972973E+009,9.060045609692881E-002,
1.081815758218218E+009,9.102937486549992E-002,
1.086800623463464E+009,9.277725303427033E-002,
1.091785488708709E+009,9.496512911348772E-002,
1.096770353953954E+009,9.818782234330076E-002,
1.101755219199199E+009,1.008356194750744E-001,
1.106740084444444E+009,1.033436467819552E-001,
1.111724949689690E+009,1.051079084908092E-001,
1.116709814934935E+009,1.066325431609428E-001,
1.121694680180180E+009,1.079538244313245E-001,
1.126679545425426E+009,1.083555101778829E-001,
1.131664410670671E+009,1.083652064577951E-001,
1.136649275915916E+009,1.070120290182244E-001,
1.141634141161161E+009,1.046798334054697E-001,
1.146619006406406E+009,1.020230979127776E-001,
1.151603871651652E+009,9.878410445654921E-002,
1.156588736896897E+009,9.610762546295144E-002,
1.161573602142142E+009,9.430442575310781E-002,
1.166558467387388E+009,9.312122380418758E-002,
1.171543332632633E+009,9.164744526087156E-002,
1.176528197877878E+009,9.110758161658414E-002,
1.181513063123123E+009,9.121268402936938E-002,
1.186497928368368E+009,9.205688497142510E-002,
1.191482793613614E+009,9.321393812635366E-002,
1.196467658858859E+009,9.447016034374202E-002,
1.201452524104104E+009,9.544870134772104E-002,
1.206437389349349E+009,9.658392750200667E-002,
1.211422254594595E+009,9.723647591890125E-002,
1.216407119839840E+009,9.618004266133343E-002,
1.221391985085085E+009,9.435636443070927E-002,
1.226376850330330E+009,9.225345587036721E-002,
1.231361715575576E+009,9.035598012768115E-002,
1.236346580820821E+009,8.842118378572671E-002,
1.241331446066066E+009,8.655759196859474E-002,
1.246316311311311E+009,8.594533965766135E-002,
1.251301176556557E+009,8.503462355886590E-002,
1.256286041801802E+009,8.444452728551236E-002,
1.261270907047047E+009,8.431478462851097E-002,
1.266255772292292E+009,8.459227915983091E-002,
1.271240637537538E+009,8.541981213082078E-002,
1.276225502782783E+009,8.549590531859294E-002,
1.281210368028028E+009,8.585529549783724E-002,
1.286195233273273E+009,8.678358321187576E-002,
1.291180098518518E+009,8.799573746900054E-002,
1.296164963763764E+009,8.927208880947712E-002,
1.301149829009009E+009,9.179664950141185E-002,
1.306134694254254E+009,9.243901099800887E-002,
1.311119559499500E+009,9.112657339687415E-002,
1.316104424744745E+009,8.896058873634906E-002,
1.321089289989990E+009,8.543077247652350E-002,
1.326074155235235E+009,8.152060321662054E-002,
1.331059020480480E+009,7.814872152993370E-002,
1.336043885725726E+009,7.487864061201908E-002,
1.341028750970971E+009,7.206471177065126E-002,
1.346013616216216E+009,6.942404871939728E-002,
1.350998481461462E+009,6.667534214485675E-002,
1.355983346706707E+009,6.488972428400619E-002,
1.360968211951952E+009,6.389549690616483E-002,
1.365953077197197E+009,6.283396277482035E-002,
1.370937942442442E+009,6.188083566363956E-002,
1.375922807687688E+009,6.126320230391376E-002,
1.380907672932933E+009,6.120575413253388E-002,
1.385892538178178E+009,6.157871255866736E-002,
1.390877403423424E+009,6.105470709908559E-002,
1.395862268668669E+009,5.945976198735473E-002,
1.400847133913914E+009,5.805592970500417E-002,
1.405831999159159E+009,5.669348306771967E-002,
1.410816864404404E+009,5.539660832104317E-002,
1.415801729649650E+009,5.423766050116968E-002,
1.420786594894895E+009,5.367473358575672E-002,
1.425771460140140E+009,5.255185567211677E-002,
1.430756325385386E+009,5.244676104362289E-002,
1.435741190630631E+009,5.205679275501114E-002,
1.440726055875876E+009,5.196333273355280E-002,
1.445710921121121E+009,5.243084967248589E-002,
1.450695786366366E+009,5.326957046991780E-002,
1.455680651611612E+009,5.438171808182030E-002,
1.460665516856857E+009,5.432575531927244E-002,
1.465650382102102E+009,5.476501188704633E-002,
1.470635247347347E+009,5.356422653741453E-002,
1.475620112592593E+009,5.227929167602800E-002,
1.480604977837838E+009,5.144632044573356E-002,
1.485589843083083E+009,5.055102594451933E-002,
1.490574708328328E+009,4.999193516683379E-002,
1.495559573573574E+009,4.929853700909043E-002,
1.500544438818819E+009,4.841319482843665E-002,
1.505529304064064E+009,4.692508365916739E-002,
1.510514169309309E+009,4.543408418470068E-002,
1.515499034554555E+009,4.467365603302794E-002,
1.520483899799800E+009,4.360151662560120E-002,
1.525468765045045E+009,4.314855094199349E-002,
1.530453630290290E+009,4.202773627667638E-002,
1.535438495535536E+009,4.147110489718546E-002,
1.540423360780781E+009,4.132482249531284E-002,
1.545408226026026E+009,4.208646456157268E-002,
1.550393091271271E+009,4.262404674528790E-002,
1.555377956516516E+009,4.368158751461514E-002,
1.560362821761762E+009,4.437318234870245E-002,
1.565347687007007E+009,4.509029201334695E-002,
1.570332552252252E+009,4.588128628858369E-002,
1.575317417497498E+009,4.624408868240456E-002,
1.580302282742743E+009,4.564629776128763E-002,
1.585287147987988E+009,4.448218826767554E-002,
1.590272013233233E+009,4.379841995984615E-002,
1.595256878478478E+009,4.361912478943153E-002,
1.600241743723724E+009,4.366938403284845E-002,
1.605226608968969E+009,4.441746549370422E-002,
1.610211474214214E+009,4.498059258040633E-002,
1.615196339459460E+009,4.576269841229745E-002,
1.620181204704705E+009,4.607076282756416E-002,
1.625166069949950E+009,4.677176492379882E-002,
1.630150935195195E+009,4.655508106070974E-002,
1.635135800440440E+009,4.659590577654347E-002,
1.640120665685686E+009,4.674046141050067E-002,
1.645105530930931E+009,4.656142234656109E-002,
1.650090396176176E+009,4.589114032924398E-002,
1.655075261421422E+009,4.534840145952705E-002,
1.660060126666667E+009,4.444661452779701E-002,
1.665044991911912E+009,4.364840496067934E-002,
1.670029857157157E+009,4.288116697282271E-002,
1.675014722402402E+009,4.256018903498560E-002,
1.679999587647648E+009,4.188898022551700E-002,
1.684984452892893E+009,4.139118044925107E-002,
1.689969318138138E+009,3.988412110305372E-002,
1.694954183383384E+009,3.843066743726365E-002,
1.699939048628629E+009,3.625310249184368E-002,
1.704923913873874E+009,3.343877707399418E-002,
1.709908779119119E+009,3.135262498347146E-002,
1.714893644364364E+009,2.900921115451501E-002,
1.719878509609610E+009,2.682658407260208E-002,
1.724863374854855E+009,2.480226218247010E-002,
1.729848240100100E+009,2.310522213864736E-002,
1.734833105345345E+009,2.232873109193774E-002,
1.739817970590591E+009,2.320938348282702E-002,
1.744802835835836E+009,2.414356372040800E-002,
1.749787701081081E+009,2.584685008844285E-002,
1.754772566326326E+009,2.713263077326540E-002,
1.759757431571572E+009,2.854423262382371E-002,
1.764742296816817E+009,2.904996274042352E-002,
1.769727162062062E+009,2.954674882220658E-002,
1.774712027307307E+009,2.947044886517981E-002,
1.779696892552553E+009,2.953287627298669E-002,
1.784681757797798E+009,3.063144095856680E-002,
1.789666623043043E+009,3.224880061608482E-002,
1.794651488288288E+009,3.521525677764415E-002,
1.799636353533534E+009,3.838063510799866E-002,
1.804621218778779E+009,4.015190340704045E-002,
1.809606084024024E+009,4.083774791597168E-002,
1.814590949269269E+009,4.070994681397063E-002,
1.819575814514514E+009,4.009580395374888E-002,
1.824560679759760E+009,3.836028952202799E-002,
1.829545545005005E+009,3.738458802032103E-002,
1.834530410250250E+009,3.597570074840852E-002,
1.839515275495496E+009,3.538689625396024E-002,
1.844500140740741E+009,3.494060472484983E-002,
1.849485005985986E+009,3.463274660426207E-002,
1.854469871231231E+009,3.450573628982973E-002,
1.859454736476476E+009,3.390606250867043E-002,
1.864439601721722E+009,3.305832218376659E-002,
1.869424466966967E+009,3.222516836009678E-002,
1.874409332212212E+009,3.081646800491887E-002,
1.879394197457458E+009,2.932739358850124E-002,
1.884379062702703E+009,2.702466654052676E-002,
1.889363927947948E+009,2.481777791995079E-002,
1.894348793193193E+009,2.284176263842075E-002,
1.899333658438438E+009,2.106208824020853E-002,
1.904318523683684E+009,2.021839719904064E-002,
1.909303388928929E+009,1.891692275141753E-002,
1.914288254174174E+009,1.819957101289475E-002,
1.919273119419420E+009,1.726160976737150E-002,
1.924257984664665E+009,1.681427487820648E-002,
1.929242849909910E+009,1.577594410322688E-002,
1.934227715155155E+009,1.493986271315788E-002,
1.939212580400400E+009,1.363931320110492E-002,
1.944197445645646E+009,1.266319637958270E-002,
1.949182310890891E+009,1.153478241134997E-002,
1.954167176136136E+009,1.209015960756719E-002,
1.959152041381382E+009,1.319255665338131E-002,
1.964136906626627E+009,1.345986958361913E-002,
1.969121771871872E+009,1.413071849226666E-002,
1.974106637117117E+009,1.410382691029179E-002,
1.979091502362362E+009,1.469756726926674E-002,
1.984076367607608E+009,1.468054591229835E-002,
1.989061232852853E+009,1.468890470508932E-002,
1.994046098098098E+009,1.457683308455652E-002,
1.999030963343343E+009,1.504525140433883E-002,
2.004015828588589E+009,1.495246659418417E-002,
2.009000693833834E+009,1.407969422126734E-002,
2.013985559079079E+009,1.406766647248876E-002,
2.018970424324324E+009,1.471968967818018E-002,
2.023955289569570E+009,1.476413578072563E-002,
2.028940154814815E+009,1.480442943099645E-002,
2.033925020060060E+009,1.520857551124968E-002,
2.038909885305305E+009,1.579933913744188E-002,
2.043894750550551E+009,1.559064445738932E-002,
2.048879615795796E+009,1.542824430915967E-002,
2.053864481041041E+009,1.541866481563994E-002,
2.058849346286286E+009,1.544321482356721E-002,
2.063834211531532E+009,1.570573591579789E-002,
2.068819076776777E+009,1.590995275671723E-002,
2.073803942022022E+009,1.598832074517431E-002,
2.078788807267267E+009,1.572372962712866E-002,
2.083773672512512E+009,1.508331582611019E-002,
2.088758537757758E+009,1.478455348554079E-002,
2.093743403003003E+009,1.470346033607611E-002,
2.098728268248248E+009,1.428500416435759E-002,
2.103713133493494E+009,1.433168948412912E-002,
2.108697998738739E+009,1.510657896783951E-002,
2.113682863983984E+009,1.577044068338781E-002,
2.118667729229229E+009,1.614140429782608E-002,
2.123652594474474E+009,1.658613879140992E-002,
2.128637459719720E+009,1.655874739065397E-002,
2.133622324964965E+009,1.649025139080044E-002,
2.138607190210210E+009,1.586333437116506E-002,
2.143592055455456E+009,1.526770423982109E-002,
2.148576920700701E+009,1.472591911446760E-002,
2.153561785945946E+009,1.412801849212715E-002,
2.158546651191191E+009,1.311438165149802E-002,
2.163531516436437E+009,1.251581573898589E-002,
2.168516381681682E+009,1.166661234400891E-002,
2.173501246926927E+009,1.175236073810545E-002,
2.178486112172172E+009,1.250409812058381E-002,
2.183470977417418E+009,1.226438668104453E-002,
2.188455842662663E+009,1.316208178685794E-002,
2.193440707907908E+009,1.320686303141342E-002,
2.198425573153153E+009,1.422595622084649E-002,
2.203410438398398E+009,1.461114817580317E-002,
2.208395303643644E+009,1.556857936638610E-002,
2.213380168888889E+009,1.652038627483118E-002,
2.218365034134134E+009,1.739738981454331E-002,
2.223349899379379E+009,1.849531955050802E-002,
2.228334764624625E+009,1.916326351199977E-002,
2.233319629869870E+009,2.020446306710490E-002,
2.238304495115115E+009,2.111636233039907E-002,
2.243289360360360E+009,2.112425219029087E-002,
2.248274225605606E+009,2.115616418310668E-002,
2.253259090850851E+009,2.089559996770649E-002,
2.258243956096096E+009,2.123699998664577E-002,
2.263228821341342E+009,2.096022240724140E-002,
2.268213686586587E+009,2.095306282862722E-002,
2.273198551831832E+009,2.173149465976622E-002,
2.278183417077077E+009,2.204696622936101E-002,
2.283168282322322E+009,2.251687664781485E-002,
2.288153147567567E+009,2.405188500306680E-002,
2.293138012812813E+009,2.481310698121374E-002,
2.298122878058058E+009,2.618239582043737E-002,
2.303107743303303E+009,2.677343713927968E-002,
2.308092608548549E+009,2.837312172248260E-002,
2.313077473793794E+009,2.900927651929479E-002,
2.318062339039039E+009,3.027830476195422E-002,
2.323047204284284E+009,3.067928618759997E-002,
2.328032069529530E+009,3.050134434801192E-002,
2.333016934774775E+009,3.055020376524714E-002,
2.338001800020020E+009,2.985022344257167E-002,
2.342986665265266E+009,2.998817185087025E-002,
2.347971530510510E+009,2.955205401554220E-002,
2.352956395755756E+009,2.897519008131582E-002,
2.357941261001001E+009,2.910671766441218E-002,
2.362926126246246E+009,2.953562351912079E-002,
2.367910991491491E+009,2.954152106054946E-002,
2.372895856736737E+009,2.995123340132066E-002,
2.377880721981982E+009,3.018771903931306E-002,
2.382865587227227E+009,3.153567542327287E-002,
2.387850452472473E+009,3.196343529081878E-002,
2.392835317717718E+009,3.261455783569076E-002,
2.397820182962963E+009,3.339558202993796E-002,
2.402805048208208E+009,3.433984374728367E-002,
2.407789913453454E+009,3.475111184320201E-002,
2.412774778698699E+009,3.557911355061759E-002,
2.417759643943944E+009,3.683698915610614E-002,
2.422744509189189E+009,3.747993994505575E-002,
2.427729374434434E+009,3.759491740884995E-002,
2.432714239679680E+009,3.731768341910440E-002,
2.437699104924925E+009,3.643427747985932E-002,
2.442683970170170E+009,3.611105579452925E-002,
2.447668835415415E+009,3.621827927550394E-002,
2.452653700660661E+009,3.628900561917926E-002,
2.457638565905906E+009,3.601331382550327E-002,
2.462623431151151E+009,3.501708207458966E-002,
2.467608296396397E+009,3.463360711716219E-002,
2.472593161641642E+009,3.366930146338743E-002,
2.477578026886887E+009,3.308711878305737E-002,
2.482562892132132E+009,3.289192969931609E-002,
2.487547757377378E+009,3.301751607094639E-002,
2.492532622622623E+009,3.232344326721934E-002,
2.497517487867868E+009,3.243540790968737E-002,
2.502502353113113E+009,3.345725830740697E-002,
2.507487218358358E+009,3.450738718877063E-002,
2.512472083603604E+009,3.520255098966690E-002,
2.517456948848849E+009,3.633389259610657E-002,
2.522441814094094E+009,3.705949197495543E-002,
2.527426679339339E+009,3.731122673891483E-002,
2.532411544584585E+009,3.831277065028468E-002,
2.537396409829830E+009,3.890496838770331E-002,
2.542381275075075E+009,3.953116809901713E-002,
2.547366140320320E+009,3.905440369613675E-002,
2.552351005565566E+009,3.951902512970183E-002,
2.557335870810811E+009,3.901355443953288E-002,
2.562320736056056E+009,3.835313497425413E-002,
2.567305601301302E+009,3.823595376140599E-002,
2.572290466546547E+009,3.792839508166432E-002,
2.577275331791792E+009,3.781616020025534E-002,
2.582260197037037E+009,3.769499613025026E-002,
2.587245062282282E+009,3.715754483183028E-002,
2.592229927527527E+009,3.723225816821988E-002,
2.597214792772773E+009,3.795304917770771E-002,
2.602199658018018E+009,3.839432455816582E-002,
2.607184523263263E+009,3.897020903541313E-002,
2.612169388508509E+009,3.925715348059437E-002,
2.617154253753754E+009,4.037309846066495E-002,
2.622139118998999E+009,4.155821527414577E-002,
2.627123984244244E+009,4.272233009468672E-002,
2.632108849489490E+009,4.381001346837226E-002,
2.637093714734735E+009,4.469812186999132E-002,
2.642078579979980E+009,4.458914075304806E-002,
2.647063445225225E+009,4.500335099765251E-002,
2.652048310470470E+009,4.447104656982614E-002,
2.657033175715716E+009,4.464429894144725E-002,
2.662018040960961E+009,4.445107225674781E-002,
2.667002906206206E+009,4.446232190194810E-002,
2.671987771451451E+009,4.444233523418781E-002,
2.676972636696697E+009,4.495640213158565E-002,
2.681957501941942E+009,4.475161324849375E-002,
2.686942367187187E+009,4.537105672903936E-002,
2.691927232432433E+009,4.569075987865134E-002,
2.696912097677678E+009,4.614721872113653E-002,
2.701896962922923E+009,4.599466467370997E-002,
2.706881828168168E+009,4.670501520206218E-002,
2.711866693413414E+009,4.697960604426006E-002,
2.716851558658659E+009,4.710032386480366E-002,
2.721836423903904E+009,4.757604054294863E-002,
2.726821289149149E+009,4.722845581376337E-002,
2.731806154394394E+009,4.686570448775862E-002,
2.736791019639640E+009,4.557348774905273E-002,
2.741775884884885E+009,4.530124540941766E-002,
2.746760750130130E+009,4.444793079952771E-002,
2.751745615375375E+009,4.325656187288696E-002,
2.756730480620621E+009,4.209097516568611E-002,
2.761715345865866E+009,4.123616939639753E-002,
2.766700211111111E+009,3.951467061791707E-002,
2.771685076356356E+009,3.864528389970739E-002,
2.776669941601602E+009,3.751035283022174E-002,
2.781654806846847E+009,3.673456040195552E-002,
2.786639672092092E+009,3.559969875771686E-002,
2.791624537337338E+009,3.417022632754777E-002,
2.796609402582583E+009,3.353115051549137E-002,
2.801594267827828E+009,3.212848279930355E-002,
2.806579133073073E+009,3.155438967724296E-002,
2.811563998318318E+009,3.058532138463970E-002,
2.816548863563564E+009,2.967572354609484E-002,
2.821533728808809E+009,2.944787383166542E-002,
2.826518594054054E+009,2.956391696169985E-002,
2.831503459299299E+009,2.967101876255152E-002,
2.836488324544545E+009,2.957660678648328E-002,
2.841473189789790E+009,2.979103396148688E-002,
2.846458055035035E+009,2.959117144245448E-002,
2.851442920280280E+009,3.021339580250743E-002,
2.856427785525526E+009,3.004157187768228E-002,
2.861412650770771E+009,2.986129321341855E-002,
2.866397516016016E+009,2.992247960253714E-002,
2.871382381261262E+009,2.969263949512647E-002,
2.876367246506506E+009,2.883393049777389E-002,
2.881352111751752E+009,2.841142894911389E-002,
2.886336976996997E+009,2.714108519468307E-002,
2.891321842242242E+009,2.582769275438108E-002,
2.896306707487487E+009,2.495845652842714E-002,
2.901291572732733E+009,2.440376203593917E-002,
2.906276437977978E+009,2.292087182906900E-002,
2.911261303223223E+009,2.155000309155119E-002,
2.916246168468469E+009,2.108788097461312E-002,
2.921231033713714E+009,2.061988532461861E-002,
2.926215898958959E+009,1.985862879682451E-002,
2.931200764204204E+009,1.939116493685503E-002,
2.936185629449450E+009,1.933460933385349E-002,
2.941170494694695E+009,1.931455798551824E-002,
2.946155359939940E+009,1.908478694912908E-002,
2.951140225185185E+009,1.877142405199507E-002,
2.956125090430430E+009,1.876266213631319E-002,
2.961109955675676E+009,1.813384658613853E-002,
2.966094820920921E+009,1.805722473715921E-002,
2.971079686166166E+009,1.730515940802318E-002,
2.976064551411411E+009,1.684177482508720E-002,
2.981049416656657E+009,1.611942979452767E-002,
2.986034281901902E+009,1.562277795929406E-002,
2.991019147147147E+009,1.509753945780943E-002,
2.996004012392393E+009,1.479498525892329E-002,
3.000988877637638E+009,1.485567949490311E-002,
3.005973742882883E+009,1.388705276694180E-002,
3.010958608128128E+009,1.372698918565849E-002,
3.015943473373374E+009,1.280556657993310E-002,
3.020928338618619E+009,1.255932487909732E-002,
3.025913203863864E+009,1.167226692485743E-002,
3.030898069109109E+009,1.189974473858095E-002,
3.035882934354354E+009,1.153044126519879E-002,
3.040867799599600E+009,1.109806230828772E-002,
3.045852664844845E+009,1.070885415035784E-002,
3.050837530090090E+009,1.050265336653465E-002,
3.055822395335335E+009,1.029597835109124E-002,
3.060807260580581E+009,9.903766834848889E-003,
3.065792125825826E+009,9.524350600856475E-003,
3.070776991071071E+009,9.007478158072553E-003,
3.075761856316316E+009,8.335310761783097E-003,
3.080746721561562E+009,7.499096388947392E-003,
3.085731586806807E+009,6.866974827637007E-003,
3.090716452052052E+009,6.261835749076156E-003,
3.095701317297298E+009,5.698268556519235E-003,
3.100686182542543E+009,5.051981043604174E-003,
3.105671047787788E+009,4.559690054305446E-003,
3.110655913033033E+009,4.190329186239994E-003,
3.115640778278278E+009,4.015732133670600E-003,
3.120625643523523E+009,3.886859061886952E-003,
3.125610508768769E+009,3.833131844054832E-003,
3.130595374014014E+009,3.741551097466969E-003,
3.135580239259259E+009,3.640491747862922E-003,
3.140565104504505E+009,3.758211928843743E-003,
3.145549969749750E+009,3.839746328803731E-003,
3.150534834994995E+009,3.891609695370607E-003,
3.155519700240240E+009,3.942368635389269E-003,
3.160504565485486E+009,3.921867941701364E-003,
3.165489430730731E+009,3.903682005539199E-003,
3.170474295975976E+009,3.894860743215085E-003,
3.175459161221221E+009,4.026156986060900E-003,
3.180444026466466E+009,4.261403290265847E-003,
3.185428891711712E+009,4.355700081698400E-003,
3.190413756956957E+009,4.546038527566014E-003,
3.195398622202202E+009,4.683345859470168E-003,
3.200383487447447E+009,4.840895638323730E-003,
3.205368352692693E+009,4.899145487032248E-003,
3.210353217937938E+009,5.035044618686298E-003,
3.215338083183183E+009,5.020042564361954E-003,
3.220322948428429E+009,5.288797704145662E-003,
3.225307813673674E+009,5.685135485482615E-003,
3.230292678918919E+009,6.143496389902687E-003,
3.235277544164164E+009,6.538991225960615E-003,
3.240262409409410E+009,7.051656537049987E-003,
3.245247274654655E+009,7.555584936707752E-003,
3.250232139899900E+009,8.253400452708998E-003,
3.255217005145145E+009,8.659387174821823E-003,
3.260201870390390E+009,9.168858606234275E-003,
3.265186735635636E+009,9.385571557620990E-003,
3.270171600880881E+009,9.559746552986689E-003,
3.275156466126126E+009,9.763826026540020E-003,
3.280141331371371E+009,9.994357424485390E-003,
3.285126196616617E+009,1.021157352038077E-002,
3.290111061861862E+009,1.050283081351900E-002,
3.295095927107107E+009,1.072957447779920E-002,
3.300080792352352E+009,1.100578153471922E-002,
3.305065657597598E+009,1.122225984351804E-002,
3.310050522842843E+009,1.139738498476318E-002,
3.315035388088088E+009,1.166725201658390E-002,
3.320020253333334E+009,1.180347116534558E-002,
3.325005118578579E+009,1.182794776443582E-002,
3.329989983823824E+009,1.170583280785645E-002,
3.334974849069069E+009,1.162643356178489E-002,
3.339959714314314E+009,1.176052168325863E-002,
3.344944579559560E+009,1.207841920717215E-002,
3.349929444804805E+009,1.247349644997574E-002,
3.354914310050050E+009,1.318031417178521E-002,
3.359899175295295E+009,1.383057298897158E-002,
3.364884040540541E+009,1.441460149865895E-002,
3.369868905785786E+009,1.498415068619078E-002,
3.374853771031031E+009,1.557357559364432E-002,
3.379838636276276E+009,1.603114156193567E-002,
3.384823501521522E+009,1.636576731249185E-002,
3.389808366766767E+009,1.669694789931394E-002,
3.394793232012012E+009,1.672074810133609E-002,
3.399778097257258E+009,1.766492938602831E-002,
3.404762962502502E+009,1.837462588993902E-002,
3.409747827747748E+009,1.834514359938799E-002,
3.414732692992993E+009,1.907742443319445E-002,
3.419717558238238E+009,1.925289237280545E-002,
3.424702423483483E+009,1.902445265139371E-002,
3.429687288728729E+009,2.009816844232114E-002,
3.434672153973974E+009,2.017346757487681E-002,
3.439657019219219E+009,2.020708937754894E-002,
3.444641884464465E+009,2.092169468168030E-002,
3.449626749709710E+009,2.051081587706873E-002,
3.454611614954955E+009,2.091720855199951E-002,
3.459596480200200E+009,2.121156192651334E-002,
3.464581345445446E+009,2.149473523312848E-002,
3.469566210690691E+009,2.093921402900559E-002,
3.474551075935936E+009,2.138969909151529E-002,
3.479535941181181E+009,2.197363585880314E-002,
3.484520806426426E+009,2.154469401683929E-002,
3.489505671671672E+009,2.218801493057175E-002,
3.494490536916917E+009,2.202974878054499E-002,
3.499475402162162E+009,2.233977006764760E-002,
3.504460267407407E+009,2.262653751532683E-002,
3.509445132652653E+009,2.210232633912216E-002,
3.514429997897898E+009,2.213675148136751E-002,
3.519414863143143E+009,2.195912451040899E-002,
3.524399728388389E+009,2.254396379301430E-002,
3.529384593633634E+009,2.259815096248962E-002,
3.534369458878879E+009,2.288176275340661E-002,
3.539354324124124E+009,2.279696479373768E-002,
3.544339189369370E+009,2.159755902472990E-002,
3.549324054614615E+009,2.186914031111705E-002,
3.554308919859860E+009,2.072817825189217E-002,
3.559293785105105E+009,2.122407227000734E-002,
3.564278650350350E+009,2.109704828584107E-002,
3.569263515595596E+009,2.195429978809117E-002,
3.574248380840841E+009,2.226881412426011E-002,
3.579233246086086E+009,2.289570478752499E-002,
3.584218111331331E+009,2.419136838594005E-002,
3.589202976576577E+009,2.405429333469216E-002,
3.594187841821822E+009,2.451426219663202E-002,
3.599172707067067E+009,2.510418625179163E-002,
3.604157572312312E+009,2.552925509702717E-002,
3.609142437557558E+009,2.505620505217292E-002,
3.614127302802803E+009,2.570730026282192E-002,
3.619112168048048E+009,2.590078645944914E-002,
3.624097033293294E+009,2.506937335400621E-002,
3.629081898538539E+009,2.526751035848975E-002,
3.634066763783784E+009,2.463441409923642E-002,
3.639051629029029E+009,2.395709607479369E-002,
3.644036494274274E+009,2.316490510340384E-002,
3.649021359519519E+009,2.245853862341048E-002,
3.654006224764765E+009,2.236306220340672E-002,
3.658991090010010E+009,2.138458279587433E-002,
3.663975955255255E+009,2.081685500232047E-002,
3.668960820500501E+009,2.031224209075648E-002,
3.673945685745746E+009,2.105425338427148E-002,
3.678930550990991E+009,2.034256021836993E-002,
3.683915416236236E+009,2.023711729497063E-002,
3.688900281481482E+009,2.117115838706605E-002,
3.693885146726727E+009,2.076227665157754E-002,
3.698870011971972E+009,2.105537817973344E-002,
3.703854877217217E+009,2.130663237128293E-002,
3.708839742462462E+009,2.159729780030477E-002,
3.713824607707708E+009,2.186029832638730E-002,
3.718809472952953E+009,2.208200184669590E-002,
3.723794338198198E+009,2.198615170831387E-002,
3.728779203443443E+009,2.206421476806243E-002,
3.733764068688689E+009,2.179662283789047E-002,
3.738748933933934E+009,2.146023687326097E-002,
3.743733799179179E+009,2.118528600606149E-002,
3.748718664424425E+009,2.151318368264563E-002,
3.753703529669670E+009,2.168363483884226E-002,
3.758688394914915E+009,2.133070067806997E-002,
3.763673260160160E+009,2.063819320235033E-002,
3.768658125405406E+009,2.140019553414459E-002,
3.773642990650651E+009,2.221186889255133E-002,
3.778627855895896E+009,2.246033169962057E-002,
3.783612721141141E+009,2.243553379194944E-002,
3.788597586386386E+009,2.151079134464138E-002,
3.793582451631632E+009,2.167811537395056E-002,
3.798567316876877E+009,2.136857729744867E-002,
3.803552182122122E+009,2.077406229710827E-002,
3.808537047367367E+009,2.018471230166839E-002,
3.813521912612613E+009,1.962272175335783E-002,
3.818506777857858E+009,1.910721230593420E-002,
3.823491643103103E+009,1.859591792928303E-002,
3.828476508348349E+009,1.906951557485294E-002,
3.833461373593594E+009,1.841404533271907E-002,
3.838446238838839E+009,1.739917564407375E-002,
3.843431104084084E+009,1.846503345693162E-002,
3.848415969329330E+009,1.751857231747216E-002,
3.853400834574575E+009,1.775563185551565E-002,
3.858385699819820E+009,1.819855493515667E-002,
3.863370565065065E+009,1.802661727565557E-002,
3.868355430310310E+009,1.867816938059807E-002,
3.873340295555556E+009,1.854139146265810E-002,
3.878325160800801E+009,1.909272481431256E-002,
3.883310026046046E+009,1.944467426247089E-002,
3.888294891291291E+009,1.852375090285617E-002,
3.893279756536537E+009,1.927480656004236E-002,
3.898264621781782E+009,1.933117249440419E-002,
3.903249487027027E+009,1.912354261248091E-002,
3.908234352272272E+009,1.889693640404318E-002,
3.913219217517518E+009,1.859008575766888E-002,
3.918204082762763E+009,1.810681474121190E-002,
3.923188948008008E+009,1.822763625635018E-002,
3.928173813253254E+009,1.751529617328098E-002,
3.933158678498498E+009,1.694698147966256E-002,
3.938143543743744E+009,1.715433036115636E-002,
3.943128408988989E+009,1.743013812634215E-002,
3.948113274234234E+009,1.723557464777452E-002,
3.953098139479479E+009,1.713710517583201E-002,
3.958083004724725E+009,1.779795089882776E-002,
3.963067869969970E+009,1.742986287507678E-002,
3.968052735215215E+009,1.730187095135646E-002,
3.973037600460461E+009,1.763821834107679E-002,
3.978022465705706E+009,1.746572023882432E-002,
3.983007330950951E+009,1.713083561819438E-002,
3.987992196196196E+009,1.707576812503526E-002,
3.992977061441442E+009,1.660725529201788E-002,
3.997961926686687E+009,1.618528790703277E-002,
4.002946791931932E+009,1.608680209007194E-002,
4.007931657177177E+009,1.619609744469481E-002,
4.012916522422422E+009,1.583650135940454E-002,
4.017901387667668E+009,1.551281769086526E-002,
4.022886252912913E+009,1.475071532771577E-002,
4.027871118158158E+009,1.462128539048108E-002,
4.032855983403403E+009,1.494215403906174E-002,
4.037840848648649E+009,1.478176607823343E-002,
4.042825713893894E+009,1.546740389333531E-002,
4.047810579139139E+009,1.509767612175599E-002,
4.052795444384385E+009,1.555674910426418E-002,
4.057780309629630E+009,1.605306976792846E-002,
4.062765174874875E+009,1.659070939423080E-002,
4.067750040120120E+009,1.700443337670504E-002,
4.072734905365366E+009,1.724982420591572E-002,
4.077719770610611E+009,1.739233735562612E-002,
4.082704635855856E+009,1.684591678690689E-002,
4.087689501101101E+009,1.719296513357638E-002,
4.092674366346346E+009,1.623370773825268E-002,
4.097659231591592E+009,1.689780908240139E-002,
4.102644096836837E+009,1.604372958604009E-002,
4.107628962082082E+009,1.584803869268207E-002,
4.112613827327327E+009,1.497165283314258E-002,
4.117598692572573E+009,1.456944300751458E-002,
4.122583557817818E+009,1.479999064558828E-002,
4.127568423063063E+009,1.441253033249609E-002,
4.132553288308308E+009,1.443969572696476E-002,
4.137538153553554E+009,1.461656173247182E-002,
4.142523018798799E+009,1.490055054275638E-002,
4.147507884044044E+009,1.494529315243106E-002,
4.152492749289290E+009,1.568918510149082E-002,
4.157477614534535E+009,1.566957130557900E-002,
4.162462479779780E+009,1.590966929560488E-002,
4.167447345025025E+009,1.654763312033040E-002,
4.172432210270270E+009,1.693975660258297E-002,
4.177417075515515E+009,1.715518863829967E-002,
4.182401940760761E+009,1.732046030520097E-002,
4.187386806006006E+009,1.682631701595594E-002,
4.192371671251251E+009,1.702730261938699E-002,
4.197356536496497E+009,1.686641438253314E-002,
4.202341401741742E+009,1.672210799797666E-002,
4.207326266986987E+009,1.546827094077364E-002,
4.212311132232232E+009,1.623301299143269E-002,
4.217295997477478E+009,1.556298394289170E-002,
4.222280862722723E+009,1.543259452312099E-002,
4.227265727967968E+009,1.535475875426965E-002,
4.232250593213213E+009,1.521779570527295E-002,
4.237235458458458E+009,1.532598367102857E-002,
4.242220323703704E+009,1.539745250954453E-002,
4.247205188948949E+009,1.565934663625175E-002,
4.252190054194194E+009,1.596091600599554E-002,
4.257174919439439E+009,1.635704617721500E-002,
4.262159784684685E+009,1.675776825835703E-002,
4.267144649929930E+009,1.709958051081147E-002,
4.272129515175175E+009,1.734305953853130E-002,
4.277114380420421E+009,1.738707428889985E-002,
4.282099245665666E+009,1.719646449119265E-002,
4.287084110910911E+009,1.701211238536699E-002,
4.292068976156156E+009,1.673056938606225E-002,
4.297053841401402E+009,1.626678975845741E-002,
4.302038706646647E+009,1.577182287894992E-002,
4.307023571891892E+009,1.531687990995569E-002,
4.312008437137137E+009,1.500040007063090E-002,
4.316993302382382E+009,1.465245825203473E-002,
4.321978167627627E+009,1.435170028120091E-002,
4.326963032872873E+009,1.401268155877820E-002,
4.331947898118118E+009,1.364822681843296E-002,
4.336932763363363E+009,1.339761273219449E-002,
4.341917628608608E+009,1.304241920562338E-002,
4.346902493853854E+009,1.290743187755098E-002,
4.351887359099099E+009,1.259384930765239E-002,
4.356872224344344E+009,1.232711253038914E-002,
4.361857089589590E+009,1.207539352373685E-002,
4.366841954834835E+009,1.195638642460843E-002,
4.371826820080080E+009,1.166635958507419E-002,
4.376811685325325E+009,1.157583513280708E-002,
4.381796550570571E+009,1.125539206074709E-002,
4.386781415815816E+009,1.106767799712349E-002,
4.391766281061061E+009,1.084878762106630E-002,
4.396751146306306E+009,1.064434841610478E-002,
4.401736011551552E+009,1.034793376239478E-002,
4.406720876796797E+009,1.001247251731853E-002,
4.411705742042042E+009,9.683915329615970E-003,
4.416690607287288E+009,9.266897770225180E-003,
4.421675472532533E+009,8.873455186476885E-003,
4.426660337777778E+009,8.420061296911979E-003,
4.431645203023023E+009,7.975168322905443E-003,
4.436630068268269E+009,7.481120256025866E-003,
4.441614933513514E+009,7.092320642695773E-003,
4.446599798758759E+009,6.740960943393706E-003,
4.451584664004005E+009,6.322249462620263E-003,
4.456569529249250E+009,6.066064585334153E-003,
4.461554394494494E+009,5.769341334672693E-003,
4.466539259739739E+009,5.517883178278483E-003,
4.471524124984985E+009,5.189379803308969E-003,
4.476508990230230E+009,5.087797725434958E-003,
4.481493855475475E+009,4.997691917269272E-003,
4.486478720720720E+009,4.878996838427315E-003,
4.491463585965966E+009,4.804517206310878E-003,
4.496448451211211E+009,4.793479109635158E-003,
4.501433316456456E+009,4.715798240295813E-003,
4.506418181701702E+009,4.866705995608258E-003,
4.511403046946947E+009,4.765386335506594E-003,
4.516387912192192E+009,4.535717868530354E-003,
4.521372777437437E+009,4.359616780116823E-003,
4.526357642682683E+009,4.093665308939852E-003,
4.531342507927928E+009,3.756742084493629E-003,
4.536327373173173E+009,3.456611669734891E-003,
4.541312238418419E+009,3.232015921444147E-003,
4.546297103663664E+009,2.978278751190491E-003,
4.551281968908909E+009,2.766542301804178E-003,
4.556266834154154E+009,2.619595236018150E-003,
4.561251699399400E+009,2.445861586270514E-003,
4.566236564644645E+009,2.348864095446479E-003,
4.571221429889890E+009,2.257057234878115E-003,
4.576206295135135E+009,2.366527132384409E-003,
4.581191160380381E+009,2.453383905188108E-003,
4.586176025625626E+009,2.553404514519563E-003,
4.591160890870871E+009,2.635532013962887E-003,
4.596145756116117E+009,2.710113032420054E-003,
4.601130621361362E+009,2.823963141244495E-003,
4.606115486606607E+009,2.921088167567036E-003,
4.611100351851852E+009,3.062557164419991E-003,
4.616085217097097E+009,3.067854912515794E-003,
4.621070082342342E+009,3.068198505528320E-003,
4.626054947587587E+009,2.810320133778328E-003,
4.631039812832833E+009,2.816553555118520E-003,
4.636024678078078E+009,2.919907261570331E-003,
4.641009543323323E+009,2.812009767825939E-003,
4.645994408568568E+009,2.859002452952342E-003,
4.650979273813814E+009,2.708486848461444E-003,
4.655964139059059E+009,2.850385308057619E-003,
4.660949004304304E+009,2.903308272748435E-003,
4.665933869549550E+009,2.884133680856730E-003,
4.670918734794795E+009,2.880258284919997E-003,
4.675903600040040E+009,2.934792268264173E-003,
4.680888465285285E+009,2.820856121113890E-003,
4.685873330530531E+009,2.888068469172823E-003,
4.690858195775776E+009,2.919687225330182E-003,
4.695843061021021E+009,2.969935396877276E-003,
4.700827926266266E+009,3.049145638602641E-003,
4.705812791511512E+009,3.113060735069646E-003,
4.710797656756757E+009,3.250209615149343E-003,
4.715782522002002E+009,3.400802238003112E-003,
4.720767387247248E+009,3.464791111737194E-003,
4.725752252492493E+009,3.483663927906020E-003,
4.730737117737738E+009,3.578462092414130E-003,
4.735721982982983E+009,3.371680750571735E-003,
4.740706848228229E+009,3.421951889445390E-003,
4.745691713473474E+009,3.232002591386138E-003,
4.750676578718719E+009,3.223286822678086E-003,
4.755661443963965E+009,3.120528998921615E-003,
4.760646309209209E+009,3.069111914502289E-003,
4.765631174454454E+009,3.041793026540556E-003,
4.770616039699699E+009,2.949383867458082E-003,
4.775600904944945E+009,3.084912609369742E-003,
4.780585770190190E+009,3.162060467681969E-003,
4.785570635435435E+009,3.349821807447291E-003,
4.790555500680680E+009,3.510862674483420E-003,
4.795540365925926E+009,3.928297501427518E-003,
4.800525231171171E+009,4.156929496369059E-003,
4.805510096416416E+009,4.424504710502769E-003,
4.810494961661662E+009,4.640982544193729E-003,
4.815479826906907E+009,4.813811447725720E-003,
4.820464692152152E+009,4.896932415454257E-003,
4.825449557397397E+009,4.862962736634433E-003,
4.830434422642643E+009,4.767504690355496E-003,
4.835419287887888E+009,4.658621831650647E-003,
4.840404153133133E+009,4.503871155169222E-003,
4.845389018378379E+009,4.383358332369869E-003,
4.850373883623624E+009,4.378021608321200E-003,
4.855358748868869E+009,4.323701910297001E-003,
4.860343614114114E+009,4.246881266496547E-003,
4.865328479359360E+009,4.181401983783711E-003,
4.870313344604605E+009,4.164259995244476E-003,
4.875298209849850E+009,4.396177375825783E-003,
4.880283075095095E+009,4.480581595201402E-003,
4.885267940340341E+009,4.666934953698184E-003,
4.890252805585586E+009,4.795901463019564E-003,
4.895237670830831E+009,5.118339502422816E-003,
4.900222536076077E+009,5.517595392531954E-003,
4.905207401321322E+009,5.798727996408419E-003,
4.910192266566567E+009,6.214103849945972E-003,
4.915177131811811E+009,6.409972120829301E-003,
4.920161997057057E+009,6.616264061876529E-003,
4.925146862302302E+009,6.711860654456665E-003,
4.930131727547547E+009,6.743727006348932E-003,
4.935116592792793E+009,6.763382870641654E-003,
4.940101458038038E+009,6.742325150175029E-003,
4.945086323283283E+009,6.678021423339904E-003,
4.950071188528528E+009,6.555815177181862E-003,
4.955056053773774E+009,6.578856568697384E-003,
4.960040919019019E+009,6.585870225274064E-003,
4.965025784264264E+009,6.587183758841719E-003,
4.970010649509509E+009,6.593150722812839E-003,
4.974995514754755E+009,6.662789996832402E-003,
4.979980380000000E+009,6.853079352770413E-003,
