% Version 1.00
%
% Ref Impedances: Z01: 50, Z02: 50
% 
%freq[Hz];Trc1_S21[U];
1.000000000000000E+005,2.944397130375471E-005,
5.084865245245245E+006,4.187259138796965E-004,
1.006973049049049E+007,9.025937603363707E-004,
1.505459573573574E+007,1.798383560323728E-003,
2.003946098098098E+007,2.395967759794313E-003,
2.502432622622623E+007,3.476799332541310E-003,
3.000919147147147E+007,5.118746897788469E-003,
3.499405671671671E+007,8.658890745890163E-003,
3.997892196196196E+007,1.796768120788211E-002,
4.496378720720721E+007,5.855984492794716E-002,
4.994865245245245E+007,4.472427020523779E-002,
5.493351769769770E+007,2.591998465222935E-002,
5.991838294294295E+007,2.085832904360861E-002,
6.490324818818819E+007,1.530284510347158E-002,
6.988811343343343E+007,1.191090873524833E-002,
7.487297867867868E+007,9.459498420059078E-003,
7.985784392392393E+007,7.148933004700094E-003,
8.484270916916917E+007,6.977039139544779E-003,
8.982757441441442E+007,6.454776135040998E-003,
9.481243965965965E+007,5.983297650905638E-003,
9.979730490490490E+007,6.551861414681674E-003,
1.047821701501502E+008,7.334265276249013E-003,
1.097670353953954E+008,8.251954667333009E-003,
1.147519006406407E+008,8.980110616808975E-003,
1.197367658858859E+008,9.271747980123720E-003,
1.247216311311311E+008,1.026119971833523E-002,
1.297064963763764E+008,1.156149733801796E-002,
1.346913616216216E+008,1.394534908992219E-002,
1.396762268668669E+008,1.836445489472582E-002,
1.446610921121121E+008,2.186588907529938E-002,
1.496459573573574E+008,2.842559251692062E-002,
1.546308226026026E+008,4.022341772945433E-002,
1.596156878478479E+008,7.086629217329168E-002,
1.646005530930931E+008,1.351510203403598E-001,
1.695854183383384E+008,1.577733058112192E-001,
1.745702835835836E+008,9.117941262533927E-002,
1.795551488288288E+008,5.587354426163758E-002,
1.845400140740741E+008,3.875501503660147E-002,
1.895248793193193E+008,2.953808868362834E-002,
1.945097445645646E+008,2.324218928494423E-002,
1.994946098098098E+008,1.811243413008397E-002,
2.044794750550551E+008,1.419172778216710E-002,
2.094643403003003E+008,1.102146592429301E-002,
2.144492055455456E+008,8.671111796767231E-003,
2.194340707907908E+008,6.343509399905407E-003,
2.244189360360360E+008,5.017037600035739E-003,
2.294038012812813E+008,3.980685285507983E-003,
2.343886665265265E+008,4.082484964994262E-003,
2.393735317717718E+008,5.871946982173039E-003,
2.443583970170170E+008,9.095566614199665E-003,
2.493432622622623E+008,1.329624181351317E-002,
2.543281275075075E+008,1.930539065502425E-002,
2.593129927527528E+008,2.775696690947875E-002,
2.642978579979980E+008,4.120880547168529E-002,
2.692827232432432E+008,6.464464439324813E-002,
2.742675884884885E+008,1.080200857548418E-001,
2.792524537337337E+008,1.620200859718533E-001,
2.842373189789790E+008,1.346447265443358E-001,
2.892221842242242E+008,9.161711010507061E-002,
2.942070494694695E+008,6.643282161757520E-002,
2.991919147147147E+008,5.194272083772868E-002,
3.041767799599600E+008,4.232018833131357E-002,
3.091616452052052E+008,3.641126409268142E-002,
3.141465104504505E+008,3.091899297767577E-002,
3.191313756956957E+008,2.547844338576552E-002,
3.241162409409409E+008,2.151203499947533E-002,
3.291011061861862E+008,1.827001775151905E-002,
3.340859714314314E+008,1.530760978689754E-002,
3.390708366766767E+008,1.272809123075582E-002,
3.440557019219219E+008,1.043741955474529E-002,
3.490405671671672E+008,8.624058778427387E-003,
3.540254324124124E+008,7.259517064928483E-003,
3.590102976576577E+008,5.636971213802008E-003,
3.639951629029029E+008,4.228972475096704E-003,
3.689800281481482E+008,3.117256388470821E-003,
3.739648933933934E+008,2.479647302966448E-003,
3.789497586386386E+008,2.538029484325882E-003,
3.839346238838839E+008,3.441520507736532E-003,
3.889194891291291E+008,4.531711116786045E-003,
3.939043543743744E+008,5.436496496047109E-003,
3.988892196196196E+008,6.299700625872140E-003,
4.038740848648649E+008,7.259055173349734E-003,
4.088589501101101E+008,8.731433987391532E-003,
4.138438153553554E+008,1.027171774888133E-002,
4.188286806006006E+008,1.217172985815370E-002,
4.238135458458459E+008,1.457374743228665E-002,
4.287984110910911E+008,1.579458576759636E-002,
4.337832763363363E+008,1.556505162512187E-002,
4.387681415815816E+008,1.567858547549399E-002,
4.437530068268268E+008,1.624014103821614E-002,
4.487378720720721E+008,1.717987718704438E-002,
4.537227373173173E+008,1.878102019936686E-002,
4.587076025625626E+008,1.986342615519871E-002,
4.636924678078078E+008,2.208040918286837E-002,
4.686773330530531E+008,2.422124669828163E-002,
4.736621982982983E+008,2.670576434732410E-002,
4.786470635435436E+008,2.917069707899924E-002,
4.836319287887888E+008,3.149384660130314E-002,
4.886167940340340E+008,3.406365413896919E-002,
4.936016592792793E+008,3.605320447436286E-002,
4.985865245245245E+008,3.776885592752264E-002,
5.035713897697698E+008,3.908745433901781E-002,
5.085562550150150E+008,4.010017548036233E-002,
5.135411202602603E+008,4.091734892685404E-002,
5.185259855055055E+008,4.076857704007823E-002,
5.235108507507508E+008,4.070059082851365E-002,
5.284957159959960E+008,4.117760954463070E-002,
5.334805812412412E+008,4.134043878129116E-002,
5.384654464864864E+008,4.188906471125757E-002,
5.434503117317318E+008,4.301719380523578E-002,
5.484351769769770E+008,4.471758941316781E-002,
5.534200422222222E+008,4.632582152545682E-002,
5.584049074674674E+008,4.756733933412261E-002,
5.633897727127128E+008,4.948511656427278E-002,
5.683746379579580E+008,5.069505410256044E-002,
5.733595032032032E+008,5.116424165267581E-002,
5.783443684484484E+008,5.176743484477533E-002,
5.833292336936938E+008,5.084623955682065E-002,
5.883140989389390E+008,5.100890812612549E-002,
5.932989641841842E+008,5.142809402941559E-002,
5.982838294294294E+008,5.209292137243596E-002,
6.032686946746746E+008,5.302483579965697E-002,
6.082535599199200E+008,5.338345487459494E-002,
6.132384251651652E+008,5.415137878039878E-002,
6.182232904104104E+008,5.527186106584481E-002,
6.232081556556556E+008,5.642846871617119E-002,
6.281930209009010E+008,5.837253798258399E-002,
6.331778861461462E+008,5.943217282072503E-002,
6.381627513913914E+008,6.130735373056167E-002,
6.431476166366366E+008,6.317524154212617E-002,
6.481324818818818E+008,6.525057226996679E-002,
6.531173471271272E+008,6.787743851394297E-002,
6.581022123723724E+008,7.028532540956323E-002,
6.630870776176176E+008,7.304265599751775E-002,
6.680719428628628E+008,7.707685602911144E-002,
6.730568081081082E+008,8.295914695869598E-002,
6.780416733533534E+008,8.829174602853246E-002,
6.830265385985986E+008,9.348197243534122E-002,
6.880114038438438E+008,9.912608912781239E-002,
6.929962690890890E+008,1.044057260595574E-001,
6.979811343343344E+008,1.092542502793801E-001,
7.029659995795796E+008,1.138251174265546E-001,
7.079508648248248E+008,1.181662177167407E-001,
7.129357300700700E+008,1.216889566988671E-001,
7.179205953153154E+008,1.250268441057257E-001,
7.229054605605606E+008,1.278005100172414E-001,
7.278903258058058E+008,1.301499258252734E-001,
7.328751910510510E+008,1.322893514893128E-001,
7.378600562962964E+008,1.342614063330808E-001,
7.428449215415416E+008,1.375091582576100E-001,
7.478297867867868E+008,1.420990532801733E-001,
7.528146520320320E+008,1.480727704235988E-001,
7.577995172772772E+008,1.557303565666713E-001,
7.627843825225226E+008,1.628385239946773E-001,
7.677692477677678E+008,1.696735479933681E-001,
7.727541130130130E+008,1.750356712936358E-001,
7.777389782582582E+008,1.768392173219854E-001,
7.827238435035036E+008,1.758021681802447E-001,
7.877087087487488E+008,1.728790119036516E-001,
7.926935739939940E+008,1.712358922787152E-001,
7.976784392392392E+008,1.692205891068160E-001,
8.026633044844844E+008,1.681805728161486E-001,
8.076481697297298E+008,1.673221838150379E-001,
8.126330349749750E+008,1.650426391383626E-001,
8.176179002202202E+008,1.627611708312861E-001,
8.226027654654654E+008,1.619381571030150E-001,
8.275876307107108E+008,1.611186908023573E-001,
8.325724959559560E+008,1.617096817540069E-001,
8.375573612012012E+008,1.638595088115523E-001,
8.425422264464464E+008,1.645912801550629E-001,
8.475270916916918E+008,1.660224877495861E-001,
8.525119569369370E+008,1.665637287809124E-001,
8.574968221821822E+008,1.695932644017162E-001,
8.624816874274274E+008,1.710466326758452E-001,
8.674665526726726E+008,1.702093985203158E-001,
8.724514179179180E+008,1.685035533515829E-001,
8.774362831631632E+008,1.660956958990361E-001,
8.824211484084084E+008,1.610435877499391E-001,
8.874060136536536E+008,1.561904959748176E-001,
8.923908788988990E+008,1.529688731819274E-001,
8.973757441441442E+008,1.542852689602978E-001,
9.023606093893894E+008,1.564315923823779E-001,
9.073454746346346E+008,1.585666832461834E-001,
9.123303398798798E+008,1.605465939513231E-001,
9.173152051251252E+008,1.619409810297066E-001,
9.223000703703704E+008,1.646080155476553E-001,
9.272849356156156E+008,1.660872990387954E-001,
9.322698008608608E+008,1.682118734059347E-001,
9.372546661061062E+008,1.711182582288819E-001,
9.422395313513514E+008,1.740583435964336E-001,
9.472243965965966E+008,1.746357789993684E-001,
9.522092618418418E+008,1.720269977375264E-001,
9.571941270870872E+008,1.676678256105393E-001,
9.621789923323324E+008,1.648981468516652E-001,
9.671638575775776E+008,1.615184694370627E-001,
9.721487228228228E+008,1.591358773384793E-001,
9.771335880680680E+008,1.564004768624133E-001,
9.821184533133134E+008,1.518962899588663E-001,
9.871033185585586E+008,1.460616519057712E-001,
9.920881838038038E+008,1.414034838994543E-001,
9.970730490490490E+008,1.366833127620502E-001,
1.002057914294294E+009,1.342182505545843E-001,
1.007042779539540E+009,1.319904866093110E-001,
1.012027644784785E+009,1.300989204720388E-001,
1.017012510030030E+009,1.272596311252546E-001,
1.021997375275275E+009,1.238879410950518E-001,
1.026982240520521E+009,1.204690303310069E-001,
1.031967105765766E+009,1.167203541513780E-001,
1.036951971011011E+009,1.118727357073020E-001,
1.041936836256256E+009,1.066151213519326E-001,
1.046921701501502E+009,1.016652785004834E-001,
1.051906566746747E+009,9.801750871107860E-002,
1.056891431991992E+009,9.520008092427242E-002,
1.061876297237237E+009,9.208110656384885E-002,
1.066861162482482E+009,8.969701552106102E-002,
1.071846027727728E+009,8.814016954077394E-002,
1.076830892972973E+009,8.743016004699925E-002,
1.081815758218218E+009,8.764965059852335E-002,
1.086800623463464E+009,8.939487480816162E-002,
1.091785488708709E+009,9.225768941359533E-002,
1.096770353953954E+009,9.517772185356187E-002,
1.101755219199199E+009,9.897425502548871E-002,
1.106740084444444E+009,1.027570785575837E-001,
1.111724949689690E+009,1.060417939070744E-001,
1.116709814934935E+009,1.084888358972900E-001,
1.121694680180180E+009,1.110332504833385E-001,
1.126679545425426E+009,1.120732039763440E-001,
1.131664410670671E+009,1.122853889282132E-001,
1.136649275915916E+009,1.111762244611739E-001,
1.141634141161161E+009,1.082790717374849E-001,
1.146619006406406E+009,1.055199102757973E-001,
1.151603871651652E+009,1.025215251490079E-001,
1.156588736896897E+009,1.003963270592071E-001,
1.161573602142142E+009,9.921270590024052E-002,
1.166558467387388E+009,9.835018746992709E-002,
1.171543332632633E+009,9.769472258443253E-002,
1.176528197877878E+009,9.708328555191093E-002,
1.181513063123123E+009,9.719551210564359E-002,
1.186497928368368E+009,9.782538218338213E-002,
1.191482793613614E+009,9.825353870489582E-002,
1.196467658858859E+009,9.869890935164556E-002,
1.201452524104104E+009,9.875333812473616E-002,
1.206437389349349E+009,9.911381724034185E-002,
1.211422254594595E+009,9.887139987418207E-002,
1.216407119839840E+009,9.773537047061243E-002,
1.221391985085085E+009,9.540920044950418E-002,
1.226376850330330E+009,9.288167840789012E-002,
1.231361715575576E+009,9.115924605456494E-002,
1.236346580820821E+009,8.913568141260062E-002,
1.241331446066066E+009,8.716721343343856E-002,
1.246316311311311E+009,8.594476167514327E-002,
1.251301176556557E+009,8.474111691735756E-002,
1.256286041801802E+009,8.363810657379503E-002,
1.261270907047047E+009,8.302410966344305E-002,
1.266255772292292E+009,8.362789317288794E-002,
1.271240637537538E+009,8.420898150187164E-002,
1.276225502782783E+009,8.472389124617494E-002,
1.281210368028028E+009,8.582170720915196E-002,
1.286195233273273E+009,8.722950129331913E-002,
1.291180098518518E+009,8.871536587998029E-002,
1.296164963763764E+009,9.091761088142011E-002,
1.301149829009009E+009,9.304574685937816E-002,
1.306134694254254E+009,9.361624697578287E-002,
1.311119559499500E+009,9.267114873908167E-002,
1.316104424744745E+009,9.004949634259041E-002,
1.321089289989990E+009,8.670051967260163E-002,
1.326074155235235E+009,8.281632055127522E-002,
1.331059020480480E+009,7.954249718587404E-002,
1.336043885725726E+009,7.645768578149403E-002,
1.341028750970971E+009,7.354400304341519E-002,
1.346013616216216E+009,7.099331712207886E-002,
1.350998481461462E+009,6.801704597619591E-002,
1.355983346706707E+009,6.612355089625323E-002,
1.360968211951952E+009,6.440585874626462E-002,
1.365953077197197E+009,6.213730193256128E-002,
1.370937942442442E+009,6.091867825769817E-002,
1.375922807687688E+009,6.024605745060582E-002,
1.380907672932933E+009,5.962186656702461E-002,
1.385892538178178E+009,5.948377372646055E-002,
1.390877403423424E+009,5.937967704598524E-002,
1.395862268668669E+009,5.895920182497332E-002,
1.400847133913914E+009,5.796680981391847E-002,
1.405831999159159E+009,5.621358794083103E-002,
1.410816864404404E+009,5.408096802888995E-002,
1.415801729649650E+009,5.275547513183500E-002,
1.420786594894895E+009,5.167500574596057E-002,
1.425771460140140E+009,5.032191879271773E-002,
1.430756325385386E+009,5.030725689590246E-002,
1.435741190630631E+009,5.054391498220197E-002,
1.440726055875876E+009,5.128157756814409E-002,
1.445710921121121E+009,5.172711845529200E-002,
1.450695786366366E+009,5.303818398544645E-002,
1.455680651611612E+009,5.379310725078806E-002,
1.460665516856857E+009,5.463246681030091E-002,
1.465650382102102E+009,5.498031632979476E-002,
1.470635247347347E+009,5.419374478318254E-002,
1.475620112592593E+009,5.345764177750774E-002,
1.480604977837838E+009,5.236557017599103E-002,
1.485589843083083E+009,5.152369416868270E-002,
1.490574708328328E+009,5.054391992211195E-002,
1.495559573573574E+009,5.017177129646711E-002,
1.500544438818819E+009,4.912851878788960E-002,
1.505529304064064E+009,4.823981382566497E-002,
1.510514169309309E+009,4.720980179736012E-002,
1.515499034554555E+009,4.721357662075590E-002,
1.520483899799800E+009,4.601654566815992E-002,
1.525468765045045E+009,4.575051654405006E-002,
1.530453630290290E+009,4.465500905387579E-002,
1.535438495535536E+009,4.445789072680521E-002,
1.540423360780781E+009,4.406125561211014E-002,
1.545408226026026E+009,4.432401568787932E-002,
1.550393091271271E+009,4.505651089252354E-002,
1.555377956516516E+009,4.574167054340995E-002,
1.560362821761762E+009,4.639441007492734E-002,
1.565347687007007E+009,4.760758785720620E-002,
1.570332552252252E+009,4.775338162298914E-002,
1.575317417497498E+009,4.774462827500138E-002,
1.580302282742743E+009,4.709615966681947E-002,
1.585287147987988E+009,4.562764221676156E-002,
1.590272013233233E+009,4.482108745433275E-002,
1.595256878478478E+009,4.436827490791192E-002,
1.600241743723724E+009,4.426067587214240E-002,
1.605226608968969E+009,4.441398351969725E-002,
1.610211474214214E+009,4.519563718804174E-002,
1.615196339459460E+009,4.605812453269603E-002,
1.620181204704705E+009,4.673286701894866E-002,
1.625166069949950E+009,4.750293024815456E-002,
1.630150935195195E+009,4.796132907420115E-002,
1.635135800440440E+009,4.859934856153762E-002,
1.640120665685686E+009,4.787366289318872E-002,
1.645105530930931E+009,4.728432211214882E-002,
1.650090396176176E+009,4.687589315169539E-002,
1.655075261421422E+009,4.606642730260841E-002,
1.660060126666667E+009,4.541029925134886E-002,
1.665044991911912E+009,4.454791768624197E-002,
1.670029857157157E+009,4.377632579300470E-002,
1.675014722402402E+009,4.357717373084703E-002,
1.679999587647648E+009,4.370983226610616E-002,
1.684984452892893E+009,4.311144181085513E-002,
1.689969318138138E+009,4.203823325202651E-002,
1.694954183383384E+009,4.066370298457299E-002,
1.699939048628629E+009,3.946891401242752E-002,
1.704923913873874E+009,3.669642004501344E-002,
1.709908779119119E+009,3.424410976232503E-002,
1.714893644364364E+009,3.212645273733714E-002,
1.719878509609610E+009,2.952932112200051E-002,
1.724863374854855E+009,2.687688367568857E-002,
1.729848240100100E+009,2.492365016413057E-002,
1.734833105345345E+009,2.396384761139441E-002,
1.739817970590591E+009,2.414369130789323E-002,
1.744802835835836E+009,2.468330776714985E-002,
1.749787701081081E+009,2.566044356485370E-002,
1.754772566326326E+009,2.616996701526190E-002,
1.759757431571572E+009,2.631228266435712E-002,
1.764742296816817E+009,2.628913086814150E-002,
1.769727162062062E+009,2.634821808195169E-002,
1.774712027307307E+009,2.638654459213543E-002,
1.779696892552553E+009,2.652161249939916E-002,
1.784681757797798E+009,2.760739846438101E-002,
1.789666623043043E+009,3.018717891784293E-002,
1.794651488288288E+009,3.369903533931308E-002,
1.799636353533534E+009,3.696640471066624E-002,
1.804621218778779E+009,3.913549970858084E-002,
1.809606084024024E+009,4.014707052303313E-002,
1.814590949269269E+009,4.016959811424246E-002,
1.819575814514514E+009,3.963444068465639E-002,
1.824560679759760E+009,3.906774947363521E-002,
1.829545545005005E+009,3.801114399806017E-002,
1.834530410250250E+009,3.715358741728492E-002,
1.839515275495496E+009,3.650862089349034E-002,
1.844500140740741E+009,3.616060867244916E-002,
1.849485005985986E+009,3.617620015318326E-002,
1.854469871231231E+009,3.618530128942834E-002,
1.859454736476476E+009,3.611115593332475E-002,
1.864439601721722E+009,3.565306731233250E-002,
1.869424466966967E+009,3.506122574325898E-002,
1.874409332212212E+009,3.376682008143803E-002,
1.879394197457458E+009,3.132513701641174E-002,
1.884379062702703E+009,2.878014025767643E-002,
1.889363927947948E+009,2.672640072680560E-002,
1.894348793193193E+009,2.488967471784595E-002,
1.899333658438438E+009,2.315263598107332E-002,
1.904318523683684E+009,2.154715487295941E-002,
1.909303388928929E+009,2.062748072933264E-002,
1.914288254174174E+009,1.932030165096901E-002,
1.919273119419420E+009,1.838972324942508E-002,
1.924257984664665E+009,1.729975416097219E-002,
1.929242849909910E+009,1.560328865331146E-002,
1.934227715155155E+009,1.388027073846910E-002,
1.939212580400400E+009,1.194738018471275E-002,
1.944197445645646E+009,1.013125339273933E-002,
1.949182310890891E+009,8.681768101791774E-003,
1.954167176136136E+009,8.605432879997576E-003,
1.959152041381382E+009,9.322585430242031E-003,
1.964136906626627E+009,1.061442311284854E-002,
1.969121771871872E+009,1.124535620333037E-002,
1.974106637117117E+009,1.217991712534481E-002,
1.979091502362362E+009,1.321902353159419E-002,
1.984076367607608E+009,1.393649222093048E-002,
1.989061232852853E+009,1.462680925033748E-002,
1.994046098098098E+009,1.541199015273082E-002,
1.999030963343343E+009,1.584068852912500E-002,
2.004015828588589E+009,1.631027489636979E-002,
2.009000693833834E+009,1.632501733295213E-002,
2.013985559079079E+009,1.638446570072731E-002,
2.018970424324324E+009,1.669744821037518E-002,
2.023955289569570E+009,1.708900360777051E-002,
2.028940154814815E+009,1.677206863195718E-002,
2.033925020060060E+009,1.726306876716603E-002,
2.038909885305305E+009,1.699941241604777E-002,
2.043894750550551E+009,1.635258934911079E-002,
2.048879615795796E+009,1.560241340245879E-002,
2.053864481041041E+009,1.523897930548808E-002,
2.058849346286286E+009,1.510490524045491E-002,
2.063834211531532E+009,1.486541858843835E-002,
2.068819076776777E+009,1.471544855005826E-002,
2.073803942022022E+009,1.409100122742915E-002,
2.078788807267267E+009,1.378130566374233E-002,
2.083773672512512E+009,1.335872634499224E-002,
2.088758537757758E+009,1.295704155788530E-002,
2.093743403003003E+009,1.282962295164915E-002,
2.098728268248248E+009,1.260216078797776E-002,
2.103713133493494E+009,1.258819453935532E-002,
2.108697998738739E+009,1.253163784074321E-002,
2.113682863983984E+009,1.332412920448455E-002,
2.118667729229229E+009,1.293643201732189E-002,
2.123652594474474E+009,1.322510955840262E-002,
2.128637459719720E+009,1.350837977702882E-002,
2.133622324964965E+009,1.293200717309885E-002,
2.138607190210210E+009,1.272914926305571E-002,
2.143592055455456E+009,1.313449757483956E-002,
2.148576920700701E+009,1.298000315635426E-002,
2.153561785945946E+009,1.301079545036412E-002,
2.158546651191191E+009,1.346465867730875E-002,
2.163531516436437E+009,1.343893774796546E-002,
2.168516381681682E+009,1.339422054789237E-002,
2.173501246926927E+009,1.412552909378431E-002,
2.178486112172172E+009,1.484223836433341E-002,
2.183470977417418E+009,1.495613738399229E-002,
2.188455842662663E+009,1.577809105035189E-002,
2.193440707907908E+009,1.575988171514011E-002,
2.198425573153153E+009,1.659417257044101E-002,
2.203410438398398E+009,1.722136516917701E-002,
2.208395303643644E+009,1.799492237705848E-002,
2.213380168888889E+009,1.875811075957945E-002,
2.218365034134134E+009,1.977624798569992E-002,
2.223349899379379E+009,2.104247690968345E-002,
2.228334764624625E+009,2.118326164429046E-002,
2.233319629869870E+009,2.200803301908819E-002,
2.238304495115115E+009,2.162594969813266E-002,
2.243289360360360E+009,2.104063237672595E-002,
2.248274225605606E+009,2.068066399147238E-002,
2.253259090850851E+009,2.035738232306910E-002,
2.258243956096096E+009,2.069243237516002E-002,
2.263228821341342E+009,2.048941933075682E-002,
2.268213686586587E+009,2.058617336077411E-002,
2.273198551831832E+009,2.115550490561139E-002,
2.278183417077077E+009,2.212866159687676E-002,
2.283168282322322E+009,2.282468637165258E-002,
2.288153147567567E+009,2.412996332465211E-002,
2.293138012812813E+009,2.497090036628873E-002,
2.298122878058058E+009,2.617822108438872E-002,
2.303107743303303E+009,2.699748282254164E-002,
2.308092608548549E+009,2.791869893960718E-002,
2.313077473793794E+009,2.899700316546826E-002,
2.318062339039039E+009,2.962652848522663E-002,
2.323047204284284E+009,2.957583717962318E-002,
2.328032069529530E+009,2.956707327956999E-002,
2.333016934774775E+009,2.973835990541720E-002,
2.338001800020020E+009,2.921939618231139E-002,
2.342986665265266E+009,2.892878501263891E-002,
2.347971530510510E+009,2.837979704356755E-002,
2.352956395755756E+009,2.808140225956023E-002,
2.357941261001001E+009,2.888191999716347E-002,
2.362926126246246E+009,2.884178353311772E-002,
2.367910991491491E+009,2.918275454052595E-002,
2.372895856736737E+009,2.940198014488427E-002,
2.377880721981982E+009,3.023910676064776E-002,
2.382865587227227E+009,2.999114974208082E-002,
2.387850452472473E+009,3.107055016033993E-002,
2.392835317717718E+009,3.154730430893674E-002,
2.397820182962963E+009,3.187856318086710E-002,
2.402805048208208E+009,3.280524365546783E-002,
2.407789913453454E+009,3.349638365548671E-002,
2.412774778698699E+009,3.447897506064314E-002,
2.417759643943944E+009,3.565258150561453E-002,
2.422744509189189E+009,3.668967791868279E-002,
2.427729374434434E+009,3.683948292782243E-002,
2.432714239679680E+009,3.684033246009928E-002,
2.437699104924925E+009,3.614349046175878E-002,
2.442683970170170E+009,3.614453636936400E-002,
2.447668835415415E+009,3.536779577662633E-002,
2.452653700660661E+009,3.547604590905009E-002,
2.457638565905906E+009,3.457637092419506E-002,
2.462623431151151E+009,3.474880506422969E-002,
2.467608296396397E+009,3.388444552472172E-002,
2.472593161641642E+009,3.279302315973919E-002,
2.477578026886887E+009,3.248758870539938E-002,
2.482562892132132E+009,3.243198851453912E-002,
2.487547757377378E+009,3.181242594101116E-002,
2.492532622622623E+009,3.171699481139624E-002,
2.497517487867868E+009,3.173635352060612E-002,
2.502502353113113E+009,3.191427061739868E-002,
2.507487218358358E+009,3.315532210705072E-002,
2.512472083603604E+009,3.345181987107686E-002,
2.517456948848849E+009,3.447693753097889E-002,
2.522441814094094E+009,3.496278830191881E-002,
2.527426679339339E+009,3.559401267372153E-002,
2.532411544584585E+009,3.604272679050150E-002,
2.537396409829830E+009,3.722898974843471E-002,
2.542381275075075E+009,3.736078847380071E-002,
2.547366140320320E+009,3.820090888364124E-002,
2.552351005565566E+009,3.833142332839126E-002,
2.557335870810811E+009,3.763179326751448E-002,
2.562320736056056E+009,3.790442557907895E-002,
2.567305601301302E+009,3.738518439612622E-002,
2.572290466546547E+009,3.698860329041592E-002,
2.577275331791792E+009,3.689213176168382E-002,
2.582260197037037E+009,3.685261492192737E-002,
2.587245062282282E+009,3.650034987143930E-002,
2.592229927527527E+009,3.747366492719602E-002,
2.597214792772773E+009,3.799118250470186E-002,
2.602199658018018E+009,3.870509829548909E-002,
2.607184523263263E+009,3.929689939954234E-002,
2.612169388508509E+009,3.989259777629828E-002,
2.617154253753754E+009,4.008642798178655E-002,
2.622139118998999E+009,4.127442405530041E-002,
2.627123984244244E+009,4.212147162092707E-002,
2.632108849489490E+009,4.326271486006651E-002,
2.637093714734735E+009,4.395797533804873E-002,
2.642078579979980E+009,4.451888181513618E-002,
2.647063445225225E+009,4.491068879847204E-002,
2.652048310470470E+009,4.511551718425234E-002,
2.657033175715716E+009,4.493185768051899E-002,
2.662018040960961E+009,4.570708016175339E-002,
2.667002906206206E+009,4.523661758395547E-002,
2.671987771451451E+009,4.553331269383943E-002,
2.676972636696697E+009,4.526304727700618E-002,
2.681957501941942E+009,4.592993188453116E-002,
2.686942367187187E+009,4.529370936537762E-002,
2.691927232432433E+009,4.625938715861730E-002,
2.696912097677678E+009,4.656290583153755E-002,
2.701896962922923E+009,4.663986833164282E-002,
2.706881828168168E+009,4.695621542340303E-002,
2.711866693413414E+009,4.679529425340422E-002,
2.716851558658659E+009,4.775943655714043E-002,
2.721836423903904E+009,4.717222067650081E-002,
2.726821289149149E+009,4.786355844934306E-002,
2.731806154394394E+009,4.741485925491291E-002,
2.736791019639640E+009,4.597433004297634E-002,
2.741775884884885E+009,4.538045330670600E-002,
2.746760750130130E+009,4.417124277621382E-002,
2.751745615375375E+009,4.343132127430691E-002,
2.756730480620621E+009,4.290661169869204E-002,
2.761715345865866E+009,4.130432073055173E-002,
2.766700211111111E+009,4.070940898949840E-002,
2.771685076356356E+009,3.962271278592722E-002,
2.776669941601602E+009,3.872834307176239E-002,
2.781654806846847E+009,3.776715206758481E-002,
2.786639672092092E+009,3.626771152354443E-002,
2.791624537337338E+009,3.451724269056012E-002,
2.796609402582583E+009,3.381689023573549E-002,
2.801594267827828E+009,3.214823587195871E-002,
2.806579133073073E+009,3.127830568352313E-002,
2.811563998318318E+009,3.074340570799122E-002,
2.816548863563564E+009,2.970767776487687E-002,
2.821533728808809E+009,2.951752196986582E-002,
2.826518594054054E+009,2.885645968262198E-002,
2.831503459299299E+009,2.878863744283331E-002,
2.836488324544545E+009,2.877075294826085E-002,
2.841473189789790E+009,2.880241303378938E-002,
2.846458055035035E+009,2.819665285363604E-002,
2.851442920280280E+009,2.863318628199417E-002,
2.856427785525526E+009,2.858046787978399E-002,
2.861412650770771E+009,2.834455075071720E-002,
2.866397516016016E+009,2.846992058237409E-002,
2.871382381261262E+009,2.843391232757900E-002,
2.876367246506506E+009,2.834580807808384E-002,
2.881352111751752E+009,2.714581190430931E-002,
2.886336976996997E+009,2.733177724204912E-002,
2.891321842242242E+009,2.615740671484938E-002,
2.896306707487487E+009,2.516065865646036E-002,
2.901291572732733E+009,2.417578629972694E-002,
2.906276437977978E+009,2.274303703853149E-002,
2.911261303223223E+009,2.133999123173345E-002,
2.916246168468469E+009,2.024454920328683E-002,
2.921231033713714E+009,1.940068624023958E-002,
2.926215898958959E+009,1.975777808599737E-002,
2.931200764204204E+009,1.900028606193446E-002,
2.936185629449450E+009,1.867642215634077E-002,
2.941170494694695E+009,1.916178667527464E-002,
2.946155359939940E+009,1.867728292547981E-002,
2.951140225185185E+009,1.806247007892572E-002,
2.956125090430430E+009,1.750350573893190E-002,
2.961109955675676E+009,1.794181527076162E-002,
2.966094820920921E+009,1.685167389018635E-002,
2.971079686166166E+009,1.653317219022060E-002,
2.976064551411411E+009,1.577879714974135E-002,
2.981049416656657E+009,1.592518649511067E-002,
2.986034281901902E+009,1.585166284495111E-002,
2.991019147147147E+009,1.539250462955623E-002,
2.996004012392393E+009,1.476664836666107E-002,
3.000988877637638E+009,1.469663200987039E-002,
3.005973742882883E+009,1.325620671784878E-002,
3.010958608128128E+009,1.292561718414477E-002,
3.015943473373374E+009,1.260904548465814E-002,
3.020928338618619E+009,1.203312662202732E-002,
3.025913203863864E+009,1.166306987140691E-002,
3.030898069109109E+009,1.129932537058579E-002,
3.035882934354354E+009,1.112851530118639E-002,
3.040867799599600E+009,1.087979233639137E-002,
3.045852664844845E+009,1.070410571578928E-002,
3.050837530090090E+009,1.055563865671104E-002,
3.055822395335335E+009,1.047280714847151E-002,
3.060807260580581E+009,1.025986198869854E-002,
3.065792125825826E+009,9.945777377947275E-003,
3.070776991071071E+009,9.500730289903874E-003,
3.075761856316316E+009,8.856842521750672E-003,
3.080746721561562E+009,8.091625108137199E-003,
3.085731586806807E+009,7.497371268132150E-003,
3.090716452052052E+009,6.978739150694035E-003,
3.095701317297298E+009,6.270140976138608E-003,
3.100686182542543E+009,5.734878555264156E-003,
3.105671047787788E+009,5.348026237270587E-003,
3.110655913033033E+009,4.977524680154668E-003,
3.115640778278278E+009,4.801200099486078E-003,
3.120625643523523E+009,4.660937871857777E-003,
3.125610508768769E+009,4.512472995257883E-003,
3.130595374014014E+009,4.304475007487138E-003,
3.135580239259259E+009,4.254876385960279E-003,
3.140565104504505E+009,4.299982828210723E-003,
3.145549969749750E+009,4.303697191899761E-003,
3.150534834994995E+009,4.313414094263546E-003,
3.155519700240240E+009,4.244681574698823E-003,
3.160504565485486E+009,4.097082374232413E-003,
3.165489430730731E+009,3.893181720624151E-003,
3.170474295975976E+009,3.634802542415524E-003,
3.175459161221221E+009,3.540782371082510E-003,
3.180444026466466E+009,3.374883187950083E-003,
3.185428891711712E+009,3.188279917701394E-003,
3.190413756956957E+009,2.931250947269530E-003,
3.195398622202202E+009,2.736216721349751E-003,
3.200383487447447E+009,2.543775581634367E-003,
3.205368352692693E+009,2.513208485721822E-003,
3.210353217937938E+009,2.372237404375255E-003,
3.215338083183183E+009,2.451830113061966E-003,
3.220322948428429E+009,2.754480570602474E-003,
3.225307813673674E+009,3.063543206734855E-003,
3.230292678918919E+009,3.389606292273397E-003,
3.235277544164164E+009,3.661035361689154E-003,
3.240262409409410E+009,3.915889099177668E-003,
3.245247274654655E+009,4.243129842813138E-003,
3.250232139899900E+009,4.785527703044907E-003,
3.255217005145145E+009,5.318363031317375E-003,
3.260201870390390E+009,5.814051545235302E-003,
3.265186735635636E+009,6.183485503555762E-003,
3.270171600880881E+009,6.589198241359527E-003,
3.275156466126126E+009,7.051414808440520E-003,
3.280141331371371E+009,7.597318893624608E-003,
3.285126196616617E+009,8.124381595079198E-003,
3.290111061861862E+009,8.544123982858174E-003,
3.295095927107107E+009,8.943985496774552E-003,
3.300080792352352E+009,9.248379830327001E-003,
3.305065657597598E+009,9.414716903371003E-003,
3.310050522842843E+009,9.547471507697507E-003,
3.315035388088088E+009,9.767500144121625E-003,
3.320020253333334E+009,9.951855549386194E-003,
3.325005118578579E+009,1.001195779220385E-002,
3.329989983823824E+009,9.914319980350092E-003,
3.334974849069069E+009,1.001778192189451E-002,
3.339959714314314E+009,1.030445915387410E-002,
3.344944579559560E+009,1.048557120792498E-002,
3.349929444804805E+009,1.089558671381112E-002,
3.354914310050050E+009,1.134727550913721E-002,
3.359899175295295E+009,1.184318214990707E-002,
3.364884040540541E+009,1.218044088834070E-002,
3.369868905785786E+009,1.257120517932172E-002,
3.374853771031031E+009,1.311029092629852E-002,
3.379838636276276E+009,1.354406288963950E-002,
3.384823501521522E+009,1.402252113678916E-002,
3.389808366766767E+009,1.447543521440484E-002,
3.394793232012012E+009,1.511128548243122E-002,
3.399778097257258E+009,1.633403946477078E-002,
3.404762962502502E+009,1.602311454216249E-002,
3.409747827747748E+009,1.663619704752786E-002,
3.414732692992993E+009,1.736879350156280E-002,
3.419717558238238E+009,1.803355705089310E-002,
3.424702423483483E+009,1.802288139971075E-002,
3.429687288728729E+009,1.850410593396114E-002,
3.434672153973974E+009,1.912613475342079E-002,
3.439657019219219E+009,1.921821910174171E-002,
3.444641884464465E+009,1.976752313323132E-002,
3.449626749709710E+009,2.068341951216410E-002,
3.454611614954955E+009,2.074467973032151E-002,
3.459596480200200E+009,2.142373224918786E-002,
3.464581345445446E+009,2.158452735150256E-002,
3.469566210690691E+009,2.183928284885373E-002,
3.474551075935936E+009,2.195369005898519E-002,
3.479535941181181E+009,2.208246930689659E-002,
3.484520806426426E+009,2.251927429774673E-002,
3.489505671671672E+009,2.258435752229979E-002,
3.494490536916917E+009,2.299632546461380E-002,
3.499475402162162E+009,2.268233008604697E-002,
3.504460267407407E+009,2.263232729497505E-002,
3.509445132652653E+009,2.340727676107802E-002,
3.514429997897898E+009,2.312840981313994E-002,
3.519414863143143E+009,2.315410781028286E-002,
3.524399728388389E+009,2.369404719508106E-002,
3.529384593633634E+009,2.314091541868418E-002,
3.534369458878879E+009,2.278341377742931E-002,
3.539354324124124E+009,2.203862178974413E-002,
3.544339189369370E+009,2.138727567695195E-002,
3.549324054614615E+009,2.136283449812582E-002,
3.554308919859860E+009,2.188480449583147E-002,
3.559293785105105E+009,2.131686235006379E-002,
3.564278650350350E+009,2.144182938421983E-002,
3.569263515595596E+009,2.198793718358487E-002,
3.574248380840841E+009,2.281068862627819E-002,
3.579233246086086E+009,2.304357440042896E-002,
3.584218111331331E+009,2.352504961522797E-002,
3.589202976576577E+009,2.462791087055035E-002,
3.594187841821822E+009,2.505761103025627E-002,
3.599172707067067E+009,2.558445981554846E-002,
3.604157572312312E+009,2.576564086029306E-002,
3.609142437557558E+009,2.642635278532492E-002,
3.614127302802803E+009,2.679924879278544E-002,
3.619112168048048E+009,2.672858529093596E-002,
3.624097033293294E+009,2.697681640786154E-002,
3.629081898538539E+009,2.658827939992413E-002,
3.634066763783784E+009,2.657345622116534E-002,
3.639051629029029E+009,2.584319608409331E-002,
3.644036494274274E+009,2.481582988387622E-002,
3.649021359519519E+009,2.535878235517445E-002,
3.654006224764765E+009,2.459784324684817E-002,
3.658991090010010E+009,2.330252085209819E-002,
3.663975955255255E+009,2.343462527388771E-002,
3.668960820500501E+009,2.346936985632021E-002,
3.673945685745746E+009,2.340240212421219E-002,
3.678930550990991E+009,2.238445808082850E-002,
3.683915416236236E+009,2.230589275250343E-002,
3.688900281481482E+009,2.170216674903446E-002,
3.693885146726727E+009,2.176696888557694E-002,
3.698870011971972E+009,2.283493535189097E-002,
3.703854877217217E+009,2.229405359041096E-002,
3.708839742462462E+009,2.177220543069339E-002,
3.713824607707708E+009,2.142503289337270E-002,
3.718809472952953E+009,2.162923010155244E-002,
3.723794338198198E+009,2.176338628893088E-002,
3.728779203443443E+009,2.161644839401833E-002,
3.733764068688689E+009,2.071189045537157E-002,
3.738748933933934E+009,2.128387081531135E-002,
3.743733799179179E+009,2.149555634586462E-002,
3.748718664424425E+009,2.072809393255962E-002,
3.753703529669670E+009,2.128360479372510E-002,
3.758688394914915E+009,2.103922361733624E-002,
3.763673260160160E+009,2.141401983229776E-002,
3.768658125405406E+009,2.157094058226106E-002,
3.773642990650651E+009,2.134194765263747E-002,
3.778627855895896E+009,2.111234704550684E-002,
3.783612721141141E+009,2.200509829813801E-002,
3.788597586386386E+009,2.220908484051637E-002,
3.793582451631632E+009,2.131248107382387E-002,
3.798567316876877E+009,2.199811372578031E-002,
3.803552182122122E+009,2.054228319567057E-002,
3.808537047367367E+009,2.049055113230002E-002,
3.813521912612613E+009,1.978240821512489E-002,
3.818506777857858E+009,2.034117293043612E-002,
3.823491643103103E+009,1.976306786558885E-002,
3.828476508348349E+009,1.861985642032842E-002,
3.833461373593594E+009,1.880477737583549E-002,
3.838446238838839E+009,1.772679944830086E-002,
3.843431104084084E+009,1.805680606820420E-002,
3.848415969329330E+009,1.783779037190822E-002,
3.853400834574575E+009,1.796498195071385E-002,
3.858385699819820E+009,1.795090231276913E-002,
3.863370565065065E+009,1.723808440221658E-002,
3.868355430310310E+009,1.724207794414683E-002,
3.873340295555556E+009,1.722451258753780E-002,
3.878325160800801E+009,1.754882383211315E-002,
3.883310026046046E+009,1.742075877541835E-002,
3.888294891291291E+009,1.791034008294290E-002,
3.893279756536537E+009,1.754008280415535E-002,
3.898264621781782E+009,1.786353631645027E-002,
3.903249487027027E+009,1.800074009453360E-002,
3.908234352272272E+009,1.804658603097006E-002,
3.913219217517518E+009,1.758340895996233E-002,
3.918204082762763E+009,1.728565397965750E-002,
3.923188948008008E+009,1.700158339633055E-002,
3.928173813253254E+009,1.644468666434034E-002,
3.933158678498498E+009,1.655629558091066E-002,
3.938143543743744E+009,1.614886804076746E-002,
3.943128408988989E+009,1.665155800211492E-002,
3.948113274234234E+009,1.657155864915797E-002,
3.953098139479479E+009,1.653820196135474E-002,
3.958083004724725E+009,1.651955527609563E-002,
3.963067869969970E+009,1.654961044622952E-002,
3.968052735215215E+009,1.725229587859670E-002,
3.973037600460461E+009,1.672273326286664E-002,
3.978022465705706E+009,1.663291272733469E-002,
3.983007330950951E+009,1.686354010808077E-002,
3.987992196196196E+009,1.678816250911746E-002,
3.992977061441442E+009,1.586754563863877E-002,
3.997961926686687E+009,1.586648697705814E-002,
4.002946791931932E+009,1.538177362630860E-002,
4.007931657177177E+009,1.483543808010576E-002,
4.012916522422422E+009,1.519213707565095E-002,
4.017901387667668E+009,1.469027175369829E-002,
4.022886252912913E+009,1.427048671275007E-002,
4.027871118158158E+009,1.442265452160181E-002,
4.032855983403403E+009,1.459084528683924E-002,
4.037840848648649E+009,1.467369373525625E-002,
4.042825713893894E+009,1.480591897619076E-002,
4.047810579139139E+009,1.493909397054877E-002,
4.052795444384385E+009,1.501649143657646E-002,
4.057780309629630E+009,1.529141106011444E-002,
4.062765174874875E+009,1.563930381508901E-002,
4.067750040120120E+009,1.594199271308257E-002,
4.072734905365366E+009,1.620087174746357E-002,
4.077719770610611E+009,1.628836242092229E-002,
4.082704635855856E+009,1.626797057001377E-002,
4.087689501101101E+009,1.616401938662641E-002,
4.092674366346346E+009,1.600176410348081E-002,
4.097659231591592E+009,1.585795599525890E-002,
4.102644096836837E+009,1.570600856057243E-002,
4.107628962082082E+009,1.558626816624532E-002,
4.112613827327327E+009,1.537803028472148E-002,
4.117598692572573E+009,1.512478411219169E-002,
4.122583557817818E+009,1.489099299710876E-002,
4.127568423063063E+009,1.478949075130009E-002,
4.132553288308308E+009,1.491061882970100E-002,
4.137538153553554E+009,1.505579229896969E-002,
4.142523018798799E+009,1.533681919943019E-002,
4.147507884044044E+009,1.565034365491580E-002,
4.152492749289290E+009,1.597699788456246E-002,
4.157477614534535E+009,1.609805190178492E-002,
4.162462479779780E+009,1.648499422704567E-002,
4.167447345025025E+009,1.657271523361773E-002,
4.172432210270270E+009,1.673569672439203E-002,
4.177417075515515E+009,1.683884604650852E-002,
4.182401940760761E+009,1.678380467864715E-002,
4.187386806006006E+009,1.662649853179937E-002,
4.192371671251251E+009,1.656065778878478E-002,
4.197356536496497E+009,1.641893100396076E-002,
4.202341401741742E+009,1.618072039449038E-002,
4.207326266986987E+009,1.604251721316229E-002,
4.212311132232232E+009,1.561908118279550E-002,
4.217295997477478E+009,1.547386822365610E-002,
4.222280862722723E+009,1.530335249367344E-002,
4.227265727967968E+009,1.510767241580825E-002,
4.232250593213213E+009,1.505761436844063E-002,
4.237235458458458E+009,1.503744004895876E-002,
4.242220323703704E+009,1.518821407667806E-002,
4.247205188948949E+009,1.549504548203272E-002,
4.252190054194194E+009,1.591930994071973E-002,
4.257174919439439E+009,1.621742597428598E-002,
4.262159784684685E+009,1.674870569871997E-002,
4.267144649929930E+009,1.699198731793282E-002,
4.272129515175175E+009,1.716812044811401E-002,
4.277114380420421E+009,1.726703660238564E-002,
4.282099245665666E+009,1.710224066077776E-002,
4.287084110910911E+009,1.692633078768778E-002,
4.292068976156156E+009,1.674319094076400E-002,
4.297053841401402E+009,1.645156908508530E-002,
4.302038706646647E+009,1.605131786823764E-002,
4.307023571891892E+009,1.561531066220418E-002,
4.312008437137137E+009,1.526405668558446E-002,
4.316993302382382E+009,1.502078138012721E-002,
4.321978167627627E+009,1.475156420807958E-002,
4.326963032872873E+009,1.443202493931967E-002,
4.331947898118118E+009,1.405370205572510E-002,
4.336932763363363E+009,1.386381211273700E-002,
4.341917628608608E+009,1.367727553928142E-002,
4.346902493853854E+009,1.330264853464398E-002,
4.351887359099099E+009,1.315007246311408E-002,
4.356872224344344E+009,1.301971291550839E-002,
4.361857089589590E+009,1.269147813658475E-002,
4.366841954834835E+009,1.237339245157129E-002,
4.371826820080080E+009,1.210372991459092E-002,
4.376811685325325E+009,1.184017939385698E-002,
4.381796550570571E+009,1.157665857822959E-002,
4.386781415815816E+009,1.141471748791688E-002,
4.391766281061061E+009,1.100782182899378E-002,
4.396751146306306E+009,1.074064551718694E-002,
4.401736011551552E+009,1.027343869088798E-002,
4.406720876796797E+009,9.937578290852067E-003,
4.411705742042042E+009,9.577463324738939E-003,
4.416690607287288E+009,9.224689783189681E-003,
4.421675472532533E+009,8.920001375888336E-003,
4.426660337777778E+009,8.627178897794059E-003,
4.431645203023023E+009,8.295610843297689E-003,
4.436630068268269E+009,7.794570836831581E-003,
4.441614933513514E+009,7.461985589191077E-003,
4.446599798758759E+009,7.186910275860583E-003,
4.451584664004005E+009,6.838147501903942E-003,
4.456569529249250E+009,6.578480046207457E-003,
4.461554394494494E+009,6.284704099927798E-003,
4.466539259739739E+009,6.008891073820656E-003,
4.471524124984985E+009,5.915635895551581E-003,
4.476508990230230E+009,5.924441522677366E-003,
4.481493855475475E+009,5.892128885225305E-003,
4.486478720720720E+009,5.784138172329944E-003,
4.491463585965966E+009,5.765267592110575E-003,
4.496448451211211E+009,5.763082176442800E-003,
4.501433316456456E+009,5.647903424733218E-003,
4.506418181701702E+009,5.578170076111839E-003,
4.511403046946947E+009,5.542649171574903E-003,
4.516387912192192E+009,5.506147901829498E-003,
4.521372777437437E+009,5.169391111168599E-003,
4.526357642682683E+009,4.848521867557532E-003,
4.531342507927928E+009,4.469814877506816E-003,
4.536327373173173E+009,4.210969454700002E-003,
4.541312238418419E+009,3.845588270440373E-003,
4.546297103663664E+009,3.637933024941616E-003,
4.551281968908909E+009,3.266839916879177E-003,
4.556266834154154E+009,3.203050612340119E-003,
4.561251699399400E+009,2.941400187902202E-003,
4.566236564644645E+009,2.979319310313280E-003,
4.571221429889890E+009,2.980173767557361E-003,
4.576206295135135E+009,2.929998689203269E-003,
4.581191160380381E+009,3.081644891824316E-003,
4.586176025625626E+009,3.205121615651463E-003,
4.591160890870871E+009,3.294972266305182E-003,
4.596145756116117E+009,3.389922522106786E-003,
4.601130621361362E+009,3.469452454135700E-003,
4.606115486606607E+009,3.518943198001854E-003,
4.611100351851852E+009,3.495268768460993E-003,
4.616085217097097E+009,3.369512084994264E-003,
4.621070082342342E+009,3.298548255270330E-003,
4.626054947587587E+009,3.141098534374665E-003,
4.631039812832833E+009,2.974806218238280E-003,
4.636024678078078E+009,2.871976695687994E-003,
4.641009543323323E+009,2.844554775373254E-003,
4.645994408568568E+009,2.705315397715959E-003,
4.650979273813814E+009,2.829301745853285E-003,
4.655964139059059E+009,2.796604917112445E-003,
4.660949004304304E+009,2.932041477798617E-003,
4.665933869549550E+009,3.024222707767825E-003,
4.670918734794795E+009,3.013245215004931E-003,
4.675903600040040E+009,2.988605647952578E-003,
4.680888465285285E+009,3.088856446794110E-003,
4.685873330530531E+009,3.213614928682817E-003,
4.690858195775776E+009,3.281648977601605E-003,
4.695843061021021E+009,3.278168613590908E-003,
4.700827926266266E+009,3.283263436043923E-003,
4.705812791511512E+009,3.430501850858166E-003,
4.710797656756757E+009,3.540700762463348E-003,
4.715782522002002E+009,3.651171681943320E-003,
4.720767387247248E+009,3.756458583630461E-003,
4.725752252492493E+009,3.856225111370217E-003,
4.730737117737738E+009,3.925791310080803E-003,
4.735721982982983E+009,3.953623972735068E-003,
4.740706848228229E+009,3.877881023608176E-003,
4.745691713473474E+009,3.697495771506460E-003,
4.750676578718719E+009,3.550216402336325E-003,
4.755661443963965E+009,3.491358001027160E-003,
4.760646309209209E+009,3.358231613618902E-003,
4.765631174454454E+009,3.265496447927555E-003,
4.770616039699699E+009,3.112737268751440E-003,
4.775600904944945E+009,3.051963447844716E-003,
4.780585770190190E+009,3.082923203701255E-003,
4.785570635435435E+009,3.160237964767275E-003,
4.790555500680680E+009,3.352914776846956E-003,
4.795540365925926E+009,3.593744487143015E-003,
4.800525231171171E+009,3.837658822792113E-003,
4.805510096416416E+009,4.066540503153852E-003,
4.810494961661662E+009,4.235104583156634E-003,
4.815479826906907E+009,4.427941305782646E-003,
4.820464692152152E+009,4.524076165490670E-003,
4.825449557397397E+009,4.574279988398458E-003,
4.830434422642643E+009,4.475136122532366E-003,
4.835419287887888E+009,4.387053292758699E-003,
4.840404153133133E+009,4.161002679527620E-003,
4.845389018378379E+009,4.000357750360504E-003,
4.850373883623624E+009,3.894433686535340E-003,
4.855358748868869E+009,3.738134805243322E-003,
4.860343614114114E+009,3.681053832751885E-003,
4.865328479359360E+009,3.593761240140386E-003,
4.870313344604605E+009,3.620192877910860E-003,
4.875298209849850E+009,3.690653502774248E-003,
4.880283075095095E+009,3.922455277207080E-003,
4.885267940340341E+009,4.194301213800857E-003,
4.890252805585586E+009,4.332156590204412E-003,
4.895237670830831E+009,4.595197433824715E-003,
4.900222536076077E+009,5.004377213357884E-003,
4.905207401321322E+009,5.342277235935973E-003,
4.910192266566567E+009,5.631651409613041E-003,
4.915177131811811E+009,5.912250302500919E-003,
4.920161997057057E+009,6.119330635078136E-003,
4.925146862302302E+009,6.315855782532359E-003,
4.930131727547547E+009,6.273766220493288E-003,
4.935116592792793E+009,6.196340049556302E-003,
4.940101458038038E+009,6.122737951392937E-003,
4.945086323283283E+009,6.097277994412747E-003,
4.950071188528528E+009,6.077620953454080E-003,
4.955056053773774E+009,6.052792502836113E-003,
4.960040919019019E+009,6.060477883039271E-003,
4.965025784264264E+009,5.999890733006984E-003,
4.970010649509509E+009,6.004902866033054E-003,
4.974995514754755E+009,6.120278726799653E-003,
4.979980380000000E+009,6.090694871482935E-003,
