% Version 1.00
%
% Ref Impedances: Z01: 50, Z02: 50
% 
%freq[Hz];Trc1_S21[U];
1.000000000000000E+005,4.616971129522004E-005,
5.084865245245245E+006,5.044299001936331E-004,
1.006973049049049E+007,8.125288145688095E-004,
1.505459573573574E+007,1.936954251767548E-003,
2.003946098098098E+007,2.491010665299669E-003,
2.502432622622623E+007,3.592747020011340E-003,
3.000919147147147E+007,5.052379118200489E-003,
3.499405671671671E+007,9.062105868705919E-003,
3.997892196196196E+007,1.864198059805491E-002,
4.496378720720721E+007,1.132906967784284E-001,
4.994865245245245E+007,3.482126172615249E-002,
5.493351769769770E+007,2.192818363626434E-002,
5.991838294294295E+007,1.750473926878652E-002,
6.490324818818819E+007,1.175690846150157E-002,
6.988811343343343E+007,1.055664312851068E-002,
7.487297867867868E+007,1.023660441946023E-002,
7.985784392392393E+007,9.698738045093235E-003,
8.484270916916917E+007,1.038145648848549E-002,
8.982757441441442E+007,1.130524273895109E-002,
9.481243965965965E+007,1.273728541547214E-002,
9.979730490490490E+007,1.407276547048966E-002,
1.047821701501502E+008,1.667018385005348E-002,
1.097670353953954E+008,1.944793490925629E-002,
1.147519006406407E+008,2.285214394981151E-002,
1.197367658858859E+008,2.740911710480016E-002,
1.247216311311311E+008,3.284611059751010E-002,
1.297064963763764E+008,4.201839068666981E-002,
1.346913616216216E+008,5.679147328651941E-002,
1.396762268668669E+008,8.597092744041496E-002,
1.446610921121121E+008,1.462468638876550E-001,
1.496459573573574E+008,2.286924643085603E-001,
1.546308226026026E+008,1.625042490193499E-001,
1.596156878478479E+008,1.097626713761876E-001,
1.646005530930931E+008,9.034108644971660E-002,
1.695854183383384E+008,8.420025967186211E-002,
1.745702835835836E+008,7.806490768691950E-002,
1.795551488288288E+008,5.293041977274030E-002,
1.845400140740741E+008,2.964933050882787E-002,
1.895248793193193E+008,1.653545792757692E-002,
1.945097445645646E+008,1.136291746891295E-002,
1.994946098098098E+008,9.657616313822724E-003,
2.044794750550551E+008,9.453822798766774E-003,
2.094643403003003E+008,1.104961449102630E-002,
2.144492055455456E+008,1.351974483418828E-002,
2.194340707907908E+008,1.659695144846337E-002,
2.244189360360360E+008,2.273503968825954E-002,
2.294038012812813E+008,3.234939006751308E-002,
2.343886665265265E+008,5.107719779196763E-002,
2.393735317717718E+008,8.954193201311148E-002,
2.443583970170170E+008,1.625212909837738E-001,
2.493432622622623E+008,1.775393729432163E-001,
2.543281275075075E+008,1.159841392186097E-001,
2.593129927527528E+008,8.345464045151389E-002,
2.642978579979980E+008,6.624838372495231E-002,
2.692827232432432E+008,5.690645166543464E-002,
2.742675884884885E+008,5.048077722226754E-002,
2.792524537337337E+008,4.516141973853544E-002,
2.842373189789790E+008,4.001711366131081E-002,
2.892221842242242E+008,3.549200130668623E-002,
2.942070494694695E+008,3.187882655961286E-002,
2.991919147147147E+008,2.966430428135872E-002,
3.041767799599600E+008,2.681115306439958E-002,
3.091616452052052E+008,2.442155171528195E-002,
3.141465104504505E+008,2.190297936773549E-002,
3.191313756956957E+008,1.915322511943239E-002,
3.241162409409409E+008,1.692078113377729E-002,
3.291011061861862E+008,1.460248065621342E-002,
3.340859714314314E+008,1.297661186908028E-002,
3.390708366766767E+008,1.126350744491024E-002,
3.440557019219219E+008,1.011659788305149E-002,
3.490405671671672E+008,9.408823992951643E-003,
3.540254324124124E+008,9.363994351449977E-003,
3.590102976576577E+008,9.055179188637101E-003,
3.639951629029029E+008,8.468462611714203E-003,
3.689800281481482E+008,8.322668000800011E-003,
3.739648933933934E+008,7.918414043988251E-003,
3.789497586386386E+008,8.235785682881571E-003,
3.839346238838839E+008,7.818555772418816E-003,
3.889194891291291E+008,7.688793899681330E-003,
3.939043543743744E+008,7.320072754404440E-003,
3.988892196196196E+008,6.829261146719518E-003,
4.038740848648649E+008,5.803719421602286E-003,
4.088589501101101E+008,4.127890089759337E-003,
4.138438153553554E+008,2.778913787191278E-003,
4.188286806006006E+008,3.539943803445402E-003,
4.238135458458459E+008,6.354943752882284E-003,
4.287984110910911E+008,9.958907253486332E-003,
4.337832763363363E+008,1.280641296083856E-002,
4.387681415815816E+008,1.520029052313936E-002,
4.437530068268268E+008,1.722738985313081E-002,
4.487378720720721E+008,1.880181569519884E-002,
4.537227373173173E+008,2.106793459960698E-002,
4.587076025625626E+008,2.279340306536227E-002,
4.636924678078078E+008,2.412761247973976E-002,
4.686773330530531E+008,2.546428293020552E-002,
4.736621982982983E+008,2.628410594936324E-002,
4.786470635435436E+008,2.729034628135913E-002,
4.836319287887888E+008,2.849529164529122E-002,
4.886167940340340E+008,2.981386325658568E-002,
4.936016592792793E+008,3.103992446117326E-002,
4.985865245245245E+008,3.149936122004986E-002,
5.035713897697698E+008,3.170865542325356E-002,
5.085562550150150E+008,3.182231149148550E-002,
5.135411202602603E+008,3.174507034097245E-002,
5.185259855055055E+008,3.167536571447911E-002,
5.235108507507508E+008,3.152991399102535E-002,
5.284957159959960E+008,3.209047660165693E-002,
5.334805812412412E+008,3.340079091963254E-002,
5.384654464864864E+008,3.474784504565116E-002,
5.434503117317318E+008,3.652297913671213E-002,
5.484351769769770E+008,3.860847051812918E-002,
5.534200422222222E+008,4.104498862357961E-002,
5.584049074674674E+008,4.306927840317585E-002,
5.633897727127128E+008,4.541122432715831E-002,
5.683746379579580E+008,4.766482265360719E-002,
5.733595032032032E+008,4.947860062956193E-002,
5.783443684484484E+008,5.204117118866090E-002,
5.833292336936938E+008,5.375110194595009E-002,
5.883140989389390E+008,5.508562727748587E-002,
5.932989641841842E+008,5.704027314118422E-002,
5.982838294294294E+008,5.835453983000238E-002,
6.032686946746746E+008,6.030563194758848E-002,
6.082535599199200E+008,6.247114894902369E-002,
6.132384251651652E+008,6.582646372801450E-002,
6.182232904104104E+008,7.010758782578187E-002,
6.232081556556556E+008,7.620316604904712E-002,
6.281930209009010E+008,8.355843308544231E-002,
6.331778861461462E+008,9.214696887094416E-002,
6.381627513913914E+008,9.895152747529475E-002,
6.431476166366366E+008,1.037962766164960E-001,
6.481324818818818E+008,1.080701386220419E-001,
6.531173471271272E+008,1.115476730295711E-001,
6.581022123723724E+008,1.141122263915865E-001,
6.630870776176176E+008,1.163196985515665E-001,
6.680719428628628E+008,1.187674597038640E-001,
6.730568081081082E+008,1.212179018792782E-001,
6.780416733533534E+008,1.228305145684425E-001,
6.830265385985986E+008,1.248903788496767E-001,
6.880114038438438E+008,1.260895560533814E-001,
6.929962690890890E+008,1.263282870994811E-001,
6.979811343343344E+008,1.244424985113237E-001,
7.029659995795796E+008,1.227036838043959E-001,
7.079508648248248E+008,1.209338960502736E-001,
7.129357300700700E+008,1.205994994662483E-001,
7.179205953153154E+008,1.189987978768026E-001,
7.229054605605606E+008,1.156785425271280E-001,
7.278903258058058E+008,1.123517121623545E-001,
7.328751910510510E+008,1.102210105486379E-001,
7.378600562962964E+008,1.090989940494593E-001,
7.428449215415416E+008,1.074689404598540E-001,
7.478297867867868E+008,1.059190790094325E-001,
7.528146520320320E+008,1.056481520158276E-001,
7.577995172772772E+008,1.069711998451533E-001,
7.627843825225226E+008,1.090405319101136E-001,
7.677692477677678E+008,1.102341098519400E-001,
7.727541130130130E+008,1.101089323908346E-001,
7.777389782582582E+008,1.130672650283984E-001,
7.827238435035036E+008,1.189787570698129E-001,
7.877087087487488E+008,1.241491235370111E-001,
7.926935739939940E+008,1.264135823406670E-001,
7.976784392392392E+008,1.279839160473867E-001,
8.026633044844844E+008,1.292733279589160E-001,
8.076481697297298E+008,1.308960662437946E-001,
8.126330349749750E+008,1.342657555972433E-001,
8.176179002202202E+008,1.387249399018681E-001,
8.226027654654654E+008,1.424933455177625E-001,
8.275876307107108E+008,1.466276589864891E-001,
8.325724959559560E+008,1.500091328820501E-001,
8.375573612012012E+008,1.557240017720032E-001,
8.425422264464464E+008,1.599455380492592E-001,
8.475270916916918E+008,1.613842431449133E-001,
8.525119569369370E+008,1.615195296042354E-001,
8.574968221821822E+008,1.609355874548209E-001,
8.624816874274274E+008,1.591841768943101E-001,
8.674665526726726E+008,1.567998528098620E-001,
8.724514179179180E+008,1.540372132865906E-001,
8.774362831631632E+008,1.525684852305031E-001,
8.824211484084084E+008,1.506012965394255E-001,
8.874060136536536E+008,1.476976976906423E-001,
8.923908788988990E+008,1.453333752000743E-001,
8.973757441441442E+008,1.442432082508978E-001,
9.023606093893894E+008,1.453383459475762E-001,
9.073454746346346E+008,1.464330344401638E-001,
9.123303398798798E+008,1.459385661769531E-001,
9.173152051251252E+008,1.442792248183775E-001,
9.223000703703704E+008,1.426689614864547E-001,
9.272849356156156E+008,1.424703940343932E-001,
9.322698008608608E+008,1.425010858499603E-001,
9.372546661061062E+008,1.418875400526881E-001,
9.422395313513514E+008,1.414431624195262E-001,
9.472243965965966E+008,1.393304881395127E-001,
9.522092618418418E+008,1.374241882210486E-001,
9.571941270870872E+008,1.345107574779628E-001,
9.621789923323324E+008,1.311262205833065E-001,
9.671638575775776E+008,1.286003290114017E-001,
9.721487228228228E+008,1.256023265494756E-001,
9.771335880680680E+008,1.229145918232240E-001,
9.821184533133134E+008,1.201953325257282E-001,
9.871033185585586E+008,1.172931688480868E-001,
9.920881838038038E+008,1.155602443583385E-001,
9.970730490490490E+008,1.132166777292795E-001,
1.002057914294294E+009,1.103730671866244E-001,
1.007042779539540E+009,1.088286490581449E-001,
1.012027644784785E+009,1.067373789290017E-001,
1.017012510030030E+009,1.038593722076641E-001,
1.021997375275275E+009,1.014060626362021E-001,
1.026982240520521E+009,9.859718886293986E-002,
1.031967105765766E+009,9.657247796632457E-002,
1.036951971011011E+009,9.528234705230336E-002,
1.041936836256256E+009,9.482044692040670E-002,
1.046921701501502E+009,9.296334125808552E-002,
1.051906566746747E+009,9.166903011548679E-002,
1.056891431991992E+009,9.130152703852534E-002,
1.061876297237237E+009,8.960312221931976E-002,
1.066861162482482E+009,8.847443287529223E-002,
1.071846027727728E+009,8.936885873029424E-002,
1.076830892972973E+009,9.067908623007372E-002,
1.081815758218218E+009,9.160792593510000E-002,
1.086800623463464E+009,9.171317215426672E-002,
1.091785488708709E+009,9.273333365886360E-002,
1.096770353953954E+009,9.443658644466110E-002,
1.101755219199199E+009,9.565135683601744E-002,
1.106740084444444E+009,9.572547287348604E-002,
1.111724949689690E+009,9.593012712512319E-002,
1.116709814934935E+009,9.601473972317542E-002,
1.121694680180180E+009,9.502323376592309E-002,
1.126679545425426E+009,9.349495299052617E-002,
1.131664410670671E+009,9.210632148121530E-002,
1.136649275915916E+009,9.071934843524709E-002,
1.141634141161161E+009,8.835577205509797E-002,
1.146619006406406E+009,8.548653450291786E-002,
1.151603871651652E+009,8.320693645537994E-002,
1.156588736896897E+009,8.156351605474917E-002,
1.161573602142142E+009,8.037939682556199E-002,
1.166558467387388E+009,8.022012922022651E-002,
1.171543332632633E+009,7.992626723923094E-002,
1.176528197877878E+009,7.958707680751301E-002,
1.181513063123123E+009,8.066603737207789E-002,
1.186497928368368E+009,8.131696219875352E-002,
1.191482793613614E+009,8.181591966650076E-002,
1.196467658858859E+009,8.263689502470033E-002,
1.201452524104104E+009,8.267190616487589E-002,
1.206437389349349E+009,8.304011007181965E-002,
1.211422254594595E+009,8.193601555692912E-002,
1.216407119839840E+009,7.957708363432961E-002,
1.221391985085085E+009,7.710981314230098E-002,
1.226376850330330E+009,7.465970255636369E-002,
1.231361715575576E+009,7.119718991944002E-002,
1.236346580820821E+009,6.905596526158217E-002,
1.241331446066066E+009,6.699167655655264E-002,
1.246316311311311E+009,6.635339130453698E-002,
1.251301176556557E+009,6.633635481296982E-002,
1.256286041801802E+009,6.546618581194577E-002,
1.261270907047047E+009,6.440447569854002E-002,
1.266255772292292E+009,6.329210240270493E-002,
1.271240637537538E+009,6.253686713592652E-002,
1.276225502782783E+009,6.252015142283098E-002,
1.281210368028028E+009,6.418448653284846E-002,
1.286195233273273E+009,6.623773264972090E-002,
1.291180098518518E+009,6.812456015344263E-002,
1.296164963763764E+009,7.005779657151129E-002,
1.301149829009009E+009,7.133475373067946E-002,
1.306134694254254E+009,7.280473746988364E-002,
1.311119559499500E+009,7.307201914549368E-002,
1.316104424744745E+009,7.262067660529621E-002,
1.321089289989990E+009,7.248424980265107E-002,
1.326074155235235E+009,7.151709256739766E-002,
1.331059020480480E+009,6.967715883085512E-002,
1.336043885725726E+009,6.850925135419952E-002,
1.341028750970971E+009,6.749585155056061E-002,
1.346013616216216E+009,6.683088638350813E-002,
1.350998481461462E+009,6.574400828427028E-002,
1.355983346706707E+009,6.547173993320718E-002,
1.360968211951952E+009,6.606459081491181E-002,
1.365953077197197E+009,6.720444393216729E-002,
1.370937942442442E+009,6.875182801487850E-002,
1.375922807687688E+009,7.033955268318193E-002,
1.380907672932933E+009,7.248871321826512E-002,
1.385892538178178E+009,7.453780126522085E-002,
1.390877403423424E+009,7.509530916854854E-002,
1.395862268668669E+009,7.460580920034078E-002,
1.400847133913914E+009,7.261101532207685E-002,
1.405831999159159E+009,7.055441501367482E-002,
1.410816864404404E+009,6.817401804900236E-002,
1.415801729649650E+009,6.554599179856557E-002,
1.420786594894895E+009,6.360066935395618E-002,
1.425771460140140E+009,6.234619833913119E-002,
1.430756325385386E+009,6.103025413717717E-002,
1.435741190630631E+009,5.985788719463585E-002,
1.440726055875876E+009,5.933290711594340E-002,
1.445710921121121E+009,5.999549578441128E-002,
1.450695786366366E+009,6.088971429635562E-002,
1.455680651611612E+009,6.233142939880918E-002,
1.460665516856857E+009,6.343941556781416E-002,
1.465650382102102E+009,6.443112773077350E-002,
1.470635247347347E+009,6.434698305900652E-002,
1.475620112592593E+009,6.368250138621871E-002,
1.480604977837838E+009,6.261401942641194E-002,
1.485589843083083E+009,6.142473904447914E-002,
1.490574708328328E+009,6.055700447536500E-002,
1.495559573573574E+009,5.924455984259616E-002,
1.500544438818819E+009,5.749734995799700E-002,
1.505529304064064E+009,5.641263411663703E-002,
1.510514169309309E+009,5.486112881614295E-002,
1.515499034554555E+009,5.379290041776107E-002,
1.520483899799800E+009,5.330606486679967E-002,
1.525468765045045E+009,5.230950851568698E-002,
1.530453630290290E+009,5.143409937334745E-002,
1.535438495535536E+009,5.137780346444375E-002,
1.540423360780781E+009,5.144554201092028E-002,
1.545408226026026E+009,5.188891313706506E-002,
1.550393091271271E+009,5.312191603494149E-002,
1.555377956516516E+009,5.337405667273316E-002,
1.560362821761762E+009,5.407859509068108E-002,
1.565347687007007E+009,5.419918075682141E-002,
1.570332552252252E+009,5.455454709361265E-002,
1.575317417497498E+009,5.557543131689906E-002,
1.580302282742743E+009,5.672472738086166E-002,
1.585287147987988E+009,5.811257536592428E-002,
1.590272013233233E+009,5.950408850496667E-002,
1.595256878478478E+009,6.024202082179175E-002,
1.600241743723724E+009,6.096026994587394E-002,
1.605226608968969E+009,6.101068160822860E-002,
1.610211474214214E+009,6.075879623770063E-002,
1.615196339459460E+009,6.064684360634164E-002,
1.620181204704705E+009,6.032890942144265E-002,
1.625166069949950E+009,6.034810435253304E-002,
1.630150935195195E+009,5.995287314892235E-002,
1.635135800440440E+009,6.050153251464731E-002,
1.640120665685686E+009,6.125522910096014E-002,
1.645105530930931E+009,6.130908479755010E-002,
1.650090396176176E+009,6.109043315030559E-002,
1.655075261421422E+009,6.055915057373633E-002,
1.660060126666667E+009,5.996770722930841E-002,
1.665044991911912E+009,5.904781706830159E-002,
1.670029857157157E+009,5.902400773831319E-002,
1.675014722402402E+009,5.830058349340975E-002,
1.679999587647648E+009,5.784896721647295E-002,
1.684984452892893E+009,5.741144583744631E-002,
1.689969318138138E+009,5.600742686091414E-002,
1.694954183383384E+009,5.469646517487605E-002,
1.699939048628629E+009,5.299512949034961E-002,
1.704923913873874E+009,5.129657823942910E-002,
1.709908779119119E+009,4.954717045403009E-002,
1.714893644364364E+009,4.703799980757669E-002,
1.719878509609610E+009,4.452458200835906E-002,
1.724863374854855E+009,4.274205187325034E-002,
1.729848240100100E+009,4.118437258361590E-002,
1.734833105345345E+009,3.886091314771316E-002,
1.739817970590591E+009,3.652293990048262E-002,
1.744802835835836E+009,3.442809459906609E-002,
1.749787701081081E+009,3.356850965732476E-002,
1.754772566326326E+009,3.284859320702456E-002,
1.759757431571572E+009,3.258610413862244E-002,
1.764742296816817E+009,3.240091021983034E-002,
1.769727162062062E+009,3.212372449830667E-002,
1.774712027307307E+009,3.179757252634868E-002,
1.779696892552553E+009,3.099085478956128E-002,
1.784681757797798E+009,3.088631703962327E-002,
1.789666623043043E+009,3.108972040946235E-002,
1.794651488288288E+009,3.185612587278337E-002,
1.799636353533534E+009,3.209640156915735E-002,
1.804621218778779E+009,3.245604501219881E-002,
1.809606084024024E+009,3.228930944671173E-002,
1.814590949269269E+009,3.245485208181725E-002,
1.819575814514514E+009,3.226366122963705E-002,
1.824560679759760E+009,3.152274084468988E-002,
1.829545545005005E+009,3.042857017928966E-002,
1.834530410250250E+009,2.968408425693816E-002,
1.839515275495496E+009,2.895636123663328E-002,
1.844500140740741E+009,2.818081223256358E-002,
1.849485005985986E+009,2.718887207770243E-002,
1.854469871231231E+009,2.580504390209456E-002,
1.859454736476476E+009,2.464982833765210E-002,
1.864439601721722E+009,2.308147766101531E-002,
1.869424466966967E+009,2.154375796076452E-002,
1.874409332212212E+009,1.998831810203713E-002,
1.879394197457458E+009,1.837041500206492E-002,
1.884379062702703E+009,1.712228688100707E-002,
1.889363927947948E+009,1.546652229316770E-002,
1.894348793193193E+009,1.480707251348759E-002,
1.899333658438438E+009,1.299126345694209E-002,
1.904318523683684E+009,1.140327415746211E-002,
1.909303388928929E+009,1.012966786979403E-002,
1.914288254174174E+009,9.480749983993233E-003,
1.919273119419420E+009,8.059427317315134E-003,
1.924257984664665E+009,7.501603173902214E-003,
1.929242849909910E+009,6.692660511121429E-003,
1.934227715155155E+009,7.023369117594636E-003,
1.939212580400400E+009,7.113780000669229E-003,
1.944197445645646E+009,7.172637642492620E-003,
1.949182310890891E+009,6.981306635533447E-003,
1.954167176136136E+009,6.782523624322972E-003,
1.959152041381382E+009,6.630718069732429E-003,
1.964136906626627E+009,6.681631947980360E-003,
1.969121771871872E+009,6.959809133577112E-003,
1.974106637117117E+009,7.454389738582636E-003,
1.979091502362362E+009,7.955550418158097E-003,
1.984076367607608E+009,8.212078821118572E-003,
1.989061232852853E+009,8.331211856732421E-003,
1.994046098098098E+009,8.004322203554643E-003,
1.999030963343343E+009,7.609268461961175E-003,
2.004015828588589E+009,7.247818191592322E-003,
2.009000693833834E+009,6.966785432159207E-003,
2.013985559079079E+009,6.044007556839490E-003,
2.018970424324324E+009,5.985280372787913E-003,
2.023955289569570E+009,6.478715576152880E-003,
2.028940154814815E+009,7.337276128628570E-003,
2.033925020060060E+009,8.308681010839404E-003,
2.038909885305305E+009,9.332519436048962E-003,
2.043894750550551E+009,1.032397967657183E-002,
2.048879615795796E+009,1.116993978102133E-002,
2.053864481041041E+009,1.135457844897770E-002,
2.058849346286286E+009,1.223163171283814E-002,
2.063834211531532E+009,1.326747874572341E-002,
2.068819076776777E+009,1.406656492225323E-002,
2.073803942022022E+009,1.542026054160370E-002,
2.078788807267267E+009,1.689302828914913E-002,
2.083773672512512E+009,1.757981910657993E-002,
2.088758537757758E+009,1.841445138930769E-002,
2.093743403003003E+009,1.962221276827733E-002,
2.098728268248248E+009,2.097307533227787E-002,
2.103713133493494E+009,2.232838690724420E-002,
2.108697998738739E+009,2.386837507361279E-002,
2.113682863983984E+009,2.564194517415732E-002,
2.118667729229229E+009,2.644459995727208E-002,
2.123652594474474E+009,2.765267291823261E-002,
2.128637459719720E+009,2.834836859248313E-002,
2.133622324964965E+009,2.845726974814782E-002,
2.138607190210210E+009,2.792901674651776E-002,
2.143592055455456E+009,2.724823064301854E-002,
2.148576920700701E+009,2.594529906720503E-002,
2.153561785945946E+009,2.439974454291828E-002,
2.158546651191191E+009,2.338584878538811E-002,
2.163531516436437E+009,2.232417478278568E-002,
2.168516381681682E+009,2.188356552130637E-002,
2.173501246926927E+009,2.133988131095286E-002,
2.178486112172172E+009,2.142320193520823E-002,
2.183470977417418E+009,2.166961076926510E-002,
2.188455842662663E+009,2.206879634088871E-002,
2.193440707907908E+009,2.202933084965647E-002,
2.198425573153153E+009,2.199285192794972E-002,
2.203410438398398E+009,2.213241760092064E-002,
2.208395303643644E+009,2.170992996083716E-002,
2.213380168888889E+009,2.056759215577066E-002,
2.218365034134134E+009,1.981385652502051E-002,
2.223349899379379E+009,1.894180860575551E-002,
2.228334764624625E+009,1.788261982630661E-002,
2.233319629869870E+009,1.636816304649765E-002,
2.238304495115115E+009,1.578853961069717E-002,
2.243289360360360E+009,1.414138397925888E-002,
2.248274225605606E+009,1.266715839001205E-002,
2.253259090850851E+009,1.158277004058603E-002,
2.258243956096096E+009,1.008609334390118E-002,
2.263228821341342E+009,8.754170985300163E-003,
2.268213686586587E+009,7.819874205526444E-003,
2.273198551831832E+009,7.084196562092598E-003,
2.278183417077077E+009,6.482262441009922E-003,
2.283168282322322E+009,6.190914625159523E-003,
2.288153147567567E+009,6.556235331843192E-003,
2.293138012812813E+009,7.336869444294418E-003,
2.298122878058058E+009,8.919224885325384E-003,
2.303107743303303E+009,1.122210181790795E-002,
2.308092608548549E+009,1.397901033531118E-002,
2.313077473793794E+009,1.670017133887041E-002,
2.318062339039039E+009,1.942559272161149E-002,
2.323047204284284E+009,2.194423323368737E-002,
2.328032069529530E+009,2.422476301494187E-002,
2.333016934774775E+009,2.591621392131106E-002,
2.338001800020020E+009,2.781899727567816E-002,
2.342986665265266E+009,2.968239772718751E-002,
2.347971530510510E+009,3.203501413529127E-002,
2.352956395755756E+009,3.324595238515186E-002,
2.357941261001001E+009,3.527201110585922E-002,
2.362926126246246E+009,3.560377948763385E-002,
2.367910991491491E+009,3.667931088012084E-002,
2.372895856736737E+009,3.745949922271141E-002,
2.377880721981982E+009,3.825974453555454E-002,
2.382865587227227E+009,3.841462670238962E-002,
2.387850452472473E+009,3.860777583117536E-002,
2.392835317717718E+009,3.908468714098533E-002,
2.397820182962963E+009,3.962802930135827E-002,
2.402805048208208E+009,3.969137826969686E-002,
2.407789913453454E+009,4.021200510818234E-002,
2.412774778698699E+009,3.971990602473187E-002,
2.417759643943944E+009,3.952654032664738E-002,
2.422744509189189E+009,3.919429786678218E-002,
2.427729374434434E+009,3.830365537991443E-002,
2.432714239679680E+009,3.709956552401855E-002,
2.437699104924925E+009,3.636426703936502E-002,
2.442683970170170E+009,3.488175292833606E-002,
2.447668835415415E+009,3.358542088538116E-002,
2.452653700660661E+009,3.197645205496216E-002,
2.457638565905906E+009,3.012257694023845E-002,
2.462623431151151E+009,2.851476941454203E-002,
2.467608296396397E+009,2.675562258010267E-002,
2.472593161641642E+009,2.558317969497234E-002,
2.477578026886887E+009,2.412682207669735E-002,
2.482562892132132E+009,2.264146202503273E-002,
2.487547757377378E+009,2.143017860196182E-002,
2.492532622622623E+009,1.985022406705886E-002,
2.497517487867868E+009,1.841726254918975E-002,
2.502502353113113E+009,1.896574748361198E-002,
2.507487218358358E+009,1.824248934419443E-002,
2.512472083603604E+009,1.858748038634324E-002,
2.517456948848849E+009,1.856907370376236E-002,
2.522441814094094E+009,1.885321149389663E-002,
2.527426679339339E+009,1.938622987098449E-002,
2.532411544584585E+009,1.999830912468789E-002,
2.537396409829830E+009,2.032658080719528E-002,
2.542381275075075E+009,2.141118483404205E-002,
2.547366140320320E+009,2.266627359240216E-002,
2.552351005565566E+009,2.245667065687026E-002,
2.557335870810811E+009,2.294674919602226E-002,
2.562320736056056E+009,2.398701058927235E-002,
2.567305601301302E+009,2.446060139784633E-002,
2.572290466546547E+009,2.477624156138161E-002,
2.577275331791792E+009,2.508126331727104E-002,
2.582260197037037E+009,2.581228387968452E-002,
2.587245062282282E+009,2.584680761047021E-002,
2.592229927527527E+009,2.605176328140675E-002,
2.597214792772773E+009,2.647117829159032E-002,
2.602199658018018E+009,2.668569387081807E-002,
2.607184523263263E+009,2.625467969662266E-002,
2.612169388508509E+009,2.563812477091128E-002,
2.617154253753754E+009,2.514208667449482E-002,
2.622139118998999E+009,2.429854189568936E-002,
2.627123984244244E+009,2.283632259203636E-002,
2.632108849489490E+009,2.238258497156031E-002,
2.637093714734735E+009,2.141337833984552E-002,
2.642078579979980E+009,2.074432062027165E-002,
2.647063445225225E+009,1.954339342123277E-002,
2.652048310470470E+009,1.843148919878906E-002,
2.657033175715716E+009,1.716768782616693E-002,
2.662018040960961E+009,1.594601910535432E-002,
2.667002906206206E+009,1.481711697620203E-002,
2.671987771451451E+009,1.385782477547177E-002,
2.676972636696697E+009,1.309857422558230E-002,
2.681957501941942E+009,1.180035763696364E-002,
2.686942367187187E+009,1.047198304583708E-002,
2.691927232432433E+009,1.009493259064143E-002,
2.696912097677678E+009,9.101600321959837E-003,
2.701896962922923E+009,8.828893036142168E-003,
2.706881828168168E+009,8.719005893058586E-003,
2.711866693413414E+009,8.632611496130893E-003,
2.716851558658659E+009,8.604538813511854E-003,
2.721836423903904E+009,8.726656571792073E-003,
2.726821289149149E+009,8.780502419530488E-003,
2.731806154394394E+009,8.900163501081226E-003,
2.736791019639640E+009,8.848626355772023E-003,
2.741775884884885E+009,8.879587267166009E-003,
2.746760750130130E+009,9.235464077380542E-003,
2.751745615375375E+009,9.791213453772985E-003,
2.756730480620621E+009,1.026644460076280E-002,
2.761715345865866E+009,1.039933265801286E-002,
2.766700211111111E+009,1.027448186072318E-002,
2.771685076356356E+009,1.011637387930233E-002,
2.776669941601602E+009,1.014325572771790E-002,
2.781654806846847E+009,1.037124397303826E-002,
2.786639672092092E+009,1.074566172674460E-002,
2.791624537337338E+009,1.104223880481762E-002,
2.796609402582583E+009,1.093810492817041E-002,
2.801594267827828E+009,1.045694292147429E-002,
2.806579133073073E+009,9.932715630323956E-003,
2.811563998318318E+009,9.430778884767432E-003,
2.816548863563564E+009,8.894518744370772E-003,
2.821533728808809E+009,8.587844158227895E-003,
2.826518594054054E+009,8.335752415352034E-003,
2.831503459299299E+009,8.071738568112153E-003,
2.836488324544545E+009,7.779960413244481E-003,
2.841473189789790E+009,7.633673554961102E-003,
2.846458055035035E+009,7.440535692517907E-003,
2.851442920280280E+009,6.992720927016956E-003,
2.856427785525526E+009,6.381056816597513E-003,
2.861412650770771E+009,5.684451886618317E-003,
2.866397516016016E+009,4.924020763048781E-003,
2.871382381261262E+009,4.177682891550844E-003,
2.876367246506506E+009,3.367401791108054E-003,
2.881352111751752E+009,2.593960196107417E-003,
2.886336976996997E+009,1.815724495346767E-003,
2.891321842242242E+009,1.177617758922994E-003,
2.896306707487487E+009,7.182151231424364E-004,
2.901291572732733E+009,4.792457720467905E-004,
2.906276437977978E+009,5.657424075041089E-004,
2.911261303223223E+009,1.080968551157084E-003,
2.916246168468469E+009,1.694327226568634E-003,
2.921231033713714E+009,2.337337624517068E-003,
2.926215898958959E+009,2.919078423036764E-003,
2.931200764204204E+009,3.440431593372588E-003,
2.936185629449450E+009,3.822715909873339E-003,
2.941170494694695E+009,4.118512996432879E-003,
2.946155359939940E+009,4.230134780680560E-003,
2.951140225185185E+009,4.248203240011001E-003,
2.956125090430430E+009,4.224527170309781E-003,
2.961109955675676E+009,4.291793515904563E-003,
2.966094820920921E+009,4.707498130235514E-003,
2.971079686166166E+009,4.999612775415313E-003,
2.976064551411411E+009,5.135364665760427E-003,
2.981049416656657E+009,4.892853264815179E-003,
2.986034281901902E+009,4.544633319882802E-003,
2.991019147147147E+009,4.336782416687888E-003,
2.996004012392393E+009,4.409016159918336E-003,
3.000988877637638E+009,4.442446635537545E-003,
3.005973742882883E+009,4.376128094379522E-003,
3.010958608128128E+009,4.330565190449224E-003,
3.015943473373374E+009,4.593121189757075E-003,
3.020928338618619E+009,5.014481276640745E-003,
3.025913203863864E+009,5.385431765165496E-003,
3.030898069109109E+009,5.688225917612881E-003,
3.035882934354354E+009,5.910643154054166E-003,
3.040867799599600E+009,6.103636528971402E-003,
3.045852664844845E+009,6.288073582867266E-003,
3.050837530090090E+009,6.458217448986281E-003,
3.055822395335335E+009,6.959420158638324E-003,
3.060807260580581E+009,7.549948845210392E-003,
3.065792125825826E+009,8.191002195897639E-003,
3.070776991071071E+009,8.580323299433246E-003,
3.075761856316316E+009,8.618774645230932E-003,
3.080746721561562E+009,8.542257205822619E-003,
3.085731586806807E+009,8.567177184644777E-003,
3.090716452052052E+009,8.752149386207022E-003,
3.095701317297298E+009,9.075806984106885E-003,
3.100686182542543E+009,9.259633987427574E-003,
3.105671047787788E+009,9.488547702322790E-003,
3.110655913033033E+009,9.619764619769173E-003,
3.115640778278278E+009,9.709387129698752E-003,
3.120625643523523E+009,9.860993834483880E-003,
3.125610508768769E+009,9.899424435114986E-003,
3.130595374014014E+009,1.028551464730483E-002,
3.135580239259259E+009,1.070855533540600E-002,
3.140565104504505E+009,1.121572810955848E-002,
3.145549969749750E+009,1.167532718606720E-002,
3.150534834994995E+009,1.207730599356653E-002,
3.155519700240240E+009,1.235866762611771E-002,
3.160504565485486E+009,1.254918091629475E-002,
3.165489430730731E+009,1.282815448611985E-002,
3.170474295975976E+009,1.310188286848936E-002,
3.175459161221221E+009,1.338990856372959E-002,
3.180444026466466E+009,1.347952167486839E-002,
3.185428891711712E+009,1.333444534048200E-002,
3.190413756956957E+009,1.308509445502480E-002,
3.195398622202202E+009,1.249116467722034E-002,
3.200383487447447E+009,1.191577826891152E-002,
3.205368352692693E+009,1.148408172205057E-002,
3.210353217937938E+009,1.133862523525699E-002,
3.215338083183183E+009,1.127492289149332E-002,
3.220322948428429E+009,1.149059220099247E-002,
3.225307813673674E+009,1.172085146095284E-002,
3.230292678918919E+009,1.187883533937902E-002,
3.235277544164164E+009,1.192090643498250E-002,
3.240262409409410E+009,1.183130888685282E-002,
3.245247274654655E+009,1.201008719499852E-002,
3.250232139899900E+009,1.236563501786925E-002,
3.255217005145145E+009,1.315934536798524E-002,
3.260201870390390E+009,1.398232855661630E-002,
3.265186735635636E+009,1.450578014660110E-002,
3.270171600880881E+009,1.509615577962611E-002,
3.275156466126126E+009,1.519906568472611E-002,
3.280141331371371E+009,1.514184288542572E-002,
3.285126196616617E+009,1.548862996185775E-002,
3.290111061861862E+009,1.542905728278817E-002,
3.295095927107107E+009,1.556359230279125E-002,
3.300080792352352E+009,1.555061010656457E-002,
3.305065657597598E+009,1.541108367181381E-002,
3.310050522842843E+009,1.520508315494049E-002,
3.315035388088088E+009,1.525398451128463E-002,
3.320020253333334E+009,1.557044380362505E-002,
3.325005118578579E+009,1.622226776535991E-002,
3.329989983823824E+009,1.653484726627594E-002,
3.334974849069069E+009,1.627667111791076E-002,
3.339959714314314E+009,1.706450839600985E-002,
3.344944579559560E+009,1.690965292741073E-002,
3.349929444804805E+009,1.640657293371544E-002,
3.354914310050050E+009,1.643583974463398E-002,
3.359899175295295E+009,1.617224544868760E-002,
3.364884040540541E+009,1.592783206272667E-002,
3.369868905785786E+009,1.580957907301116E-002,
3.374853771031031E+009,1.551485388657349E-002,
3.379838636276276E+009,1.594760916901320E-002,
3.384823501521522E+009,1.548988752162504E-002,
3.389808366766767E+009,1.518712152124650E-002,
3.394793232012012E+009,1.477057478809223E-002,
3.399778097257258E+009,1.435309146419859E-002,
3.404762962502502E+009,1.401575486616673E-002,
3.409747827747748E+009,1.326272220528653E-002,
3.414732692992993E+009,1.366510360146712E-002,
3.419717558238238E+009,1.256417542260812E-002,
3.424702423483483E+009,1.232000469489042E-002,
3.429687288728729E+009,1.190629180871747E-002,
3.434672153973974E+009,1.161348194153408E-002,
3.439657019219219E+009,1.146295363547274E-002,
3.444641884464465E+009,1.130852491841037E-002,
3.449626749709710E+009,1.122460844944640E-002,
3.454611614954955E+009,1.108316780437493E-002,
3.459596480200200E+009,1.104785754907601E-002,
3.464581345445446E+009,1.089107434177037E-002,
3.469566210690691E+009,1.091963193339912E-002,
3.474551075935936E+009,1.112225746279310E-002,
3.479535941181181E+009,1.150459828791122E-002,
3.484520806426426E+009,1.208345602868160E-002,
3.489505671671672E+009,1.255578014810065E-002,
3.494490536916917E+009,1.314952978718380E-002,
3.499475402162162E+009,1.355750439812825E-002,
3.504460267407407E+009,1.397996396747735E-002,
3.509445132652653E+009,1.427636913166279E-002,
3.514429997897898E+009,1.456947844972813E-002,
3.519414863143143E+009,1.480853212978705E-002,
3.524399728388389E+009,1.498703390821912E-002,
3.529384593633634E+009,1.486487059603421E-002,
3.534369458878879E+009,1.485697510347203E-002,
3.539354324124124E+009,1.487162962873433E-002,
3.544339189369370E+009,1.495720212146589E-002,
3.549324054614615E+009,1.481422876787322E-002,
3.554308919859860E+009,1.498126065674453E-002,
3.559293785105105E+009,1.499783534687938E-002,
3.564278650350350E+009,1.490930671246646E-002,
3.569263515595596E+009,1.467592165442697E-002,
3.574248380840841E+009,1.443013736701667E-002,
3.579233246086086E+009,1.452013091360237E-002,
3.584218111331331E+009,1.462757877684413E-002,
3.589202976576577E+009,1.477654050049411E-002,
3.594187841821822E+009,1.487181144891484E-002,
3.599172707067067E+009,1.469867593892923E-002,
3.604157572312312E+009,1.441818865032610E-002,
3.609142437557558E+009,1.404205479865589E-002,
3.614127302802803E+009,1.344115168918042E-002,
3.619112168048048E+009,1.296908786608180E-002,
3.624097033293294E+009,1.236261583942820E-002,
3.629081898538539E+009,1.178305718941257E-002,
3.634066763783784E+009,1.113706423951910E-002,
3.639051629029029E+009,1.053065325034800E-002,
3.644036494274274E+009,1.002448315393892E-002,
3.649021359519519E+009,9.612567918492703E-003,
3.654006224764765E+009,9.412418274332101E-003,
3.658991090010010E+009,9.411626357451561E-003,
3.663975955255255E+009,9.477572951798437E-003,
3.668960820500501E+009,9.600168465321890E-003,
3.673945685745746E+009,9.647510557515605E-003,
3.678930550990991E+009,9.720173870298195E-003,
3.683915416236236E+009,9.686636788833952E-003,
3.688900281481482E+009,9.864963169151393E-003,
3.693885146726727E+009,9.757562060151328E-003,
3.698870011971972E+009,9.723827289361825E-003,
3.703854877217217E+009,9.720409820127906E-003,
3.708839742462462E+009,9.695587760187226E-003,
3.713824607707708E+009,9.756924688600973E-003,
3.718809472952953E+009,9.847542109904486E-003,
3.723794338198198E+009,9.793123382631348E-003,
3.728779203443443E+009,9.848446177002550E-003,
3.733764068688689E+009,9.920516027508800E-003,
3.738748933933934E+009,9.967740990861616E-003,
3.743733799179179E+009,9.877924252462790E-003,
3.748718664424425E+009,9.652720046745505E-003,
3.753703529669670E+009,9.618146222377826E-003,
3.758688394914915E+009,9.643600880515451E-003,
3.763673260160160E+009,9.851770804759906E-003,
3.768658125405406E+009,1.002133694219575E-002,
3.773642990650651E+009,1.031937125480580E-002,
3.778627855895896E+009,1.061629057603704E-002,
3.783612721141141E+009,1.066441905473906E-002,
3.788597586386386E+009,1.065519544567543E-002,
3.793582451631632E+009,1.053996981064565E-002,
3.798567316876877E+009,1.049194559105913E-002,
3.803552182122122E+009,1.036191711390357E-002,
3.808537047367367E+009,1.012005061392750E-002,
3.813521912612613E+009,9.912967937172192E-003,
3.818506777857858E+009,9.708133235962027E-003,
3.823491643103103E+009,9.534394666494207E-003,
3.828476508348349E+009,9.236129012996072E-003,
3.833461373593594E+009,8.809395270434926E-003,
3.838446238838839E+009,8.598934127144185E-003,
3.843431104084084E+009,8.392295724509362E-003,
3.848415969329330E+009,8.198127433104965E-003,
3.853400834574575E+009,8.017540310286229E-003,
3.858385699819820E+009,7.820191527411280E-003,
3.863370565065065E+009,7.730344487166990E-003,
3.868355430310310E+009,7.810708564266371E-003,
3.873340295555556E+009,7.932353241586421E-003,
3.878325160800801E+009,7.785058925360887E-003,
3.883310026046046E+009,7.858719743220005E-003,
3.888294891291291E+009,7.775548670812847E-003,
3.893279756536537E+009,7.672384421397891E-003,
3.898264621781782E+009,7.677336896386168E-003,
3.903249487027027E+009,7.463836085006741E-003,
3.908234352272272E+009,7.352793392851619E-003,
3.913219217517518E+009,7.255135868917231E-003,
3.918204082762763E+009,7.276735570514630E-003,
3.923188948008008E+009,7.214580447407945E-003,
3.928173813253254E+009,7.260771657573892E-003,
3.933158678498498E+009,7.455746050099837E-003,
3.938143543743744E+009,7.577186546411326E-003,
3.943128408988989E+009,7.739874804287530E-003,
3.948113274234234E+009,7.939599023480001E-003,
3.953098139479479E+009,8.169221305859961E-003,
3.958083004724725E+009,8.398867537994880E-003,
3.963067869969970E+009,8.608039780596048E-003,
3.968052735215215E+009,8.891998901720556E-003,
3.973037600460461E+009,9.256791398053261E-003,
3.978022465705706E+009,9.664313574793844E-003,
3.983007330950951E+009,1.004043051490223E-002,
3.987992196196196E+009,1.015593286568095E-002,
3.992977061441442E+009,1.013164982129835E-002,
3.997961926686687E+009,9.953516773283669E-003,
4.002946791931932E+009,9.907840570687609E-003,
4.007931657177177E+009,9.704007540744714E-003,
4.012916522422422E+009,9.663623719306772E-003,
4.017901387667668E+009,9.814723383161335E-003,
4.022886252912913E+009,9.898675567364771E-003,
4.027871118158158E+009,1.003835200846838E-002,
4.032855983403403E+009,1.010502906260564E-002,
4.037840848648649E+009,1.013195034809476E-002,
4.042825713893894E+009,1.024632717911518E-002,
4.047810579139139E+009,1.039982184012105E-002,
4.052795444384385E+009,1.073896026589501E-002,
4.057780309629630E+009,1.107157932281612E-002,
4.062765174874875E+009,1.128622475514396E-002,
4.067750040120120E+009,1.143745771730330E-002,
4.072734905365366E+009,1.171653317942649E-002,
4.077719770610611E+009,1.184882947727041E-002,
4.082704635855856E+009,1.181617287878004E-002,
4.087689501101101E+009,1.157304049555524E-002,
4.092674366346346E+009,1.131016025154527E-002,
4.097659231591592E+009,1.099377513117574E-002,
4.102644096836837E+009,1.076234057364144E-002,
4.107628962082082E+009,1.048975561207078E-002,
4.112613827327327E+009,1.035353771702212E-002,
4.117598692572573E+009,1.017170646720457E-002,
4.122583557817818E+009,1.000841740569899E-002,
4.127568423063063E+009,9.838951298387119E-003,
4.132553288308308E+009,9.611790210294239E-003,
4.137538153553554E+009,9.553949100974020E-003,
4.142523018798799E+009,9.623830744724960E-003,
4.147507884044044E+009,9.726355107817199E-003,
4.152492749289290E+009,9.715679139835617E-003,
4.157477614534535E+009,9.880427174763820E-003,
4.162462479779780E+009,9.959196321900874E-003,
4.167447345025025E+009,1.004528367449095E-002,
4.172432210270270E+009,9.903135199267821E-003,
4.177417075515515E+009,9.822023964875972E-003,
4.182401940760761E+009,9.711552566180040E-003,
4.187386806006006E+009,9.504484503430758E-003,
4.192371671251251E+009,9.346613067113129E-003,
4.197356536496497E+009,9.272257830823399E-003,
4.202341401741742E+009,9.094579801163195E-003,
4.207326266986987E+009,9.044871291642082E-003,
4.212311132232232E+009,8.991375162536220E-003,
4.217295997477478E+009,8.879902294498053E-003,
4.222280862722723E+009,8.837862364257576E-003,
4.227265727967968E+009,8.764801152832034E-003,
4.232250593213213E+009,8.515296341030113E-003,
4.237235458458458E+009,8.364937189193296E-003,
4.242220323703704E+009,8.199550018005758E-003,
4.247205188948949E+009,8.045184504858206E-003,
4.252190054194194E+009,8.048155354104030E-003,
4.257174919439439E+009,8.174789847512035E-003,
4.262159784684685E+009,8.123864538427327E-003,
4.267144649929930E+009,8.265932967808226E-003,
4.272129515175175E+009,8.534941399659270E-003,
4.277114380420421E+009,8.636797874324156E-003,
4.282099245665666E+009,8.861130357434117E-003,
4.287084110910911E+009,8.881421785425381E-003,
4.292068976156156E+009,8.981939705996540E-003,
4.297053841401402E+009,8.966939314608449E-003,
4.302038706646647E+009,9.045131464610614E-003,
4.307023571891892E+009,9.161989430450723E-003,
4.312008437137137E+009,9.130129249353483E-003,
4.316993302382382E+009,9.022502242489523E-003,
4.321978167627627E+009,8.767806028127391E-003,
4.326963032872873E+009,8.438303612764111E-003,
4.331947898118118E+009,8.219457718959933E-003,
4.336932763363363E+009,7.863131510285872E-003,
4.341917628608608E+009,7.603513915391458E-003,
4.346902493853854E+009,7.552347129714168E-003,
4.351887359099099E+009,7.568244669788759E-003,
4.356872224344344E+009,7.575611313653729E-003,
4.361857089589590E+009,7.462033100004758E-003,
4.366841954834835E+009,7.530784604987129E-003,
4.371826820080080E+009,7.545626806714844E-003,
4.376811685325325E+009,7.775564384964419E-003,
4.381796550570571E+009,7.914987378236546E-003,
4.386781415815816E+009,8.370050484851193E-003,
4.391766281061061E+009,8.526829322662488E-003,
4.396751146306306E+009,8.589789897562322E-003,
4.401736011551552E+009,8.571943359178266E-003,
4.406720876796797E+009,8.392033727242237E-003,
4.411705742042042E+009,8.216199177344159E-003,
4.416690607287288E+009,8.070356844084770E-003,
4.421675472532533E+009,7.779321038248298E-003,
4.426660337777778E+009,7.510904166954073E-003,
4.431645203023023E+009,7.264059120792306E-003,
4.436630068268269E+009,6.938913175664992E-003,
4.441614933513514E+009,6.741754688622517E-003,
4.446599798758759E+009,6.468332204123065E-003,
4.451584664004005E+009,6.420102796921620E-003,
4.456569529249250E+009,6.294688140934268E-003,
4.461554394494494E+009,6.324444315627524E-003,
4.466539259739739E+009,6.484021545290266E-003,
4.471524124984985E+009,6.574537219816939E-003,
4.476508990230230E+009,6.771377503957325E-003,
4.481493855475475E+009,6.902989366273040E-003,
4.486478720720720E+009,7.088866049940819E-003,
4.491463585965966E+009,7.209631064269267E-003,
4.496448451211211E+009,7.221467117729543E-003,
4.501433316456456E+009,7.124414367477530E-003,
4.506418181701702E+009,7.065603947516445E-003,
4.511403046946947E+009,6.866644142727783E-003,
4.516387912192192E+009,6.722193889426935E-003,
4.521372777437437E+009,6.592613368395436E-003,
4.526357642682683E+009,6.471516420527754E-003,
4.531342507927928E+009,6.227602497989939E-003,
4.536327373173173E+009,6.045675347586227E-003,
4.541312238418419E+009,5.692586096612550E-003,
4.546297103663664E+009,5.511788516645802E-003,
4.551281968908909E+009,5.203473375148303E-003,
4.556266834154154E+009,5.033839913810174E-003,
4.561251699399400E+009,4.976501295680071E-003,
4.566236564644645E+009,5.043953228887164E-003,
4.571221429889890E+009,5.012302788383416E-003,
4.576206295135135E+009,5.123952946233464E-003,
4.581191160380381E+009,5.208465941006948E-003,
4.586176025625626E+009,5.441094369687378E-003,
4.591160890870871E+009,5.653756870974182E-003,
4.596145756116117E+009,5.845188811303077E-003,
4.601130621361362E+009,5.877967177114306E-003,
4.606115486606607E+009,5.888157610418767E-003,
4.611100351851852E+009,5.679424512440113E-003,
4.616085217097097E+009,5.598840378855704E-003,
4.621070082342342E+009,5.420193127354143E-003,
4.626054947587587E+009,5.285074324576153E-003,
4.631039812832833E+009,4.956999977296224E-003,
4.636024678078078E+009,4.762870861945021E-003,
4.641009543323323E+009,4.533226246542925E-003,
4.645994408568568E+009,4.345505431268048E-003,
4.650979273813814E+009,4.187504571942940E-003,
4.655964139059059E+009,4.038735501607396E-003,
4.660949004304304E+009,4.044064833832201E-003,
4.665933869549550E+009,3.962614122503859E-003,
4.670918734794795E+009,4.015768419478354E-003,
4.675903600040040E+009,4.037571718709994E-003,
4.680888465285285E+009,4.293419527472898E-003,
4.685873330530531E+009,4.548569982706366E-003,
4.690858195775776E+009,4.827802215951371E-003,
4.695843061021021E+009,5.127538490358008E-003,
4.700827926266266E+009,5.492390410208211E-003,
4.705812791511512E+009,5.613250313499242E-003,
4.710797656756757E+009,5.837430310597575E-003,
4.715782522002002E+009,5.859039455901004E-003,
4.720767387247248E+009,5.690922314330871E-003,
4.725752252492493E+009,5.557961304429546E-003,
4.730737117737738E+009,5.364500204630540E-003,
4.735721982982983E+009,4.984514229543565E-003,
4.740706848228229E+009,4.801923606554628E-003,
4.745691713473474E+009,4.620043057890025E-003,
4.750676578718719E+009,4.449708707179208E-003,
4.755661443963965E+009,4.340355857932391E-003,
4.760646309209209E+009,4.377325842768068E-003,
4.765631174454454E+009,4.452899132384348E-003,
4.770616039699699E+009,4.457375433761222E-003,
4.775600904944945E+009,4.412051284043527E-003,
4.780585770190190E+009,4.549000258626658E-003,
4.785570635435435E+009,4.573037857404603E-003,
4.790555500680680E+009,4.899142425914907E-003,
4.795540365925926E+009,5.159673831836718E-003,
4.800525231171171E+009,5.362617526290873E-003,
4.805510096416416E+009,5.555611611564303E-003,
4.810494961661662E+009,5.698508559259402E-003,
4.815479826906907E+009,5.641437525385934E-003,
4.820464692152152E+009,5.607634378301666E-003,
4.825449557397397E+009,5.462657757904389E-003,
4.830434422642643E+009,5.353919461484468E-003,
4.835419287887888E+009,5.190169970277724E-003,
4.840404153133133E+009,5.140867569407737E-003,
4.845389018378379E+009,4.967721700524030E-003,
4.850373883623624E+009,4.758543018235834E-003,
4.855358748868869E+009,4.545045785751370E-003,
4.860343614114114E+009,4.388077685600240E-003,
4.865328479359360E+009,4.219056270678275E-003,
4.870313344604605E+009,4.029725438206318E-003,
4.875298209849850E+009,3.972644891989102E-003,
4.880283075095095E+009,3.945301439833261E-003,
4.885267940340341E+009,3.849994493255275E-003,
4.890252805585586E+009,3.780212232489759E-003,
4.895237670830831E+009,3.790531775400825E-003,
4.900222536076077E+009,3.932639519588890E-003,
4.905207401321322E+009,3.963733597141782E-003,
4.910192266566567E+009,4.182141756055660E-003,
4.915177131811811E+009,4.406916238239667E-003,
4.920161997057057E+009,4.659492688004077E-003,
4.925146862302302E+009,4.904063417732233E-003,
4.930131727547547E+009,5.017281016500404E-003,
4.935116592792793E+009,5.015096121733173E-003,
4.940101458038038E+009,4.918311683674305E-003,
4.945086323283283E+009,4.860673190438500E-003,
4.950071188528528E+009,4.788829195997784E-003,
4.955056053773774E+009,4.852201524677140E-003,
4.960040919019019E+009,4.847281053552163E-003,
4.965025784264264E+009,4.796069782959097E-003,
4.970010649509509E+009,4.788050878493147E-003,
4.974995514754755E+009,4.803052053553551E-003,
4.979980380000000E+009,4.833688600963271E-003,
