% Version 1.00
%
% Ref Impedances: Z01: 50, Z02: 50
% 
%freq[Hz];Trc1_S21[U];
1.000000000000000E+005,2.833951699212035E-005,
5.084865245245245E+006,3.855157025250597E-004,
1.006973049049049E+007,9.963278941980196E-004,
1.505459573573574E+007,1.778244586667755E-003,
2.003946098098098E+007,2.411424458161868E-003,
2.502432622622623E+007,3.414486855875963E-003,
3.000919147147147E+007,4.710581136951439E-003,
3.499405671671671E+007,8.087956650074092E-003,
3.997892196196196E+007,1.475525086932889E-002,
4.496378720720721E+007,4.189174470042165E-002,
4.994865245245245E+007,8.912602270944298E-002,
5.493351769769770E+007,3.226081287805622E-002,
5.991838294294295E+007,2.555240872451368E-002,
6.490324818818819E+007,1.768091481510114E-002,
6.988811343343343E+007,1.355971596586155E-002,
7.487297867867868E+007,1.041550780400587E-002,
7.985784392392393E+007,8.909074382348822E-003,
8.484270916916917E+007,9.010239003778901E-003,
8.982757441441442E+007,9.442601242916916E-003,
9.481243965965965E+007,9.958447617679549E-003,
9.979730490490490E+007,1.118365607357891E-002,
1.047821701501502E+008,1.252103479185184E-002,
1.097670353953954E+008,1.500758487164357E-002,
1.147519006406407E+008,1.739731317698247E-002,
1.197367658858859E+008,2.044418028438391E-002,
1.247216311311311E+008,2.421039429028193E-002,
1.297064963763764E+008,3.044896739370900E-002,
1.346913616216216E+008,3.963287761026094E-002,
1.396762268668669E+008,5.558264879382461E-002,
1.446610921121121E+008,8.704579499762678E-002,
1.496459573573574E+008,1.630482740833844E-001,
1.546308226026026E+008,2.168609402743594E-001,
1.596156878478479E+008,1.378706829525805E-001,
1.646005530930931E+008,1.018276911381248E-001,
1.695854183383384E+008,8.334411570213587E-002,
1.745702835835836E+008,5.966136196450788E-002,
1.795551488288288E+008,3.613327674330742E-002,
1.845400140740741E+008,2.374933483525309E-002,
1.895248793193193E+008,1.727619957641976E-002,
1.945097445645646E+008,1.379229167806694E-002,
1.994946098098098E+008,1.194594796390248E-002,
2.044794750550551E+008,1.019311585692394E-002,
2.094643403003003E+008,9.118355636904999E-003,
2.144492055455456E+008,8.273282439221085E-003,
2.194340707907908E+008,7.421734335294680E-003,
2.244189360360360E+008,6.842624328424160E-003,
2.294038012812813E+008,6.741926018672479E-003,
2.343886665265265E+008,6.807724363304294E-003,
2.393735317717718E+008,7.753619841356516E-003,
2.443583970170170E+008,8.570163388403445E-003,
2.493432622622623E+008,1.062383123817842E-002,
2.543281275075075E+008,1.343919006288805E-002,
2.593129927527528E+008,1.767211234234032E-002,
2.642978579979980E+008,2.355485383500220E-002,
2.692827232432432E+008,3.202254626199698E-002,
2.742675884884885E+008,4.596025431704501E-002,
2.792524537337337E+008,7.197588708672316E-002,
2.842373189789790E+008,1.275305326762979E-001,
2.892221842242242E+008,1.912997079987417E-001,
2.942070494694695E+008,1.195009462323491E-001,
2.991919147147147E+008,7.447453452459210E-002,
3.041767799599600E+008,5.293991368776866E-002,
3.091616452052052E+008,4.159969435638094E-002,
3.141465104504505E+008,3.384051212251014E-002,
3.191313756956957E+008,2.729719735606657E-002,
3.241162409409409E+008,2.280322451203381E-002,
3.291011061861862E+008,1.867030974465510E-002,
3.340859714314314E+008,1.522974978409142E-002,
3.390708366766767E+008,1.194665978878783E-002,
3.440557019219219E+008,9.817729398109583E-003,
3.490405671671672E+008,8.035974422867884E-003,
3.540254324124124E+008,6.890015318680063E-003,
3.590102976576577E+008,5.861368228407918E-003,
3.639951629029029E+008,5.098627546356497E-003,
3.689800281481482E+008,5.014479749090606E-003,
3.739648933933934E+008,5.733694248410147E-003,
3.789497586386386E+008,7.392478705762300E-003,
3.839346238838839E+008,9.191340741725196E-003,
3.889194891291291E+008,1.170547009909741E-002,
3.939043543743744E+008,1.343995128766430E-002,
3.988892196196196E+008,1.462586468047141E-002,
4.038740848648649E+008,1.619137122663556E-002,
4.088589501101101E+008,1.794198785611610E-002,
4.138438153553554E+008,1.883125841567947E-002,
4.188286806006006E+008,1.923125681215138E-002,
4.238135458458459E+008,1.897604759705342E-002,
4.287984110910911E+008,1.788827876666021E-002,
4.337832763363363E+008,1.765820388288823E-002,
4.387681415815816E+008,1.747423243754052E-002,
4.437530068268268E+008,1.705621256393318E-002,
4.487378720720721E+008,1.705376384094165E-002,
4.537227373173173E+008,1.752233969369986E-002,
4.587076025625626E+008,1.769785883653380E-002,
4.636924678078078E+008,1.815146222863690E-002,
4.686773330530531E+008,1.931202872349761E-002,
4.736621982982983E+008,2.027682897150593E-002,
4.786470635435436E+008,2.152095107190288E-002,
4.836319287887888E+008,2.361708374254644E-002,
4.886167940340340E+008,2.531063522005501E-002,
4.936016592792793E+008,2.684245158113416E-002,
4.985865245245245E+008,2.833634871578770E-002,
5.035713897697698E+008,2.936829231384655E-002,
5.085562550150150E+008,3.061059236105213E-002,
5.135411202602603E+008,3.162994129992712E-002,
5.185259855055055E+008,3.157243287712259E-002,
5.235108507507508E+008,3.199692820441313E-002,
5.284957159959960E+008,3.268356760706030E-002,
5.334805812412412E+008,3.362264873526166E-002,
5.384654464864864E+008,3.472377704050130E-002,
5.434503117317318E+008,3.628147921099127E-002,
5.484351769769770E+008,3.860655143115127E-002,
5.534200422222222E+008,4.088153013057547E-002,
5.584049074674674E+008,4.341213627720331E-002,
5.633897727127128E+008,4.590749786101041E-002,
5.683746379579580E+008,4.789447256320502E-002,
5.733595032032032E+008,5.003865990345353E-002,
5.783443684484484E+008,5.265919395191449E-002,
5.833292336936938E+008,5.460995786446322E-002,
5.883140989389390E+008,5.685494954942764E-002,
5.932989641841842E+008,5.982841046943881E-002,
5.982838294294294E+008,6.253542346978050E-002,
6.032686946746746E+008,6.405522920258278E-002,
6.082535599199200E+008,6.611264790388451E-002,
6.132384251651652E+008,6.810429006478561E-002,
6.182232904104104E+008,6.897344960990930E-002,
6.232081556556556E+008,6.947426018086195E-002,
6.281930209009010E+008,7.003929623690930E-002,
6.331778861461462E+008,7.138741247131196E-002,
6.381627513913914E+008,7.197276993952301E-002,
6.431476166366366E+008,7.284088343712147E-002,
6.481324818818818E+008,7.302973425591849E-002,
6.531173471271272E+008,7.347663468836210E-002,
6.581022123723724E+008,7.307327780480902E-002,
6.630870776176176E+008,7.489966716691580E-002,
6.680719428628628E+008,7.852311769362685E-002,
6.730568081081082E+008,8.177210088698922E-002,
6.780416733533534E+008,8.585456888892722E-002,
6.830265385985986E+008,8.999153485412928E-002,
6.880114038438438E+008,9.285677687544891E-002,
6.929962690890890E+008,9.519020710347595E-002,
6.979811343343344E+008,9.812256749261264E-002,
7.029659995795796E+008,1.003895585800534E-001,
7.079508648248248E+008,1.003428951469496E-001,
7.129357300700700E+008,9.919948411120304E-002,
7.179205953153154E+008,9.918183079681613E-002,
7.229054605605606E+008,1.027121079884351E-001,
7.278903258058058E+008,1.088052105116618E-001,
7.328751910510510E+008,1.156532068977960E-001,
7.378600562962964E+008,1.238886708481131E-001,
7.428449215415416E+008,1.323150535602793E-001,
7.478297867867868E+008,1.408528614331409E-001,
7.528146520320320E+008,1.477265725219324E-001,
7.577995172772772E+008,1.526726098916886E-001,
7.627843825225226E+008,1.601826009125189E-001,
7.677692477677678E+008,1.688634902980710E-001,
7.727541130130130E+008,1.771868595304346E-001,
7.777389782582582E+008,1.827893569558879E-001,
7.827238435035036E+008,1.826623207769521E-001,
7.877087087487488E+008,1.792962310611220E-001,
7.926935739939940E+008,1.730497222421236E-001,
7.976784392392392E+008,1.651586556758263E-001,
8.026633044844844E+008,1.600228552765220E-001,
8.076481697297298E+008,1.527672968222462E-001,
8.126330349749750E+008,1.462975371754319E-001,
8.176179002202202E+008,1.439981854988044E-001,
8.226027654654654E+008,1.454168634168909E-001,
8.275876307107108E+008,1.486036533620314E-001,
8.325724959559560E+008,1.533327625980246E-001,
8.375573612012012E+008,1.580570208627866E-001,
8.425422264464464E+008,1.629690253028372E-001,
8.475270916916918E+008,1.656461941310058E-001,
8.525119569369370E+008,1.661694793851860E-001,
8.574968221821822E+008,1.641178116448259E-001,
8.624816874274274E+008,1.613323969477572E-001,
8.674665526726726E+008,1.583701121214885E-001,
8.724514179179180E+008,1.525652031604292E-001,
8.774362831631632E+008,1.442507403167258E-001,
8.824211484084084E+008,1.378320533376639E-001,
8.874060136536536E+008,1.350243769845340E-001,
8.923908788988990E+008,1.339660754201474E-001,
8.973757441441442E+008,1.316960634905617E-001,
9.023606093893894E+008,1.310588440368036E-001,
9.073454746346346E+008,1.332601494253150E-001,
9.123303398798798E+008,1.350940017487661E-001,
9.173152051251252E+008,1.353262606994468E-001,
9.223000703703704E+008,1.356580748971777E-001,
9.272849356156156E+008,1.345827564687406E-001,
9.322698008608608E+008,1.326134280986312E-001,
9.372546661061062E+008,1.309684483494049E-001,
9.422395313513514E+008,1.271474586752696E-001,
9.472243965965966E+008,1.248267517422241E-001,
9.522092618418418E+008,1.233826804390511E-001,
9.571941270870872E+008,1.211563770858450E-001,
9.621789923323324E+008,1.178110701861529E-001,
9.671638575775776E+008,1.149182462232642E-001,
9.721487228228228E+008,1.134872653223205E-001,
9.771335880680680E+008,1.126096848823463E-001,
9.821184533133134E+008,1.128256258730163E-001,
9.871033185585586E+008,1.143896124649510E-001,
9.920881838038038E+008,1.162527142187509E-001,
9.970730490490490E+008,1.167739621603463E-001,
1.002057914294294E+009,1.186437107023287E-001,
1.007042779539540E+009,1.210737524377589E-001,
1.012027644784785E+009,1.228357148738736E-001,
1.017012510030030E+009,1.242285865409273E-001,
1.021997375275275E+009,1.258433254313688E-001,
1.026982240520521E+009,1.265271181389742E-001,
1.031967105765766E+009,1.257005364547516E-001,
1.036951971011011E+009,1.234673860358772E-001,
1.041936836256256E+009,1.220447343259097E-001,
1.046921701501502E+009,1.212106505810756E-001,
1.051906566746747E+009,1.201691652591977E-001,
1.056891431991992E+009,1.172937359133483E-001,
1.061876297237237E+009,1.134937055459054E-001,
1.066861162482482E+009,1.101573930228349E-001,
1.071846027727728E+009,1.071910227579902E-001,
1.076830892972973E+009,1.047145126420322E-001,
1.081815758218218E+009,1.038877850561089E-001,
1.086800623463464E+009,1.037036821919758E-001,
1.091785488708709E+009,1.047484347324883E-001,
1.096770353953954E+009,1.070811276785059E-001,
1.101755219199199E+009,1.096405300405075E-001,
1.106740084444444E+009,1.129842775223689E-001,
1.111724949689690E+009,1.156964261575519E-001,
1.116709814934935E+009,1.167490522418736E-001,
1.121694680180180E+009,1.175082975712274E-001,
1.126679545425426E+009,1.190514982259892E-001,
1.131664410670671E+009,1.188864985296536E-001,
1.136649275915916E+009,1.183380711873989E-001,
1.141634141161161E+009,1.168524849873441E-001,
1.146619006406406E+009,1.143048911648982E-001,
1.151603871651652E+009,1.113920976720770E-001,
1.156588736896897E+009,1.094378040365515E-001,
1.161573602142142E+009,1.065304994599738E-001,
1.166558467387388E+009,1.044112298852484E-001,
1.171543332632633E+009,1.028103586878074E-001,
1.176528197877878E+009,1.023774051184470E-001,
1.181513063123123E+009,1.026892356257247E-001,
1.186497928368368E+009,1.035026635272678E-001,
1.191482793613614E+009,1.040642959179886E-001,
1.196467658858859E+009,1.044781370088875E-001,
1.201452524104104E+009,1.033983896788910E-001,
1.206437389349349E+009,1.015524685550159E-001,
1.211422254594595E+009,9.835184052295530E-002,
1.216407119839840E+009,9.553527718429483E-002,
1.221391985085085E+009,9.268039623029016E-002,
1.226376850330330E+009,8.987229178886706E-002,
1.231361715575576E+009,8.557268237803396E-002,
1.236346580820821E+009,8.168668892174816E-002,
1.241331446066066E+009,7.791504494799173E-002,
1.246316311311311E+009,7.472243612054610E-002,
1.251301176556557E+009,7.144406901558319E-002,
1.256286041801802E+009,6.873962729696456E-002,
1.261270907047047E+009,6.764713551925128E-002,
1.266255772292292E+009,6.836756904697414E-002,
1.271240637537538E+009,6.936727177105190E-002,
1.276225502782783E+009,7.211781925685613E-002,
1.281210368028028E+009,7.544981276775013E-002,
1.286195233273273E+009,7.790735723661200E-002,
1.291180098518518E+009,8.017611143131596E-002,
1.296164963763764E+009,8.158902661661537E-002,
1.301149829009009E+009,8.216874428004450E-002,
1.306134694254254E+009,8.175497914651432E-002,
1.311119559499500E+009,8.093650706321301E-002,
1.316104424744745E+009,8.010277452294450E-002,
1.321089289989990E+009,7.917724857354476E-002,
1.326074155235235E+009,7.723314729002136E-002,
1.331059020480480E+009,7.566958929942849E-002,
1.336043885725726E+009,7.431953415701159E-002,
1.341028750970971E+009,7.241565379865672E-002,
1.346013616216216E+009,7.123060007938531E-002,
1.350998481461462E+009,6.991192873602564E-002,
1.355983346706707E+009,6.783976051209388E-002,
1.360968211951952E+009,6.555617747317835E-002,
1.365953077197197E+009,6.320536051646319E-002,
1.370937942442442E+009,6.137184966666817E-002,
1.375922807687688E+009,5.968505785688257E-002,
1.380907672932933E+009,5.890699531131300E-002,
1.385892538178178E+009,5.964098256476465E-002,
1.390877403423424E+009,6.017406606174196E-002,
1.395862268668669E+009,5.982954279128249E-002,
1.400847133913914E+009,5.928086837828368E-002,
1.405831999159159E+009,5.844030953014097E-002,
1.410816864404404E+009,5.706650828551410E-002,
1.415801729649650E+009,5.514192071275351E-002,
1.420786594894895E+009,5.362220652940974E-002,
1.425771460140140E+009,5.254667084563958E-002,
1.430756325385386E+009,5.219207676439758E-002,
1.435741190630631E+009,5.131029975598990E-002,
1.440726055875876E+009,5.060188718917588E-002,
1.445710921121121E+009,5.013797321321328E-002,
1.450695786366366E+009,4.971749426417733E-002,
1.455680651611612E+009,5.024435642756702E-002,
1.460665516856857E+009,5.154110382039173E-002,
1.465650382102102E+009,5.170093288466658E-002,
1.470635247347347E+009,5.276590511184708E-002,
1.475620112592593E+009,5.343507172794533E-002,
1.480604977837838E+009,5.391568288057818E-002,
1.485589843083083E+009,5.473215035618868E-002,
1.490574708328328E+009,5.466208686851549E-002,
1.495559573573574E+009,5.433922701887065E-002,
1.500544438818819E+009,5.297766474551320E-002,
1.505529304064064E+009,5.139849877766575E-002,
1.510514169309309E+009,5.019793486596672E-002,
1.515499034554555E+009,4.963096491591722E-002,
1.520483899799800E+009,4.838148645796302E-002,
1.525468765045045E+009,4.740114823553542E-002,
1.530453630290290E+009,4.662204476653228E-002,
1.535438495535536E+009,4.600991589860155E-002,
1.540423360780781E+009,4.614984393857025E-002,
1.545408226026026E+009,4.646974295798142E-002,
1.550393091271271E+009,4.723540720065476E-002,
1.555377956516516E+009,4.816118335112190E-002,
1.560362821761762E+009,4.891153545730190E-002,
1.565347687007007E+009,4.993693476295322E-002,
1.570332552252252E+009,4.950518228547921E-002,
1.575317417497498E+009,4.969894843422652E-002,
1.580302282742743E+009,4.890891460653566E-002,
1.585287147987988E+009,4.857068459678512E-002,
1.590272013233233E+009,4.825667802581451E-002,
1.595256878478478E+009,4.747452574112224E-002,
1.600241743723724E+009,4.692435934886297E-002,
1.605226608968969E+009,4.634624637530850E-002,
1.610211474214214E+009,4.548444895302968E-002,
1.615196339459460E+009,4.462953211792208E-002,
1.620181204704705E+009,4.400550756763669E-002,
1.625166069949950E+009,4.379898843896080E-002,
1.630150935195195E+009,4.390987020137215E-002,
1.635135800440440E+009,4.306985437699774E-002,
1.640120665685686E+009,4.234762657980741E-002,
1.645105530930931E+009,4.190064177365926E-002,
1.650090396176176E+009,4.102916615524364E-002,
1.655075261421422E+009,4.000424743549802E-002,
1.660060126666667E+009,3.981399203562383E-002,
1.665044991911912E+009,3.939759996558424E-002,
1.670029857157157E+009,3.935088351510119E-002,
1.675014722402402E+009,3.873801349557121E-002,
1.679999587647648E+009,3.813835696059298E-002,
1.684984452892893E+009,3.796053781132169E-002,
1.689969318138138E+009,3.723105763929941E-002,
1.694954183383384E+009,3.691103822076789E-002,
1.699939048628629E+009,3.628215316648845E-002,
1.704923913873874E+009,3.570090652510075E-002,
1.709908779119119E+009,3.445328118151496E-002,
1.714893644364364E+009,3.259062881154393E-002,
1.719878509609610E+009,3.039188182187030E-002,
1.724863374854855E+009,2.759967085478564E-002,
1.729848240100100E+009,2.531976278952365E-002,
1.734833105345345E+009,2.339002681230358E-002,
1.739817970590591E+009,2.183164203793930E-002,
1.744802835835836E+009,2.070791736937349E-002,
1.749787701081081E+009,1.977073938941550E-002,
1.754772566326326E+009,1.908269887006454E-002,
1.759757431571572E+009,1.897641941242174E-002,
1.764742296816817E+009,1.943604572581791E-002,
1.769727162062062E+009,1.980338587353962E-002,
1.774712027307307E+009,2.068140607216327E-002,
1.779696892552553E+009,2.156430686533938E-002,
1.784681757797798E+009,2.324869018354893E-002,
1.789666623043043E+009,2.469853361787606E-002,
1.794651488288288E+009,2.526036004039784E-002,
1.799636353533534E+009,2.620002768130553E-002,
1.804621218778779E+009,2.681119289197190E-002,
1.809606084024024E+009,2.655487360033078E-002,
1.814590949269269E+009,2.646001299716018E-002,
1.819575814514514E+009,2.658556386922364E-002,
1.824560679759760E+009,2.652355718832222E-002,
1.829545545005005E+009,2.644199629200151E-002,
1.834530410250250E+009,2.625076628087329E-002,
1.839515275495496E+009,2.539826514855200E-002,
1.844500140740741E+009,2.457329164728985E-002,
1.849485005985986E+009,2.357837637250933E-002,
1.854469871231231E+009,2.315181860503704E-002,
1.859454736476476E+009,2.284588958276807E-002,
1.864439601721722E+009,2.213973774545991E-002,
1.869424466966967E+009,2.092816247316967E-002,
1.874409332212212E+009,2.034088510190977E-002,
1.879394197457458E+009,1.944706354150367E-002,
1.884379062702703E+009,1.794143674743916E-002,
1.889363927947948E+009,1.621092669141125E-002,
1.894348793193193E+009,1.555760576879081E-002,
1.899333658438438E+009,1.556081615497991E-002,
1.904318523683684E+009,1.590160191040450E-002,
1.909303388928929E+009,1.663961319022842E-002,
1.914288254174174E+009,1.810914169995648E-002,
1.919273119419420E+009,1.901091270010870E-002,
1.924257984664665E+009,1.963573827526545E-002,
1.929242849909910E+009,2.100532785285550E-002,
1.934227715155155E+009,2.253257941275201E-002,
1.939212580400400E+009,2.437426222980356E-002,
1.944197445645646E+009,2.493818180382807E-002,
1.949182310890891E+009,2.505107172069957E-002,
1.954167176136136E+009,2.539262861733593E-002,
1.959152041381382E+009,2.576317083118806E-002,
1.964136906626627E+009,2.703683349792676E-002,
1.969121771871872E+009,2.856017788178502E-002,
1.974106637117117E+009,2.913791272377632E-002,
1.979091502362362E+009,3.005747623616565E-002,
1.984076367607608E+009,3.048975134176631E-002,
1.989061232852853E+009,3.131695845957816E-002,
1.994046098098098E+009,3.147417991754487E-002,
1.999030963343343E+009,3.182678442648660E-002,
2.004015828588589E+009,3.124165859322342E-002,
2.009000693833834E+009,3.007440404056398E-002,
2.013985559079079E+009,2.863632634506573E-002,
2.018970424324324E+009,2.738664223089889E-002,
2.023955289569570E+009,2.660514589110751E-002,
2.028940154814815E+009,2.527952544228816E-002,
2.033925020060060E+009,2.397939447729949E-002,
2.038909885305305E+009,2.289031306876517E-002,
2.043894750550551E+009,2.165465719303838E-002,
2.048879615795796E+009,2.073051374352022E-002,
2.053864481041041E+009,1.908341596235890E-002,
2.058849346286286E+009,1.807702045365336E-002,
2.063834211531532E+009,1.703384295997209E-002,
2.068819076776777E+009,1.667556039661611E-002,
2.073803942022022E+009,1.652807763537318E-002,
2.078788807267267E+009,1.626219998369619E-002,
2.083773672512512E+009,1.532797644945475E-002,
2.088758537757758E+009,1.553250052511559E-002,
2.093743403003003E+009,1.558771011678282E-002,
2.098728268248248E+009,1.613458460076744E-002,
2.103713133493494E+009,1.653020455992978E-002,
2.108697998738739E+009,1.699513834718696E-002,
2.113682863983984E+009,1.826891777341521E-002,
2.118667729229229E+009,1.941817066118162E-002,
2.123652594474474E+009,2.071575226538627E-002,
2.128637459719720E+009,2.186101472052530E-002,
2.133622324964965E+009,2.238931184174127E-002,
2.138607190210210E+009,2.200507617753369E-002,
2.143592055455456E+009,2.109680840215619E-002,
2.148576920700701E+009,1.994728771537734E-002,
2.153561785945946E+009,1.903617189057578E-002,
2.158546651191191E+009,1.784077431743570E-002,
2.163531516436437E+009,1.657913819372496E-002,
2.168516381681682E+009,1.565859649228512E-002,
2.173501246926927E+009,1.466877604620941E-002,
2.178486112172172E+009,1.378217648025750E-002,
2.183470977417418E+009,1.369285152635363E-002,
2.188455842662663E+009,1.339137120761712E-002,
2.193440707907908E+009,1.321381717855095E-002,
2.198425573153153E+009,1.316028354943379E-002,
2.203410438398398E+009,1.237619403900156E-002,
2.208395303643644E+009,1.289567953920351E-002,
2.213380168888889E+009,1.377302801590743E-002,
2.218365034134134E+009,1.397896442188865E-002,
2.223349899379379E+009,1.510816266808903E-002,
2.228334764624625E+009,1.651013233874892E-002,
2.233319629869870E+009,1.717623993272663E-002,
2.238304495115115E+009,1.902605956592220E-002,
2.243289360360360E+009,1.938383972211020E-002,
2.248274225605606E+009,1.992983125858851E-002,
2.253259090850851E+009,2.015599576522685E-002,
2.258243956096096E+009,1.995816047193638E-002,
2.263228821341342E+009,1.985042918445271E-002,
2.268213686586587E+009,2.004504962899265E-002,
2.273198551831832E+009,2.012499404055691E-002,
2.278183417077077E+009,2.067809918027131E-002,
2.283168282322322E+009,2.137327861763142E-002,
2.288153147567567E+009,2.174208094012020E-002,
2.293138012812813E+009,2.274337729256247E-002,
2.298122878058058E+009,2.358067416905433E-002,
2.303107743303303E+009,2.455502348944760E-002,
2.308092608548549E+009,2.560787962408085E-002,
2.313077473793794E+009,2.588580684809113E-002,
2.318062339039039E+009,2.567218079547897E-002,
2.323047204284284E+009,2.527633004921690E-002,
2.328032069529530E+009,2.465884216084795E-002,
2.333016934774775E+009,2.383355744888862E-002,
2.338001800020020E+009,2.342653005720206E-002,
2.342986665265266E+009,2.235686794180405E-002,
2.347971530510510E+009,2.187981600733313E-002,
2.352956395755756E+009,2.093036704859328E-002,
2.357941261001001E+009,1.974477501276474E-002,
2.362926126246246E+009,1.865865823542179E-002,
2.367910991491491E+009,1.822465039163666E-002,
2.372895856736737E+009,1.799737019780242E-002,
2.377880721981982E+009,1.815997521192727E-002,
2.382865587227227E+009,1.833232566349706E-002,
2.387850452472473E+009,1.815293431978683E-002,
2.392835317717718E+009,1.854238443769200E-002,
2.397820182962963E+009,1.906046533216057E-002,
2.402805048208208E+009,1.941720423922094E-002,
2.407789913453454E+009,1.969362541298093E-002,
2.412774778698699E+009,1.948244635834968E-002,
2.417759643943944E+009,1.919709385968500E-002,
2.422744509189189E+009,1.928061916268809E-002,
2.427729374434434E+009,1.902385347970724E-002,
2.432714239679680E+009,1.867741183482292E-002,
2.437699104924925E+009,1.863239917373342E-002,
2.442683970170170E+009,1.877800834921673E-002,
2.447668835415415E+009,1.790719153087795E-002,
2.452653700660661E+009,1.781085719190530E-002,
2.457638565905906E+009,1.701695578848318E-002,
2.462623431151151E+009,1.756096253449102E-002,
2.467608296396397E+009,1.740688872784943E-002,
2.472593161641642E+009,1.819754503244108E-002,
2.477578026886887E+009,1.884898050510710E-002,
2.482562892132132E+009,1.881781544613529E-002,
2.487547757377378E+009,1.908943619544674E-002,
2.492532622622623E+009,1.959833814268016E-002,
2.497517487867868E+009,1.973147024761010E-002,
2.502502353113113E+009,1.988318832086963E-002,
2.507487218358358E+009,2.071602047542227E-002,
2.512472083603604E+009,2.105798993766043E-002,
2.517456948848849E+009,2.193685553389131E-002,
2.522441814094094E+009,2.258618093472855E-002,
2.527426679339339E+009,2.252564351249992E-002,
2.532411544584585E+009,2.279858107325697E-002,
2.537396409829830E+009,2.278392686935254E-002,
2.542381275075075E+009,2.314789687142492E-002,
2.547366140320320E+009,2.283999865310292E-002,
2.552351005565566E+009,2.327749670157390E-002,
2.557335870810811E+009,2.279613023357925E-002,
2.562320736056056E+009,2.204486952259701E-002,
2.567305601301302E+009,2.146828255590918E-002,
2.572290466546547E+009,2.047343430184337E-002,
2.577275331791792E+009,1.972825870971999E-002,
2.582260197037037E+009,1.867468577553693E-002,
2.587245062282282E+009,1.755729786378883E-002,
2.592229927527527E+009,1.700967664438459E-002,
2.597214792772773E+009,1.598035118174532E-002,
2.602199658018018E+009,1.505393045592110E-002,
2.607184523263263E+009,1.531848269776710E-002,
2.612169388508509E+009,1.491316010960706E-002,
2.617154253753754E+009,1.499397709679765E-002,
2.622139118998999E+009,1.488258796085730E-002,
2.627123984244244E+009,1.596788539228414E-002,
2.632108849489490E+009,1.653608417994842E-002,
2.637093714734735E+009,1.822372085102333E-002,
2.642078579979980E+009,1.933200462369947E-002,
2.647063445225225E+009,2.003634335084229E-002,
2.652048310470470E+009,2.089188485139177E-002,
2.657033175715716E+009,2.146450548554785E-002,
2.662018040960961E+009,2.209929892736729E-002,
2.667002906206206E+009,2.348910056187019E-002,
2.671987771451451E+009,2.339257042273881E-002,
2.676972636696697E+009,2.425749937133045E-002,
2.681957501941942E+009,2.529302621260197E-002,
2.686942367187187E+009,2.656023540985309E-002,
2.691927232432433E+009,2.709706297488775E-002,
2.696912097677678E+009,2.773567916724172E-002,
2.701896962922923E+009,2.719616511890555E-002,
2.706881828168168E+009,2.755182530030893E-002,
2.711866693413414E+009,2.759933185852518E-002,
2.716851558658659E+009,2.776191035272498E-002,
2.721836423903904E+009,2.803075335768321E-002,
2.726821289149149E+009,2.911300994951996E-002,
2.731806154394394E+009,2.901923209391020E-002,
2.736791019639640E+009,2.987703405594903E-002,
2.741775884884885E+009,3.030202270830899E-002,
2.746760750130130E+009,3.168051650410194E-002,
2.751745615375375E+009,3.230592907835461E-002,
2.756730480620621E+009,3.342355702819286E-002,
2.761715345865866E+009,3.364449694606921E-002,
2.766700211111111E+009,3.408724109807540E-002,
2.771685076356356E+009,3.408884204476215E-002,
2.776669941601602E+009,3.354529592830773E-002,
2.781654806846847E+009,3.339527261040534E-002,
2.786639672092092E+009,3.371272289566432E-002,
2.791624537337338E+009,3.330442299334826E-002,
2.796609402582583E+009,3.317579237785030E-002,
2.801594267827828E+009,3.302657593849231E-002,
2.806579133073073E+009,3.267150523491914E-002,
2.811563998318318E+009,3.266133575061084E-002,
2.816548863563564E+009,3.236757567787857E-002,
2.821533728808809E+009,3.127910421307317E-002,
2.826518594054054E+009,3.146190356880688E-002,
2.831503459299299E+009,3.135811261843188E-002,
2.836488324544545E+009,3.160850181403613E-002,
2.841473189789790E+009,3.259989948580642E-002,
2.846458055035035E+009,3.283906982234550E-002,
2.851442920280280E+009,3.381409034716871E-002,
2.856427785525526E+009,3.469328842130430E-002,
2.861412650770771E+009,3.538879616141701E-002,
2.866397516016016E+009,3.550701236878768E-002,
2.871382381261262E+009,3.624711626185587E-002,
2.876367246506506E+009,3.565265835186583E-002,
2.881352111751752E+009,3.567801037485599E-002,
2.886336976996997E+009,3.426358531409340E-002,
2.891321842242242E+009,3.385540184009761E-002,
2.896306707487487E+009,3.290321196841057E-002,
2.901291572732733E+009,3.190062011031614E-002,
2.906276437977978E+009,3.115965401273129E-002,
2.911261303223223E+009,3.055332879236416E-002,
2.916246168468469E+009,2.973007388961000E-002,
2.921231033713714E+009,2.990987105382836E-002,
2.926215898958959E+009,2.898640757831172E-002,
2.931200764204204E+009,2.841589108147159E-002,
2.936185629449450E+009,2.837392662399631E-002,
2.941170494694695E+009,2.827916972850272E-002,
2.946155359939940E+009,2.826988284158656E-002,
2.951140225185185E+009,2.887410465081905E-002,
2.956125090430430E+009,2.892254839623684E-002,
2.961109955675676E+009,2.949054507488102E-002,
2.966094820920921E+009,2.881662995224468E-002,
2.971079686166166E+009,2.838917603594037E-002,
2.976064551411411E+009,2.821293083357359E-002,
2.981049416656657E+009,2.718096503333887E-002,
2.986034281901902E+009,2.574878609704315E-002,
2.991019147147147E+009,2.570342785899170E-002,
2.996004012392393E+009,2.446356100158356E-002,
3.000988877637638E+009,2.344187820102188E-002,
3.005973742882883E+009,2.284359320479926E-002,
3.010958608128128E+009,2.188390828240254E-002,
3.015943473373374E+009,2.145678775033337E-002,
3.020928338618619E+009,2.041217671961522E-002,
3.025913203863864E+009,1.995211863632584E-002,
3.030898069109109E+009,1.984262078782564E-002,
3.035882934354354E+009,1.934193262133276E-002,
3.040867799599600E+009,1.944678346229903E-002,
3.045852664844845E+009,1.946941859585818E-002,
3.050837530090090E+009,1.948226823474404E-002,
3.055822395335335E+009,2.010789381275688E-002,
3.060807260580581E+009,2.038996303764545E-002,
3.065792125825826E+009,2.018491892755332E-002,
3.070776991071071E+009,2.030458083122546E-002,
3.075761856316316E+009,2.028775625371945E-002,
3.080746721561562E+009,1.924381237319855E-002,
3.085731586806807E+009,1.876320353040004E-002,
3.090716452052052E+009,1.734152855844750E-002,
3.095701317297298E+009,1.648170652932025E-002,
3.100686182542543E+009,1.556755080357011E-002,
3.105671047787788E+009,1.489012001091838E-002,
3.110655913033033E+009,1.366166892949927E-002,
3.115640778278278E+009,1.278036600220950E-002,
3.120625643523523E+009,1.272556773814932E-002,
3.125610508768769E+009,1.210624724374023E-002,
3.130595374014014E+009,1.185746049555704E-002,
3.135580239259259E+009,1.175237614722845E-002,
3.140565104504505E+009,1.171269058645674E-002,
3.145549969749750E+009,1.176322967024348E-002,
3.150534834994995E+009,1.175619831884986E-002,
3.155519700240240E+009,1.164293596637852E-002,
3.160504565485486E+009,1.142887241392125E-002,
3.165489430730731E+009,1.138831048788320E-002,
3.170474295975976E+009,1.118527410610170E-002,
3.175459161221221E+009,1.081223463720479E-002,
3.180444026466466E+009,1.022096812256791E-002,
3.185428891711712E+009,9.783337291107039E-003,
3.190413756956957E+009,9.416507814534188E-003,
3.195398622202202E+009,9.040322718441593E-003,
3.200383487447447E+009,8.720044618295834E-003,
3.205368352692693E+009,8.446679431534734E-003,
3.210353217937938E+009,8.204023952461271E-003,
3.215338083183183E+009,7.779192464386280E-003,
3.220322948428429E+009,7.090486081182996E-003,
3.225307813673674E+009,6.535449885563478E-003,
3.230292678918919E+009,5.983349052928541E-003,
3.235277544164164E+009,5.515061306122690E-003,
3.240262409409410E+009,5.118190067980229E-003,
3.245247274654655E+009,4.849859317158048E-003,
3.250232139899900E+009,4.587574855265867E-003,
3.255217005145145E+009,4.354571275412713E-003,
3.260201870390390E+009,3.948254548124217E-003,
3.265186735635636E+009,3.545018794492531E-003,
3.270171600880881E+009,3.042683868019404E-003,
3.275156466126126E+009,2.684922593073815E-003,
3.280141331371371E+009,2.259969311032993E-003,
3.285126196616617E+009,1.854240853193180E-003,
3.290111061861862E+009,1.681005838048812E-003,
3.295095927107107E+009,1.416379678183282E-003,
3.300080792352352E+009,1.348899786823186E-003,
3.305065657597598E+009,1.248631796809760E-003,
3.310050522842843E+009,1.120146383819940E-003,
3.315035388088088E+009,1.031459674372502E-003,
3.320020253333334E+009,1.133523538292490E-003,
3.325005118578579E+009,1.094132678650417E-003,
3.329989983823824E+009,8.904469033477832E-004,
3.334974849069069E+009,9.629053720534677E-004,
3.339959714314314E+009,1.150916933974933E-003,
3.344944579559560E+009,1.402017874591139E-003,
3.349929444804805E+009,1.609404035286518E-003,
3.354914310050050E+009,1.822519180509477E-003,
3.359899175295295E+009,2.093304639428742E-003,
3.364884040540541E+009,2.287640675706519E-003,
3.369868905785786E+009,2.420102136015805E-003,
3.374853771031031E+009,2.611658928841484E-003,
3.379838636276276E+009,2.970540803441584E-003,
3.384823501521522E+009,3.233123782300732E-003,
3.389808366766767E+009,3.544980514853917E-003,
3.394793232012012E+009,3.728114302246880E-003,
3.399778097257258E+009,3.929652891866456E-003,
3.404762962502502E+009,4.195776910433971E-003,
3.409747827747748E+009,4.616835038973788E-003,
3.414732692992993E+009,5.027917091581554E-003,
3.419717558238238E+009,5.314650561631024E-003,
3.424702423483483E+009,5.773333898835415E-003,
3.429687288728729E+009,6.094539123795107E-003,
3.434672153973974E+009,6.373926318211810E-003,
3.439657019219219E+009,6.518850661444323E-003,
3.444641884464465E+009,6.590532256790485E-003,
3.449626749709710E+009,6.707914648595648E-003,
3.454611614954955E+009,6.780017423037590E-003,
3.459596480200200E+009,6.749464835202334E-003,
3.464581345445446E+009,6.842401841039627E-003,
3.469566210690691E+009,6.909394276722176E-003,
3.474551075935936E+009,7.040018483449291E-003,
3.479535941181181E+009,7.302463456907134E-003,
3.484520806426426E+009,7.478165714343388E-003,
3.489505671671672E+009,7.450928675189349E-003,
3.494490536916917E+009,7.435306028367752E-003,
3.499475402162162E+009,7.433319320863270E-003,
3.504460267407407E+009,7.484039339297331E-003,
3.509445132652653E+009,7.454363682694759E-003,
3.514429997897898E+009,7.638135563244469E-003,
3.519414863143143E+009,7.892894134924703E-003,
3.524399728388389E+009,8.028394408137058E-003,
3.529384593633634E+009,8.284425511244611E-003,
3.534369458878879E+009,8.547272288752112E-003,
3.539354324124124E+009,9.043180398494459E-003,
3.544339189369370E+009,9.311607749515666E-003,
3.549324054614615E+009,9.579102616534168E-003,
3.554308919859860E+009,9.809658049805914E-003,
3.559293785105105E+009,1.002630758948344E-002,
3.564278650350350E+009,1.028779117430492E-002,
3.569263515595596E+009,1.042800127565083E-002,
3.574248380840841E+009,1.067027124633422E-002,
3.579233246086086E+009,1.094458459208945E-002,
3.584218111331331E+009,1.108886242502606E-002,
3.589202976576577E+009,1.148118128902144E-002,
3.594187841821822E+009,1.186568186030390E-002,
3.599172707067067E+009,1.229491777438627E-002,
3.604157572312312E+009,1.271249195127562E-002,
3.609142437557558E+009,1.297505299776951E-002,
3.614127302802803E+009,1.306361950184764E-002,
3.619112168048048E+009,1.285782817670393E-002,
3.624097033293294E+009,1.266201078063177E-002,
3.629081898538539E+009,1.253743588095637E-002,
3.634066763783784E+009,1.230965980645352E-002,
3.639051629029029E+009,1.199570190410895E-002,
3.644036494274274E+009,1.169772909526716E-002,
3.649021359519519E+009,1.168492232701252E-002,
3.654006224764765E+009,1.161966798106281E-002,
3.658991090010010E+009,1.171276898168412E-002,
3.663975955255255E+009,1.180431460687810E-002,
3.668960820500501E+009,1.189559518700568E-002,
3.673945685745746E+009,1.212459696438834E-002,
3.678930550990991E+009,1.238999784015538E-002,
3.683915416236236E+009,1.274251481113961E-002,
3.688900281481482E+009,1.285109989846929E-002,
3.693885146726727E+009,1.300397288315160E-002,
3.698870011971972E+009,1.319715772343189E-002,
3.703854877217217E+009,1.337426632044838E-002,
3.708839742462462E+009,1.357275376137740E-002,
3.713824607707708E+009,1.371599734131832E-002,
3.718809472952953E+009,1.374461521564642E-002,
3.723794338198198E+009,1.371738142136473E-002,
3.728779203443443E+009,1.371445579266189E-002,
3.733764068688689E+009,1.363540272463598E-002,
3.738748933933934E+009,1.374023359792755E-002,
3.743733799179179E+009,1.380571395626250E-002,
3.748718664424425E+009,1.394056105377287E-002,
3.753703529669670E+009,1.402038742817345E-002,
3.758688394914915E+009,1.412986488896845E-002,
3.763673260160160E+009,1.416066881147513E-002,
3.768658125405406E+009,1.432402720306519E-002,
3.773642990650651E+009,1.444350282903448E-002,
3.778627855895896E+009,1.456220349531492E-002,
3.783612721141141E+009,1.458459133240739E-002,
3.788597586386386E+009,1.463492500938528E-002,
3.793582451631632E+009,1.456533586057528E-002,
3.798567316876877E+009,1.450387806146455E-002,
3.803552182122122E+009,1.435806236641525E-002,
3.808537047367367E+009,1.428172706089123E-002,
3.813521912612613E+009,1.419972892883331E-002,
3.818506777857858E+009,1.418517710110658E-002,
3.823491643103103E+009,1.401792735814101E-002,
3.828476508348349E+009,1.367361953479496E-002,
3.833461373593594E+009,1.358913627284489E-002,
3.838446238838839E+009,1.357926264221838E-002,
3.843431104084084E+009,1.360698716151388E-002,
3.848415969329330E+009,1.365958921569231E-002,
3.853400834574575E+009,1.389134358399890E-002,
3.858385699819820E+009,1.417705812399230E-002,
3.863370565065065E+009,1.447035896180402E-002,
3.868355430310310E+009,1.470155437394727E-002,
3.873340295555556E+009,1.509969744403114E-002,
3.878325160800801E+009,1.538512255865998E-002,
3.883310026046046E+009,1.569133740241312E-002,
3.888294891291291E+009,1.564309005007943E-002,
3.893279756536537E+009,1.562872524889458E-002,
3.898264621781782E+009,1.572420736918294E-002,
3.903249487027027E+009,1.564788041780784E-002,
3.908234352272272E+009,1.537623421863992E-002,
3.913219217517518E+009,1.562217369606644E-002,
3.918204082762763E+009,1.517186761975358E-002,
3.923188948008008E+009,1.549486573180355E-002,
3.928173813253254E+009,1.523186141950821E-002,
3.933158678498498E+009,1.482327261289633E-002,
3.938143543743744E+009,1.469405667149014E-002,
3.943128408988989E+009,1.464941489636151E-002,
3.948113274234234E+009,1.463482055585994E-002,
3.953098139479479E+009,1.455186181701101E-002,
3.958083004724725E+009,1.467000148607468E-002,
3.963067869969970E+009,1.487906421328543E-002,
3.968052735215215E+009,1.511098172376953E-002,
3.973037600460461E+009,1.537959589747533E-002,
3.978022465705706E+009,1.557874157080640E-002,
3.983007330950951E+009,1.575714053585473E-002,
3.987992196196196E+009,1.559851739358957E-002,
3.992977061441442E+009,1.529446526786394E-002,
3.997961926686687E+009,1.478185034667578E-002,
4.002946791931932E+009,1.424736446806053E-002,
4.007931657177177E+009,1.376763774306967E-002,
4.012916522422422E+009,1.344495610952069E-002,
4.017901387667668E+009,1.323379280395440E-002,
4.022886252912913E+009,1.314881274286310E-002,
4.027871118158158E+009,1.321054322648292E-002,
4.032855983403403E+009,1.329350444435394E-002,
4.037840848648649E+009,1.340666519288965E-002,
4.042825713893894E+009,1.350473417423179E-002,
4.047810579139139E+009,1.378614812923838E-002,
4.052795444384385E+009,1.433765587319370E-002,
4.057780309629630E+009,1.461286503768994E-002,
4.062765174874875E+009,1.485190957119490E-002,
4.067750040120120E+009,1.477652568022907E-002,
4.072734905365366E+009,1.457877968389301E-002,
4.077719770610611E+009,1.434840887569723E-002,
4.082704635855856E+009,1.421002927213720E-002,
4.087689501101101E+009,1.398643094386122E-002,
4.092674366346346E+009,1.392359587571131E-002,
4.097659231591592E+009,1.378459689406369E-002,
4.102644096836837E+009,1.385572998122351E-002,
4.107628962082082E+009,1.374020642388144E-002,
4.112613827327327E+009,1.352116317872546E-002,
4.117598692572573E+009,1.312069711233793E-002,
4.122583557817818E+009,1.279363384783837E-002,
4.127568423063063E+009,1.248554163137128E-002,
4.132553288308308E+009,1.236445242433494E-002,
4.137538153553554E+009,1.245518453644361E-002,
4.142523018798799E+009,1.257067308047938E-002,
4.147507884044044E+009,1.285678074077432E-002,
4.152492749289290E+009,1.311162402691884E-002,
4.157477614534535E+009,1.331519231488259E-002,
4.162462479779780E+009,1.339722972885340E-002,
4.167447345025025E+009,1.362502112855744E-002,
4.172432210270270E+009,1.393782226883760E-002,
4.177417075515515E+009,1.411863127098052E-002,
4.182401940760761E+009,1.429935553156148E-002,
4.187386806006006E+009,1.433382399849596E-002,
4.192371671251251E+009,1.422651793884129E-002,
4.197356536496497E+009,1.401614696875011E-002,
4.202341401741742E+009,1.360100751916693E-002,
4.207326266986987E+009,1.321295379632332E-002,
4.212311132232232E+009,1.279468285017624E-002,
4.217295997477478E+009,1.260867414349438E-002,
4.222280862722723E+009,1.252250248830019E-002,
4.227265727967968E+009,1.232344199070814E-002,
4.232250593213213E+009,1.229603061928965E-002,
4.237235458458458E+009,1.232437621988918E-002,
4.242220323703704E+009,1.234605554015883E-002,
4.247205188948949E+009,1.240287454131849E-002,
4.252190054194194E+009,1.247542398639033E-002,
4.257174919439439E+009,1.273877814002229E-002,
4.262159784684685E+009,1.306690581659224E-002,
4.267144649929930E+009,1.324946146123039E-002,
4.272129515175175E+009,1.351756372631694E-002,
4.277114380420421E+009,1.356266339144780E-002,
4.282099245665666E+009,1.376653203259565E-002,
4.287084110910911E+009,1.386776502550819E-002,
4.292068976156156E+009,1.393158080073799E-002,
4.297053841401402E+009,1.378170974511517E-002,
4.302038706646647E+009,1.348704706707703E-002,
4.307023571891892E+009,1.318962135633830E-002,
4.312008437137137E+009,1.286249782615002E-002,
4.316993302382382E+009,1.260647336059421E-002,
4.321978167627627E+009,1.229713473009110E-002,
4.326963032872873E+009,1.212072465006944E-002,
4.331947898118118E+009,1.189325263234871E-002,
4.336932763363363E+009,1.164485171326978E-002,
4.341917628608608E+009,1.156909024086074E-002,
4.346902493853854E+009,1.149678390923516E-002,
4.351887359099099E+009,1.164692449831613E-002,
4.356872224344344E+009,1.178130017083566E-002,
4.361857089589590E+009,1.184239465149205E-002,
4.366841954834835E+009,1.179580280094986E-002,
4.371826820080080E+009,1.182877501083135E-002,
4.376811685325325E+009,1.180760312678953E-002,
4.381796550570571E+009,1.182590983743936E-002,
4.386781415815816E+009,1.192590556661879E-002,
4.391766281061061E+009,1.193949053685792E-002,
4.396751146306306E+009,1.196295895882538E-002,
4.401736011551552E+009,1.193084002520308E-002,
4.406720876796797E+009,1.190841473163318E-002,
4.411705742042042E+009,1.174306192643118E-002,
4.416690607287288E+009,1.163414227501695E-002,
4.421675472532533E+009,1.131874780628097E-002,
4.426660337777778E+009,1.089283290568214E-002,
4.431645203023023E+009,1.060707796484693E-002,
4.436630068268269E+009,1.014531858398372E-002,
4.441614933513514E+009,9.810457752987181E-003,
4.446599798758759E+009,9.505179514869292E-003,
4.451584664004005E+009,9.193030742227555E-003,
4.456569529249250E+009,9.092156076409877E-003,
4.461554394494494E+009,9.078776121167271E-003,
4.466539259739739E+009,9.049936110237515E-003,
4.471524124984985E+009,9.159363534007805E-003,
4.476508990230230E+009,9.214191508116667E-003,
4.481493855475475E+009,9.274329784628461E-003,
4.486478720720720E+009,9.294196833826261E-003,
4.491463585965966E+009,9.333475804131538E-003,
4.496448451211211E+009,9.352588537778456E-003,
4.501433316456456E+009,9.450370608189719E-003,
4.506418181701702E+009,9.502430688670413E-003,
4.511403046946947E+009,9.626516092406412E-003,
4.516387912192192E+009,9.604662646540583E-003,
4.521372777437437E+009,9.512740918067347E-003,
4.526357642682683E+009,9.370783236175862E-003,
4.531342507927928E+009,9.084844572667620E-003,
4.536327373173173E+009,8.822711058853443E-003,
4.541312238418419E+009,8.456577460831250E-003,
4.546297103663664E+009,8.031833195466579E-003,
4.551281968908909E+009,7.661155354288291E-003,
4.556266834154154E+009,7.526317856582395E-003,
4.561251699399400E+009,7.259542077968547E-003,
4.566236564644645E+009,7.088084624158954E-003,
4.571221429889890E+009,7.072565521953858E-003,
4.576206295135135E+009,7.213944497857526E-003,
4.581191160380381E+009,7.472978777224618E-003,
4.586176025625626E+009,7.629782492828720E-003,
4.591160890870871E+009,7.865215882246293E-003,
4.596145756116117E+009,8.147478542207036E-003,
4.601130621361362E+009,8.506645659178186E-003,
4.606115486606607E+009,8.772495939877098E-003,
4.611100351851852E+009,8.982617830674193E-003,
4.616085217097097E+009,9.107726565009151E-003,
4.621070082342342E+009,9.247639453541861E-003,
4.626054947587587E+009,9.013321279107511E-003,
4.631039812832833E+009,8.671793320951932E-003,
4.636024678078078E+009,8.449566676689887E-003,
4.641009543323323E+009,8.228186393890481E-003,
4.645994408568568E+009,8.003963867576795E-003,
4.650979273813814E+009,7.769477800635524E-003,
4.655964139059059E+009,7.635869088640093E-003,
4.660949004304304E+009,7.487250131207947E-003,
4.665933869549550E+009,7.429395423461808E-003,
4.670918734794795E+009,7.412119342730107E-003,
4.675903600040040E+009,7.537204183847410E-003,
4.680888465285285E+009,7.524923931427745E-003,
4.685873330530531E+009,7.819952457628126E-003,
4.690858195775776E+009,8.071388045464607E-003,
4.695843061021021E+009,8.248182542416532E-003,
4.700827926266266E+009,8.459133099784960E-003,
4.705812791511512E+009,8.532674214444624E-003,
4.710797656756757E+009,8.734974937155993E-003,
4.715782522002002E+009,8.780226089278708E-003,
4.720767387247248E+009,8.710883646879464E-003,
4.725752252492493E+009,8.742017613541054E-003,
4.730737117737738E+009,8.372917144151698E-003,
4.735721982982983E+009,7.937258395879216E-003,
4.740706848228229E+009,7.356004128188989E-003,
4.745691713473474E+009,6.973547261145348E-003,
4.750676578718719E+009,6.606486466866631E-003,
4.755661443963965E+009,6.202799214780420E-003,
4.760646309209209E+009,5.966714698290347E-003,
4.765631174454454E+009,5.851788855022726E-003,
4.770616039699699E+009,5.778621440268876E-003,
4.775600904944945E+009,5.848102981505569E-003,
4.780585770190190E+009,5.943685442128017E-003,
4.785570635435435E+009,6.078632468849322E-003,
4.790555500680680E+009,6.339107182985048E-003,
4.795540365925926E+009,6.534641646326666E-003,
4.800525231171171E+009,6.726664931926260E-003,
4.805510096416416E+009,6.812410171218850E-003,
4.810494961661662E+009,7.000380602354645E-003,
4.815479826906907E+009,7.044668471784268E-003,
4.820464692152152E+009,6.930804535985910E-003,
4.825449557397397E+009,6.734015863780908E-003,
4.830434422642643E+009,6.578543080641011E-003,
4.835419287887888E+009,6.214606440446348E-003,
4.840404153133133E+009,5.989476328831371E-003,
4.845389018378379E+009,5.898385696076205E-003,
4.850373883623624E+009,5.719336530454039E-003,
4.855358748868869E+009,5.542388503568678E-003,
4.860343614114114E+009,5.461753967625624E-003,
4.865328479359360E+009,5.459712604357694E-003,
4.870313344604605E+009,5.531574882755455E-003,
4.875298209849850E+009,5.666128431388539E-003,
4.880283075095095E+009,5.679491788871494E-003,
4.885267940340341E+009,5.781896497377640E-003,
4.890252805585586E+009,6.022514813497666E-003,
4.895237670830831E+009,6.205237589197078E-003,
4.900222536076077E+009,6.386927560562368E-003,
4.905207401321322E+009,6.456431749006824E-003,
4.910192266566567E+009,6.559902461318283E-003,
4.915177131811811E+009,6.603138582390992E-003,
4.920161997057057E+009,6.678327552173179E-003,
4.925146862302302E+009,6.773216811034080E-003,
4.930131727547547E+009,6.873276012093662E-003,
4.935116592792793E+009,6.733861613380290E-003,
4.940101458038038E+009,6.619086327871312E-003,
4.945086323283283E+009,6.368300284411388E-003,
4.950071188528528E+009,6.325810633100229E-003,
4.955056053773774E+009,6.202409432520563E-003,
4.960040919019019E+009,6.029291403999029E-003,
4.965025784264264E+009,5.882882697227801E-003,
4.970010649509509E+009,5.711937444931412E-003,
4.974995514754755E+009,5.666430472799019E-003,
4.979980380000000E+009,5.583440678567514E-003,
