% Version 1.00
%
% Ref Impedances: Z01: 50, Z02: 50
% 
%freq[Hz];Trc1_S21[U];
1.000000000000000E+005,4.147733449154893E-005,
5.084865245245245E+006,4.700580944718545E-004,
1.006973049049049E+007,9.067931444643400E-004,
1.505459573573574E+007,1.785675060203651E-003,
2.003946098098098E+007,2.416831445680157E-003,
2.502432622622623E+007,3.387926851678155E-003,
3.000919147147147E+007,4.656298273241199E-003,
3.499405671671671E+007,7.727644011290058E-003,
3.997892196196196E+007,1.435885370556481E-002,
4.496378720720721E+007,3.929086169430635E-002,
4.994865245245245E+007,9.918771232144932E-002,
5.493351769769770E+007,3.332107364071399E-002,
5.991838294294295E+007,2.574303312438809E-002,
6.490324818818819E+007,1.792927965471643E-002,
6.988811343343343E+007,1.355511740133457E-002,
7.487297867867868E+007,1.058052860288459E-002,
7.985784392392393E+007,9.023741421493599E-003,
8.484270916916917E+007,9.529368799618753E-003,
8.982757441441442E+007,9.841705750205720E-003,
9.481243965965965E+007,1.015837172411415E-002,
9.979730490490490E+007,1.158463332886768E-002,
1.047821701501502E+008,1.323316485548879E-002,
1.097670353953954E+008,1.600775856793281E-002,
1.147519006406407E+008,1.807724307046626E-002,
1.197367658858859E+008,2.114485519658556E-002,
1.247216311311311E+008,2.568602996549127E-002,
1.297064963763764E+008,3.193736175307785E-002,
1.346913616216216E+008,4.197486203504040E-002,
1.396762268668669E+008,5.943974995199129E-002,
1.446610921121121E+008,9.450960417338564E-002,
1.496459573573574E+008,1.861823632825151E-001,
1.546308226026026E+008,2.323921548987445E-001,
1.596156878478479E+008,1.379515490407227E-001,
1.646005530930931E+008,1.003990288312174E-001,
1.695854183383384E+008,8.239332074945083E-002,
1.745702835835836E+008,6.134663371882110E-002,
1.795551488288288E+008,3.871041018396764E-002,
1.845400140740741E+008,2.534325718727957E-002,
1.895248793193193E+008,1.830756947810552E-002,
1.945097445645646E+008,1.459481594723362E-002,
1.994946098098098E+008,1.250458023095736E-002,
2.044794750550551E+008,1.077964710355145E-002,
2.094643403003003E+008,9.448045418570318E-003,
2.144492055455456E+008,8.577290662577607E-003,
2.194340707907908E+008,7.681631072886815E-003,
2.244189360360360E+008,7.174287757837753E-003,
2.294038012812813E+008,7.368473546207865E-003,
2.343886665265265E+008,7.208967666207574E-003,
2.393735317717718E+008,7.366335138343311E-003,
2.443583970170170E+008,8.140494050848268E-003,
2.493432622622623E+008,9.855883864769313E-003,
2.543281275075075E+008,1.265623650999708E-002,
2.593129927527528E+008,1.660027280423892E-002,
2.642978579979980E+008,2.219690570231757E-002,
2.692827232432432E+008,3.063388008538980E-002,
2.742675884884885E+008,4.403779158507813E-002,
2.792524537337337E+008,7.015119166025624E-002,
2.842373189789790E+008,1.289972758100331E-001,
2.892221842242242E+008,1.838180963173623E-001,
2.942070494694695E+008,1.123974513399941E-001,
2.991919147147147E+008,7.111623943482495E-002,
3.041767799599600E+008,5.154773780314335E-002,
3.091616452052052E+008,4.117083685508594E-002,
3.141465104504505E+008,3.365303339708389E-002,
3.191313756956957E+008,2.780745617531616E-002,
3.241162409409409E+008,2.353769835309901E-002,
3.291011061861862E+008,1.999735738713031E-002,
3.340859714314314E+008,1.653861232045595E-002,
3.390708366766767E+008,1.374716471479109E-002,
3.440557019219219E+008,1.118441503563919E-002,
3.490405671671672E+008,9.244582415282407E-003,
3.540254324124124E+008,7.834886983935151E-003,
3.590102976576577E+008,6.484012374928040E-003,
3.639951629029029E+008,5.322753760420883E-003,
3.689800281481482E+008,4.428074651685583E-003,
3.739648933933934E+008,4.329863112488772E-003,
3.789497586386386E+008,5.470918206328349E-003,
3.839346238838839E+008,7.357924063031001E-003,
3.889194891291291E+008,9.409431734868969E-003,
3.939043543743744E+008,1.183112959996593E-002,
3.988892196196196E+008,1.326462563606700E-002,
4.038740848648649E+008,1.539546742311595E-002,
4.088589501101101E+008,1.744237886353749E-002,
4.138438153553554E+008,1.914609722179904E-002,
4.188286806006006E+008,1.975342398514711E-002,
4.238135458458459E+008,1.932979332499463E-002,
4.287984110910911E+008,1.843881061255089E-002,
4.337832763363363E+008,1.828644910020670E-002,
4.387681415815816E+008,1.800495125353584E-002,
4.437530068268268E+008,1.718759165017830E-002,
4.487378720720721E+008,1.736658363444446E-002,
4.537227373173173E+008,1.714897458314533E-002,
4.587076025625626E+008,1.734735955284152E-002,
4.636924678078078E+008,1.777005890856211E-002,
4.686773330530531E+008,1.801053637563168E-002,
4.736621982982983E+008,1.876562079703355E-002,
4.786470635435436E+008,1.978666208487881E-002,
4.836319287887888E+008,2.140937437093063E-002,
4.886167940340340E+008,2.275489435228689E-002,
4.936016592792793E+008,2.415941302948650E-002,
4.985865245245245E+008,2.558893826301659E-002,
5.035713897697698E+008,2.679895025124962E-002,
5.085562550150150E+008,2.802109474014139E-002,
5.135411202602603E+008,2.859518319817224E-002,
5.185259855055055E+008,2.892147960644589E-002,
5.235108507507508E+008,2.928871055672314E-002,
5.284957159959960E+008,2.993335984141537E-002,
5.334805812412412E+008,3.102069528018752E-002,
5.384654464864864E+008,3.254448684148602E-002,
5.434503117317318E+008,3.471005793111292E-002,
5.484351769769770E+008,3.630348435356232E-002,
5.534200422222222E+008,3.808520132186097E-002,
5.584049074674674E+008,4.080901935770591E-002,
5.633897727127128E+008,4.294390682698639E-002,
5.683746379579580E+008,4.580089579976135E-002,
5.733595032032032E+008,4.879583489211028E-002,
5.783443684484484E+008,5.276844131672814E-002,
5.833292336936938E+008,5.567232577205155E-002,
5.883140989389390E+008,5.821010733816347E-002,
5.932989641841842E+008,6.139691119252885E-002,
5.982838294294294E+008,6.301832802727102E-002,
6.032686946746746E+008,6.394005461993488E-002,
6.082535599199200E+008,6.557310400459097E-002,
6.132384251651652E+008,6.646410607306963E-002,
6.182232904104104E+008,6.734130437256543E-002,
6.232081556556556E+008,6.836666870112174E-002,
6.281930209009010E+008,7.024802991711991E-002,
6.331778861461462E+008,7.154936515633820E-002,
6.381627513913914E+008,7.234762340904556E-002,
6.431476166366366E+008,7.486140416983668E-002,
6.481324818818818E+008,7.722448861941580E-002,
6.531173471271272E+008,7.900015474400811E-002,
6.581022123723724E+008,8.084418763839651E-002,
6.630870776176176E+008,8.365329219552271E-002,
6.680719428628628E+008,8.648287503340527E-002,
6.730568081081082E+008,8.888818219289663E-002,
6.780416733533534E+008,9.022435205335061E-002,
6.830265385985986E+008,9.220053954031147E-002,
6.880114038438438E+008,9.274778505594938E-002,
6.929962690890890E+008,9.431278461710553E-002,
6.979811343343344E+008,9.630657356769035E-002,
7.029659995795796E+008,9.883325633450889E-002,
7.079508648248248E+008,1.007258741849425E-001,
7.129357300700700E+008,1.001911165324833E-001,
7.179205953153154E+008,9.941193050272963E-002,
7.229054605605606E+008,1.015616458461492E-001,
7.278903258058058E+008,1.046076133456127E-001,
7.328751910510510E+008,1.092283036515810E-001,
7.378600562962964E+008,1.158772346023027E-001,
7.428449215415416E+008,1.225391710717168E-001,
7.478297867867868E+008,1.303003768283022E-001,
7.528146520320320E+008,1.389052441987159E-001,
7.577995172772772E+008,1.470912398044288E-001,
7.627843825225226E+008,1.549740784857322E-001,
7.677692477677678E+008,1.602584304656992E-001,
7.727541130130130E+008,1.645342081716319E-001,
7.777389782582582E+008,1.666387000690991E-001,
7.827238435035036E+008,1.695474716301119E-001,
7.877087087487488E+008,1.701946643313475E-001,
7.926935739939940E+008,1.658112670557057E-001,
7.976784392392392E+008,1.637360185404117E-001,
8.026633044844844E+008,1.624764395403562E-001,
8.076481697297298E+008,1.625013756544805E-001,
8.126330349749750E+008,1.619334933351987E-001,
8.176179002202202E+008,1.605688074191185E-001,
8.226027654654654E+008,1.597793699688761E-001,
8.275876307107108E+008,1.612732262461414E-001,
8.325724959559560E+008,1.639454646579260E-001,
8.375573612012012E+008,1.684241110480897E-001,
8.425422264464464E+008,1.687391343072700E-001,
8.475270916916918E+008,1.660996084635959E-001,
8.525119569369370E+008,1.636558842060081E-001,
8.574968221821822E+008,1.630006645931129E-001,
8.624816874274274E+008,1.620956565384022E-001,
8.674665526726726E+008,1.573391548324635E-001,
8.724514179179180E+008,1.505012659067153E-001,
8.774362831631632E+008,1.439600224361657E-001,
8.824211484084084E+008,1.364576737724490E-001,
8.874060136536536E+008,1.281753795648025E-001,
8.923908788988990E+008,1.215172173909208E-001,
8.973757441441442E+008,1.189093424835332E-001,
9.023606093893894E+008,1.203265271862110E-001,
9.073454746346346E+008,1.216296050362141E-001,
9.123303398798798E+008,1.209670337855932E-001,
9.173152051251252E+008,1.200322828990605E-001,
9.223000703703704E+008,1.210644745498765E-001,
9.272849356156156E+008,1.229477901290941E-001,
9.322698008608608E+008,1.246197495696254E-001,
9.372546661061062E+008,1.256446708591088E-001,
9.422395313513514E+008,1.256189427759639E-001,
9.472243965965966E+008,1.256555085188650E-001,
9.522092618418418E+008,1.284702937077562E-001,
9.571941270870872E+008,1.319311693074011E-001,
9.621789923323324E+008,1.349840004602176E-001,
9.671638575775776E+008,1.358985078437011E-001,
9.721487228228228E+008,1.380186416927522E-001,
9.771335880680680E+008,1.383678678619067E-001,
9.821184533133134E+008,1.354468950199931E-001,
9.871033185585586E+008,1.319107702409814E-001,
9.920881838038038E+008,1.311065547834334E-001,
9.970730490490490E+008,1.300840865561203E-001,
1.002057914294294E+009,1.280699909614829E-001,
1.007042779539540E+009,1.264453245555347E-001,
1.012027644784785E+009,1.254686349166923E-001,
1.017012510030030E+009,1.235651911812148E-001,
1.021997375275275E+009,1.220332310834952E-001,
1.026982240520521E+009,1.199055332646117E-001,
1.031967105765766E+009,1.174925268334535E-001,
1.036951971011011E+009,1.149457105735323E-001,
1.041936836256256E+009,1.118537349711243E-001,
1.046921701501502E+009,1.083622520535576E-001,
1.051906566746747E+009,1.055293862271820E-001,
1.056891431991992E+009,1.059403021745321E-001,
1.061876297237237E+009,1.059281413759579E-001,
1.066861162482482E+009,1.060611427060583E-001,
1.071846027727728E+009,1.075862179501663E-001,
1.076830892972973E+009,1.085851679865668E-001,
1.081815758218218E+009,1.093450527210019E-001,
1.086800623463464E+009,1.099753448262847E-001,
1.091785488708709E+009,1.104683464933963E-001,
1.096770353953954E+009,1.118639596633385E-001,
1.101755219199199E+009,1.126371836971700E-001,
1.106740084444444E+009,1.133293668090844E-001,
1.111724949689690E+009,1.139498090956116E-001,
1.116709814934935E+009,1.147906624678678E-001,
1.121694680180180E+009,1.155505210513900E-001,
1.126679545425426E+009,1.154406821602875E-001,
1.131664410670671E+009,1.152300001264889E-001,
1.136649275915916E+009,1.137740812792441E-001,
1.141634141161161E+009,1.106205326821152E-001,
1.146619006406406E+009,1.063412588333047E-001,
1.151603871651652E+009,1.019524355183695E-001,
1.156588736896897E+009,9.760841636116380E-002,
1.161573602142142E+009,9.499202058178380E-002,
1.166558467387388E+009,9.430431656277195E-002,
1.171543332632633E+009,9.533305047225664E-002,
1.176528197877878E+009,9.609653862656156E-002,
1.181513063123123E+009,9.692990085471277E-002,
1.186497928368368E+009,9.898021976486011E-002,
1.191482793613614E+009,1.017326193628607E-001,
1.196467658858859E+009,1.042604611322980E-001,
1.201452524104104E+009,1.065979453757759E-001,
1.206437389349349E+009,1.083394987737411E-001,
1.211422254594595E+009,1.090620671946382E-001,
1.216407119839840E+009,1.083491949205129E-001,
1.221391985085085E+009,1.067950582711805E-001,
1.226376850330330E+009,1.041191944309711E-001,
1.231361715575576E+009,1.004832717361973E-001,
1.236346580820821E+009,9.614133204566711E-002,
1.241331446066066E+009,9.198275468902117E-002,
1.246316311311311E+009,8.830761858628851E-002,
1.251301176556557E+009,8.521014957881778E-002,
1.256286041801802E+009,8.240256998263154E-002,
1.261270907047047E+009,8.036417313224303E-002,
1.266255772292292E+009,7.943964749495507E-002,
1.271240637537538E+009,7.874499134166813E-002,
1.276225502782783E+009,7.787297251194426E-002,
1.281210368028028E+009,7.651085871876290E-002,
1.286195233273273E+009,7.498299882484605E-002,
1.291180098518518E+009,7.403021112315654E-002,
1.296164963763764E+009,7.308353064421749E-002,
1.301149829009009E+009,7.314501276984961E-002,
1.306134694254254E+009,7.317110616047948E-002,
1.311119559499500E+009,7.314109515739710E-002,
1.316104424744745E+009,7.339536485886694E-002,
1.321089289989990E+009,7.385438437000268E-002,
1.326074155235235E+009,7.359250902367459E-002,
1.331059020480480E+009,7.293603065269076E-002,
1.336043885725726E+009,7.187465970956330E-002,
1.341028750970971E+009,7.048003456318863E-002,
1.346013616216216E+009,6.871519701431680E-002,
1.350998481461462E+009,6.807237198772254E-002,
1.355983346706707E+009,6.818246520284468E-002,
1.360968211951952E+009,6.826555015994230E-002,
1.365953077197197E+009,6.847000709196784E-002,
1.370937942442442E+009,6.930003022462018E-002,
1.375922807687688E+009,7.043552831599093E-002,
1.380907672932933E+009,7.005460666095803E-002,
1.385892538178178E+009,6.919095101251828E-002,
1.390877403423424E+009,6.808880815798522E-002,
1.395862268668669E+009,6.710246133732101E-002,
1.400847133913914E+009,6.529438830777788E-002,
1.405831999159159E+009,6.351066031374925E-002,
1.410816864404404E+009,6.140300127070898E-002,
1.415801729649650E+009,5.915689135677945E-002,
1.420786594894895E+009,5.736699276153988E-002,
1.425771460140140E+009,5.581657903959438E-002,
1.430756325385386E+009,5.476201968284294E-002,
1.435741190630631E+009,5.331011535562655E-002,
1.440726055875876E+009,5.255581052556708E-002,
1.445710921121121E+009,5.252992021548794E-002,
1.450695786366366E+009,5.268179711326494E-002,
1.455680651611612E+009,5.323901312404394E-002,
1.460665516856857E+009,5.397906469312068E-002,
1.465650382102102E+009,5.518994485553843E-002,
1.470635247347347E+009,5.675110546437422E-002,
1.475620112592593E+009,5.811879531961404E-002,
1.480604977837838E+009,5.921022875513837E-002,
1.485589843083083E+009,6.042905451975316E-002,
1.490574708328328E+009,6.078833556292999E-002,
1.495559573573574E+009,6.058316437790916E-002,
1.500544438818819E+009,6.022402150693401E-002,
1.505529304064064E+009,5.953319928200052E-002,
1.510514169309309E+009,5.808380457972850E-002,
1.515499034554555E+009,5.670067885574573E-002,
1.520483899799800E+009,5.549473870396565E-002,
1.525468765045045E+009,5.420648476085250E-002,
1.530453630290290E+009,5.393845397279686E-002,
1.535438495535536E+009,5.401759461297592E-002,
1.540423360780781E+009,5.402893621897895E-002,
1.545408226026026E+009,5.422288344646300E-002,
1.550393091271271E+009,5.442496524264396E-002,
1.555377956516516E+009,5.434743773509834E-002,
1.560362821761762E+009,5.459368906210749E-002,
1.565347687007007E+009,5.532399055126051E-002,
1.570332552252252E+009,5.516428007922863E-002,
1.575317417497498E+009,5.489970625722267E-002,
1.580302282742743E+009,5.336205460100595E-002,
1.585287147987988E+009,5.194349584663407E-002,
1.590272013233233E+009,5.099897797141077E-002,
1.595256878478478E+009,4.976662251178855E-002,
1.600241743723724E+009,4.817110432284535E-002,
1.605226608968969E+009,4.759428302337434E-002,
1.610211474214214E+009,4.629496414425144E-002,
1.615196339459460E+009,4.590453853289600E-002,
1.620181204704705E+009,4.491534124779891E-002,
1.625166069949950E+009,4.421717458743007E-002,
1.630150935195195E+009,4.408688673836497E-002,
1.635135800440440E+009,4.276152155819225E-002,
1.640120665685686E+009,4.159843068602099E-002,
1.645105530930931E+009,4.155688526490629E-002,
1.650090396176176E+009,4.081113571987111E-002,
1.655075261421422E+009,3.958664236589346E-002,
1.660060126666667E+009,3.852244519434873E-002,
1.665044991911912E+009,3.789209114806530E-002,
1.670029857157157E+009,3.694905540532904E-002,
1.675014722402402E+009,3.579895220237337E-002,
1.679999587647648E+009,3.565443583028510E-002,
1.684984452892893E+009,3.574193761312081E-002,
1.689969318138138E+009,3.621621544883677E-002,
1.694954183383384E+009,3.646111392585067E-002,
1.699939048628629E+009,3.620009391053763E-002,
1.704923913873874E+009,3.559469150476134E-002,
1.709908779119119E+009,3.456597653662118E-002,
1.714893644364364E+009,3.295142573432734E-002,
1.719878509609610E+009,3.154724180629816E-002,
1.724863374854855E+009,3.017584784852106E-002,
1.729848240100100E+009,2.854261100459189E-002,
1.734833105345345E+009,2.684103274950875E-002,
1.739817970590591E+009,2.429196563940300E-002,
1.744802835835836E+009,2.231601391838904E-002,
1.749787701081081E+009,2.037223785607192E-002,
1.754772566326326E+009,1.826316987233044E-002,
1.759757431571572E+009,1.499940646813595E-002,
1.764742296816817E+009,1.169423850675897E-002,
1.769727162062062E+009,8.566463334360145E-003,
1.774712027307307E+009,5.236242717047672E-003,
1.779696892552553E+009,3.825785408024521E-003,
1.784681757797798E+009,4.930128920079554E-003,
1.789666623043043E+009,7.215939040809117E-003,
1.794651488288288E+009,9.803440033966252E-003,
1.799636353533534E+009,1.242026931166040E-002,
1.804621218778779E+009,1.430464310245064E-002,
1.809606084024024E+009,1.707913079462790E-002,
1.814590949269269E+009,1.867762137851885E-002,
1.819575814514514E+009,1.991112126797756E-002,
1.824560679759760E+009,2.138709713825038E-002,
1.829545545005005E+009,2.189711416325871E-002,
1.834530410250250E+009,2.283351785712912E-002,
1.839515275495496E+009,2.370669685273039E-002,
1.844500140740741E+009,2.498650247982114E-002,
1.849485005985986E+009,2.600960066450906E-002,
1.854469871231231E+009,2.698440123170047E-002,
1.859454736476476E+009,2.728476348078611E-002,
1.864439601721722E+009,2.734068496297839E-002,
1.869424466966967E+009,2.684519586058839E-002,
1.874409332212212E+009,2.674084447535084E-002,
1.879394197457458E+009,2.650325444364339E-002,
1.884379062702703E+009,2.619604765846514E-002,
1.889363927947948E+009,2.566677727846729E-002,
1.894348793193193E+009,2.443706736784185E-002,
1.899333658438438E+009,2.335856765116310E-002,
1.904318523683684E+009,2.211464550814668E-002,
1.909303388928929E+009,2.067733828220011E-002,
1.914288254174174E+009,1.971315570511030E-002,
1.919273119419420E+009,1.905996442785567E-002,
1.924257984664665E+009,1.842944588901638E-002,
1.929242849909910E+009,1.781119875489914E-002,
1.934227715155155E+009,1.766401336659199E-002,
1.939212580400400E+009,1.751057807970595E-002,
1.944197445645646E+009,1.723761850484114E-002,
1.949182310890891E+009,1.706164156005502E-002,
1.954167176136136E+009,1.634388893353020E-002,
1.959152041381382E+009,1.647798010563920E-002,
1.964136906626627E+009,1.688730671422250E-002,
1.969121771871872E+009,1.723453638443008E-002,
1.974106637117117E+009,1.792808225930930E-002,
1.979091502362362E+009,1.809308494245927E-002,
1.984076367607608E+009,1.815228547140504E-002,
1.989061232852853E+009,1.880155678067693E-002,
1.994046098098098E+009,1.879384692075051E-002,
1.999030963343343E+009,1.914958069969897E-002,
2.004015828588589E+009,1.906712261888081E-002,
2.009000693833834E+009,1.862767994047263E-002,
2.013985559079079E+009,1.805423355902192E-002,
2.018970424324324E+009,1.796623386640697E-002,
2.023955289569570E+009,1.861451261096490E-002,
2.028940154814815E+009,1.881151162303139E-002,
2.033925020060060E+009,1.931945742204921E-002,
2.038909885305305E+009,1.965845067534495E-002,
2.043894750550551E+009,1.995677711591656E-002,
2.048879615795796E+009,2.054148918504345E-002,
2.053864481041041E+009,2.139027784079225E-002,
2.058849346286286E+009,2.172057133885142E-002,
2.063834211531532E+009,2.251059509371498E-002,
2.068819076776777E+009,2.330846253522843E-002,
2.073803942022022E+009,2.413214989686179E-002,
2.078788807267267E+009,2.482924524099272E-002,
2.083773672512512E+009,2.561650227043084E-002,
2.088758537757758E+009,2.649946276471545E-002,
2.093743403003003E+009,2.672745835603496E-002,
2.098728268248248E+009,2.632751400723709E-002,
2.103713133493494E+009,2.670375603307305E-002,
2.108697998738739E+009,2.686624779300669E-002,
2.113682863983984E+009,2.770121094203070E-002,
2.118667729229229E+009,2.773796384963820E-002,
2.123652594474474E+009,2.835062709612303E-002,
2.128637459719720E+009,2.802845440729850E-002,
2.133622324964965E+009,2.764367060653722E-002,
2.138607190210210E+009,2.671253640702679E-002,
2.143592055455456E+009,2.615184701523745E-002,
2.148576920700701E+009,2.542653828807561E-002,
2.153561785945946E+009,2.397291248722587E-002,
2.158546651191191E+009,2.279882471259538E-002,
2.163531516436437E+009,2.112128363713119E-002,
2.168516381681682E+009,1.989877132618842E-002,
2.173501246926927E+009,1.878098644579019E-002,
2.178486112172172E+009,1.858742275479075E-002,
2.183470977417418E+009,1.879398237493839E-002,
2.188455842662663E+009,2.015859344698185E-002,
2.193440707907908E+009,2.134239874617036E-002,
2.198425573153153E+009,2.224011860157035E-002,
2.203410438398398E+009,2.382743675864171E-002,
2.208395303643644E+009,2.546188765258102E-002,
2.213380168888889E+009,2.631185037694908E-002,
2.218365034134134E+009,2.763238143914949E-002,
2.223349899379379E+009,2.845470154220321E-002,
2.228334764624625E+009,2.942511562015208E-002,
2.233319629869870E+009,3.047452643274959E-002,
2.238304495115115E+009,3.126962563268113E-002,
2.243289360360360E+009,3.197377619024523E-002,
2.248274225605606E+009,3.196197377264242E-002,
2.253259090850851E+009,3.172384256429138E-002,
2.258243956096096E+009,3.127952551221580E-002,
2.263228821341342E+009,3.108016616993818E-002,
2.268213686586587E+009,3.033521243601826E-002,
2.273198551831832E+009,3.010288178444672E-002,
2.278183417077077E+009,3.010843617094919E-002,
2.283168282322322E+009,3.020572156001672E-002,
2.288153147567567E+009,3.058453873322546E-002,
2.293138012812813E+009,3.156180848439289E-002,
2.298122878058058E+009,3.255885490841071E-002,
2.303107743303303E+009,3.376707123830577E-002,
2.308092608548549E+009,3.362835263717465E-002,
2.313077473793794E+009,3.408233778908517E-002,
2.318062339039039E+009,3.418454481552086E-002,
2.323047204284284E+009,3.339603750699632E-002,
2.328032069529530E+009,3.310130307646452E-002,
2.333016934774775E+009,3.162039740553300E-002,
2.338001800020020E+009,3.051615650949167E-002,
2.342986665265266E+009,2.920711293701353E-002,
2.347971530510510E+009,2.731308952320809E-002,
2.352956395755756E+009,2.583549972457267E-002,
2.357941261001001E+009,2.439532572474748E-002,
2.362926126246246E+009,2.323567670825167E-002,
2.367910991491491E+009,2.243318160467663E-002,
2.372895856736737E+009,2.120966889196018E-002,
2.377880721981982E+009,2.091946502177069E-002,
2.382865587227227E+009,2.039854874568082E-002,
2.387850452472473E+009,2.017601500257153E-002,
2.392835317717718E+009,2.040365998473441E-002,
2.397820182962963E+009,1.977231866922951E-002,
2.402805048208208E+009,2.034742799974074E-002,
2.407789913453454E+009,2.031693764622575E-002,
2.412774778698699E+009,2.003058705694128E-002,
2.417759643943944E+009,2.012818550628216E-002,
2.422744509189189E+009,1.999208060120621E-002,
2.427729374434434E+009,1.977917561668257E-002,
2.432714239679680E+009,1.988004031177513E-002,
2.437699104924925E+009,1.979877413572804E-002,
2.442683970170170E+009,1.971205066606550E-002,
2.447668835415415E+009,1.961066256229730E-002,
2.452653700660661E+009,2.009492822671678E-002,
2.457638565905906E+009,1.991165064872772E-002,
2.462623431151151E+009,2.005411281855140E-002,
2.467608296396397E+009,2.025671705474943E-002,
2.472593161641642E+009,2.048159341551061E-002,
2.477578026886887E+009,2.102250677414763E-002,
2.482562892132132E+009,2.070831451535355E-002,
2.487547757377378E+009,2.020346579800476E-002,
2.492532622622623E+009,2.095533549468090E-002,
2.497517487867868E+009,2.029410932189290E-002,
2.502502353113113E+009,2.054204060720889E-002,
2.507487218358358E+009,2.032637739913264E-002,
2.512472083603604E+009,2.020061190593292E-002,
2.517456948848849E+009,1.971399283846598E-002,
2.522441814094094E+009,1.951480308385072E-002,
2.527426679339339E+009,1.947842875109403E-002,
2.532411544584585E+009,1.940888032395552E-002,
2.537396409829830E+009,1.977881330314164E-002,
2.542381275075075E+009,1.997620865990824E-002,
2.547366140320320E+009,2.029716603922946E-002,
2.552351005565566E+009,2.111654061615172E-002,
2.557335870810811E+009,2.125067620550446E-002,
2.562320736056056E+009,2.166557492645116E-002,
2.567305601301302E+009,2.150963167167092E-002,
2.572290466546547E+009,2.135079274831277E-002,
2.577275331791792E+009,2.143409628785657E-002,
2.582260197037037E+009,2.245275961741965E-002,
2.587245062282282E+009,2.320660075239981E-002,
2.592229927527527E+009,2.458383185191432E-002,
2.597214792772773E+009,2.517316785801315E-002,
2.602199658018018E+009,2.608864179107687E-002,
2.607184523263263E+009,2.705885346896544E-002,
2.612169388508509E+009,2.783169360380818E-002,
2.617154253753754E+009,2.842026186885751E-002,
2.622139118998999E+009,2.896528327358279E-002,
2.627123984244244E+009,3.018810580801299E-002,
2.632108849489490E+009,3.096741858604139E-002,
2.637093714734735E+009,3.145454684859625E-002,
2.642078579979980E+009,3.212714867206195E-002,
2.647063445225225E+009,3.278164594736484E-002,
2.652048310470470E+009,3.366066640804140E-002,
2.657033175715716E+009,3.402213418314365E-002,
2.662018040960961E+009,3.426863454345414E-002,
2.667002906206206E+009,3.439105738923272E-002,
2.671987771451451E+009,3.480134565821240E-002,
2.676972636696697E+009,3.469029603819963E-002,
2.681957501941942E+009,3.430836223887634E-002,
2.686942367187187E+009,3.476820025454660E-002,
2.691927232432433E+009,3.439521396560301E-002,
2.696912097677678E+009,3.439356887991908E-002,
2.701896962922923E+009,3.461897793059936E-002,
2.706881828168168E+009,3.534454493309720E-002,
2.711866693413414E+009,3.619074295276378E-002,
2.716851558658659E+009,3.600445999728868E-002,
2.721836423903904E+009,3.657722775190141E-002,
2.726821289149149E+009,3.632174792641026E-002,
2.731806154394394E+009,3.637817051911979E-002,
2.736791019639640E+009,3.655238642742942E-002,
2.741775884884885E+009,3.645843333248122E-002,
2.746760750130130E+009,3.670173328991488E-002,
2.751745615375375E+009,3.729818014646388E-002,
2.756730480620621E+009,3.788784028496012E-002,
2.761715345865866E+009,3.928419732890113E-002,
2.766700211111111E+009,3.932239403307283E-002,
2.771685076356356E+009,3.996175023995797E-002,
2.776669941601602E+009,3.995908388137132E-002,
2.781654806846847E+009,3.953693322134824E-002,
2.786639672092092E+009,3.963597192794736E-002,
2.791624537337338E+009,3.909620882500987E-002,
2.796609402582583E+009,3.830535482818190E-002,
2.801594267827828E+009,3.771261175683342E-002,
2.806579133073073E+009,3.691471576918835E-002,
2.811563998318318E+009,3.562963716148997E-002,
2.816548863563564E+009,3.531168354071861E-002,
2.821533728808809E+009,3.527099344654285E-002,
2.826518594054054E+009,3.436356773540326E-002,
2.831503459299299E+009,3.490807997332444E-002,
2.836488324544545E+009,3.507276149795281E-002,
2.841473189789790E+009,3.475892665797866E-002,
2.846458055035035E+009,3.527914875156107E-002,
2.851442920280280E+009,3.462872811956587E-002,
2.856427785525526E+009,3.461102203476021E-002,
2.861412650770771E+009,3.462443967243066E-002,
2.866397516016016E+009,3.493053657228790E-002,
2.871382381261262E+009,3.539433855729170E-002,
2.876367246506506E+009,3.494531573578714E-002,
2.881352111751752E+009,3.495073528740438E-002,
2.886336976996997E+009,3.509656513837372E-002,
2.891321842242242E+009,3.434065206456489E-002,
2.896306707487487E+009,3.409024949642248E-002,
2.901291572732733E+009,3.310256955363266E-002,
2.906276437977978E+009,3.219463102922003E-002,
2.911261303223223E+009,3.184675780491224E-002,
2.916246168468469E+009,3.153961582972734E-002,
2.921231033713714E+009,3.025528593786607E-002,
2.926215898958959E+009,2.988078931188252E-002,
2.931200764204204E+009,2.917040495649692E-002,
2.936185629449450E+009,2.946957320525708E-002,
2.941170494694695E+009,2.917780488143477E-002,
2.946155359939940E+009,2.973709717718956E-002,
2.951140225185185E+009,2.980283715765269E-002,
2.956125090430430E+009,2.984412495868479E-002,
2.961109955675676E+009,2.986811792067379E-002,
2.966094820920921E+009,2.930305931123774E-002,
2.971079686166166E+009,2.899053383423869E-002,
2.976064551411411E+009,2.857531399765304E-002,
2.981049416656657E+009,2.796543513250307E-002,
2.986034281901902E+009,2.721660423136232E-002,
2.991019147147147E+009,2.579721770699351E-002,
2.996004012392393E+009,2.564297080760928E-002,
3.000988877637638E+009,2.475424864687078E-002,
3.005973742882883E+009,2.353901106861937E-002,
3.010958608128128E+009,2.333810455342534E-002,
3.015943473373374E+009,2.247384085117552E-002,
3.020928338618619E+009,2.232258243382375E-002,
3.025913203863864E+009,2.222709031923235E-002,
3.030898069109109E+009,2.262296971613415E-002,
3.035882934354354E+009,2.181614345834573E-002,
3.040867799599600E+009,2.250668291647372E-002,
3.045852664844845E+009,2.327173012388217E-002,
3.050837530090090E+009,2.336301495473749E-002,
3.055822395335335E+009,2.376070136070669E-002,
3.060807260580581E+009,2.431832529476463E-002,
3.065792125825826E+009,2.517673061480675E-002,
3.070776991071071E+009,2.489440114824786E-002,
3.075761856316316E+009,2.547096734086852E-002,
3.080746721561562E+009,2.528705238354620E-002,
3.085731586806807E+009,2.490003449737687E-002,
3.090716452052052E+009,2.420135815355381E-002,
3.095701317297298E+009,2.359638988570052E-002,
3.100686182542543E+009,2.272176490847911E-002,
3.105671047787788E+009,2.178925345124386E-002,
3.110655913033033E+009,2.110773351019759E-002,
3.115640778278278E+009,2.100114202079446E-002,
3.120625643523523E+009,2.066058743869957E-002,
3.125610508768769E+009,2.103974984267163E-002,
3.130595374014014E+009,2.081799397287835E-002,
3.135580239259259E+009,2.079689915269754E-002,
3.140565104504505E+009,2.009258648396923E-002,
3.145549969749750E+009,2.116874630969118E-002,
3.150534834994995E+009,2.037243745550031E-002,
3.155519700240240E+009,2.001305633792431E-002,
3.160504565485486E+009,2.016196593911002E-002,
3.165489430730731E+009,1.991299995148852E-002,
3.170474295975976E+009,1.956437660294172E-002,
3.175459161221221E+009,1.979254977413088E-002,
3.180444026466466E+009,1.999185662661735E-002,
3.185428891711712E+009,1.931124301478661E-002,
3.190413756956957E+009,1.866255926726718E-002,
3.195398622202202E+009,1.843526303205465E-002,
3.200383487447447E+009,1.799425353039180E-002,
3.205368352692693E+009,1.773471587454224E-002,
3.210353217937938E+009,1.697210654280939E-002,
3.215338083183183E+009,1.586035443297968E-002,
3.220322948428429E+009,1.615302245323343E-002,
3.225307813673674E+009,1.489148617865249E-002,
3.230292678918919E+009,1.404357020761806E-002,
3.235277544164164E+009,1.421362116949565E-002,
3.240262409409410E+009,1.392397718736470E-002,
3.245247274654655E+009,1.372439194268125E-002,
3.250232139899900E+009,1.327302452949027E-002,
3.255217005145145E+009,1.270275799587663E-002,
3.260201870390390E+009,1.225408809077777E-002,
3.265186735635636E+009,1.182235910440343E-002,
3.270171600880881E+009,1.123087426784339E-002,
3.275156466126126E+009,1.075628692156472E-002,
3.280141331371371E+009,1.034871685194175E-002,
3.285126196616617E+009,9.857960221979566E-003,
3.290111061861862E+009,9.647140166740665E-003,
3.295095927107107E+009,9.312376198453432E-003,
3.300080792352352E+009,9.064061229127030E-003,
3.305065657597598E+009,8.944908604899653E-003,
3.310050522842843E+009,8.767667093770217E-003,
3.315035388088088E+009,8.596745760725074E-003,
3.320020253333334E+009,8.382185021176564E-003,
3.325005118578579E+009,8.225634746415538E-003,
3.329989983823824E+009,8.103472766004070E-003,
3.334974849069069E+009,8.014722540420998E-003,
3.339959714314314E+009,7.729549243606896E-003,
3.344944579559560E+009,7.548424365397553E-003,
3.349929444804805E+009,7.500782889649224E-003,
3.354914310050050E+009,7.562131573645449E-003,
3.359899175295295E+009,7.607470522271381E-003,
3.364884040540541E+009,7.586748870124692E-003,
3.369868905785786E+009,7.483941424389088E-003,
3.374853771031031E+009,7.330214401499851E-003,
3.379838636276276E+009,7.026102497182709E-003,
3.384823501521522E+009,6.810212756265701E-003,
3.389808366766767E+009,6.622289425014945E-003,
3.394793232012012E+009,6.698549869752065E-003,
3.399778097257258E+009,6.854380807281327E-003,
3.404762962502502E+009,6.888753842494161E-003,
3.409747827747748E+009,6.794377773841157E-003,
3.414732692992993E+009,6.620427605479396E-003,
3.419717558238238E+009,6.427942708012979E-003,
3.424702423483483E+009,6.178910079331385E-003,
3.429687288728729E+009,5.820379851364884E-003,
3.434672153973974E+009,5.635842594995050E-003,
3.439657019219219E+009,5.449386270212436E-003,
3.444641884464465E+009,5.542419225694207E-003,
3.449626749709710E+009,5.640973113017411E-003,
3.454611614954955E+009,5.595656203925831E-003,
3.459596480200200E+009,5.584589713297589E-003,
3.464581345445446E+009,5.431629842650348E-003,
3.469566210690691E+009,5.215340638585655E-003,
3.474551075935936E+009,5.244989535468169E-003,
3.479535941181181E+009,5.370104285935639E-003,
3.484520806426426E+009,5.284407933018525E-003,
3.489505671671672E+009,5.311664399221603E-003,
3.494490536916917E+009,5.447058210627795E-003,
3.499475402162162E+009,5.541321327379321E-003,
3.504460267407407E+009,5.733614937541857E-003,
3.509445132652653E+009,6.125171829489285E-003,
3.514429997897898E+009,6.663039592575559E-003,
3.519414863143143E+009,7.139542877157642E-003,
3.524399728388389E+009,7.535640445244627E-003,
3.529384593633634E+009,7.903418079446405E-003,
3.534369458878879E+009,8.104982714690357E-003,
3.539354324124124E+009,8.101571777570414E-003,
3.544339189369370E+009,8.228372031481390E-003,
3.549324054614615E+009,8.324904171038667E-003,
3.554308919859860E+009,8.525091349238912E-003,
3.559293785105105E+009,8.760187858615218E-003,
3.564278650350350E+009,9.046620089339416E-003,
3.569263515595596E+009,9.363897062652752E-003,
3.574248380840841E+009,9.684716898433816E-003,
3.579233246086086E+009,9.950635759694331E-003,
3.584218111331331E+009,1.016838548441431E-002,
3.589202976576577E+009,1.032239148018599E-002,
3.594187841821822E+009,1.057601882247572E-002,
3.599172707067067E+009,1.065553098501790E-002,
3.604157572312312E+009,1.097480876942684E-002,
3.609142437557558E+009,1.121808498552501E-002,
3.614127302802803E+009,1.128372905022041E-002,
3.619112168048048E+009,1.129619126131951E-002,
3.624097033293294E+009,1.131298923481576E-002,
3.629081898538539E+009,1.119117924987433E-002,
3.634066763783784E+009,1.113217598744720E-002,
3.639051629029029E+009,1.110484659596129E-002,
3.644036494274274E+009,1.112829584397073E-002,
3.649021359519519E+009,1.127399025609951E-002,
3.654006224764765E+009,1.145867276748310E-002,
3.658991090010010E+009,1.167412126842151E-002,
3.663975955255255E+009,1.169135700363824E-002,
3.668960820500501E+009,1.182888590729319E-002,
3.673945685745746E+009,1.186634804060006E-002,
3.678930550990991E+009,1.198473491255203E-002,
3.683915416236236E+009,1.235150762422905E-002,
3.688900281481482E+009,1.257895184662526E-002,
3.693885146726727E+009,1.288130627004743E-002,
3.698870011971972E+009,1.309389425494949E-002,
3.703854877217217E+009,1.302611832138592E-002,
3.708839742462462E+009,1.330902898196067E-002,
3.713824607707708E+009,1.338045594027576E-002,
3.718809472952953E+009,1.354813779335651E-002,
3.723794338198198E+009,1.344340076193957E-002,
3.728779203443443E+009,1.340699633361536E-002,
3.733764068688689E+009,1.325877229347961E-002,
3.738748933933934E+009,1.317695904488435E-002,
3.743733799179179E+009,1.302691108604237E-002,
3.748718664424425E+009,1.279485611682632E-002,
3.753703529669670E+009,1.263168073064752E-002,
3.758688394914915E+009,1.284679305550797E-002,
3.763673260160160E+009,1.304571829493017E-002,
3.768658125405406E+009,1.333894373416389E-002,
3.773642990650651E+009,1.333052657240673E-002,
3.778627855895896E+009,1.324722285808448E-002,
3.783612721141141E+009,1.309550850045132E-002,
3.788597586386386E+009,1.293007041832614E-002,
3.793582451631632E+009,1.292429686374375E-002,
3.798567316876877E+009,1.292545925326520E-002,
3.803552182122122E+009,1.298682189051265E-002,
3.808537047367367E+009,1.300158206288850E-002,
3.813521912612613E+009,1.310989704270336E-002,
3.818506777857858E+009,1.312469540033086E-002,
3.823491643103103E+009,1.301009299072193E-002,
3.828476508348349E+009,1.289225730502335E-002,
3.833461373593594E+009,1.278016599998620E-002,
3.838446238838839E+009,1.284586669681840E-002,
3.843431104084084E+009,1.308394998882238E-002,
3.848415969329330E+009,1.343446285454041E-002,
3.853400834574575E+009,1.374191709720969E-002,
3.858385699819820E+009,1.412533197643683E-002,
3.863370565065065E+009,1.450527450714228E-002,
3.868355430310310E+009,1.503635635581670E-002,
3.873340295555556E+009,1.533853834379910E-002,
3.878325160800801E+009,1.562179053541742E-002,
3.883310026046046E+009,1.594076839286339E-002,
3.888294891291291E+009,1.613252367460882E-002,
3.893279756536537E+009,1.623083636962154E-002,
3.898264621781782E+009,1.625279414687723E-002,
3.903249487027027E+009,1.562308492013709E-002,
3.908234352272272E+009,1.550671810113791E-002,
3.913219217517518E+009,1.558449101325609E-002,
3.918204082762763E+009,1.527642790107158E-002,
3.923188948008008E+009,1.490221809514768E-002,
3.928173813253254E+009,1.467118545575243E-002,
3.933158678498498E+009,1.517844993476671E-002,
3.938143543743744E+009,1.450562747670047E-002,
3.943128408988989E+009,1.395495447728748E-002,
3.948113274234234E+009,1.472828582145308E-002,
3.953098139479479E+009,1.480813326699616E-002,
3.958083004724725E+009,1.462238397704856E-002,
3.963067869969970E+009,1.466227669067907E-002,
3.968052735215215E+009,1.550650380673043E-002,
3.973037600460461E+009,1.483252816626182E-002,
3.978022465705706E+009,1.615215600526022E-002,
3.983007330950951E+009,1.545753835806098E-002,
3.987992196196196E+009,1.524480940334293E-002,
3.992977061441442E+009,1.577203781004898E-002,
3.997961926686687E+009,1.516003773187048E-002,
4.002946791931932E+009,1.470302992269104E-002,
4.007931657177177E+009,1.384497553031109E-002,
4.012916522422422E+009,1.406053879069044E-002,
4.017901387667668E+009,1.319039032925572E-002,
4.022886252912913E+009,1.292826995357451E-002,
4.027871118158158E+009,1.267579823162670E-002,
4.032855983403403E+009,1.205136216293072E-002,
4.037840848648649E+009,1.210097395175271E-002,
4.042825713893894E+009,1.223917956580078E-002,
4.047810579139139E+009,1.253119800264057E-002,
4.052795444384385E+009,1.270834080700632E-002,
4.057780309629630E+009,1.286864149132244E-002,
4.062765174874875E+009,1.285851728845327E-002,
4.067750040120120E+009,1.272733713646301E-002,
4.072734905365366E+009,1.252846553121620E-002,
4.077719770610611E+009,1.236693738301469E-002,
4.082704635855856E+009,1.211150536376063E-002,
4.087689501101101E+009,1.186537738987039E-002,
4.092674366346346E+009,1.144446921711228E-002,
4.097659231591592E+009,1.109674455323201E-002,
4.102644096836837E+009,1.067078257279739E-002,
4.107628962082082E+009,1.044879380870197E-002,
4.112613827327327E+009,1.021701677991843E-002,
4.117598692572573E+009,1.015491168951625E-002,
4.122583557817818E+009,1.007213641320291E-002,
4.127568423063063E+009,9.972612665275160E-003,
4.132553288308308E+009,1.001496336415141E-002,
4.137538153553554E+009,1.006650683688548E-002,
4.142523018798799E+009,1.015158493179814E-002,
4.147507884044044E+009,1.025192849898204E-002,
4.152492749289290E+009,1.031038935965366E-002,
4.157477614534535E+009,1.045286077744181E-002,
4.162462479779780E+009,1.044763585972541E-002,
4.167447345025025E+009,1.045579716238161E-002,
4.172432210270270E+009,1.079078686966940E-002,
4.177417075515515E+009,1.095966594279224E-002,
4.182401940760761E+009,1.121306817342996E-002,
4.187386806006006E+009,1.141141049486292E-002,
4.192371671251251E+009,1.150049534388087E-002,
4.197356536496497E+009,1.158095489937578E-002,
4.202341401741742E+009,1.138656410188909E-002,
4.207326266986987E+009,1.127611037208978E-002,
4.212311132232232E+009,1.099139145174616E-002,
4.217295997477478E+009,1.075710281005623E-002,
4.222280862722723E+009,1.048059318693307E-002,
4.227265727967968E+009,1.038240240210096E-002,
4.232250593213213E+009,1.045626684724238E-002,
4.237235458458458E+009,1.069406558525500E-002,
4.242220323703704E+009,1.068416907375669E-002,
4.247205188948949E+009,1.068561189347717E-002,
4.252190054194194E+009,1.082553757900633E-002,
4.257174919439439E+009,1.123947562189541E-002,
4.262159784684685E+009,1.162487938266287E-002,
4.267144649929930E+009,1.211865662841880E-002,
4.272129515175175E+009,1.247643078055077E-002,
4.277114380420421E+009,1.265514140069764E-002,
4.282099245665666E+009,1.282768989364235E-002,
4.287084110910911E+009,1.284393121378497E-002,
4.292068976156156E+009,1.281899788169485E-002,
4.297053841401402E+009,1.270617483294716E-002,
4.302038706646647E+009,1.260097464914468E-002,
4.307023571891892E+009,1.241077968785316E-002,
4.312008437137137E+009,1.236542251476950E-002,
4.316993302382382E+009,1.221824666954714E-002,
4.321978167627627E+009,1.198411291483795E-002,
4.326963032872873E+009,1.168340928101892E-002,
4.331947898118118E+009,1.156035555282005E-002,
4.336932763363363E+009,1.144283947222233E-002,
4.341917628608608E+009,1.141158824338377E-002,
4.346902493853854E+009,1.139894675563219E-002,
4.351887359099099E+009,1.130387386396022E-002,
4.356872224344344E+009,1.133796319206416E-002,
4.361857089589590E+009,1.140480582921927E-002,
4.366841954834835E+009,1.139839506927503E-002,
4.371826820080080E+009,1.149440786892393E-002,
4.376811685325325E+009,1.161031789504613E-002,
4.381796550570571E+009,1.183564866999642E-002,
4.386781415815816E+009,1.193044019619742E-002,
4.391766281061061E+009,1.193113867146529E-002,
4.396751146306306E+009,1.188056588398706E-002,
4.401736011551552E+009,1.181095014933105E-002,
4.406720876796797E+009,1.169929078648202E-002,
4.411705742042042E+009,1.159565678337947E-002,
4.416690607287288E+009,1.154824807903610E-002,
4.421675472532533E+009,1.138812823707624E-002,
4.426660337777778E+009,1.114695841088868E-002,
4.431645203023023E+009,1.090087699250380E-002,
4.436630068268269E+009,1.081998222135905E-002,
4.441614933513514E+009,1.068809623561334E-002,
4.446599798758759E+009,1.071221635746925E-002,
4.451584664004005E+009,1.074908324898957E-002,
4.456569529249250E+009,1.062866002019946E-002,
4.461554394494494E+009,1.071980723070261E-002,
4.466539259739739E+009,1.064054331764948E-002,
4.471524124984985E+009,1.073793907504455E-002,
4.476508990230230E+009,1.072023077458630E-002,
4.481493855475475E+009,1.084152783182904E-002,
4.486478720720720E+009,1.120623767536167E-002,
4.491463585965966E+009,1.125280981425591E-002,
4.496448451211211E+009,1.145218141676720E-002,
4.501433316456456E+009,1.177155454939123E-002,
4.506418181701702E+009,1.194145021995060E-002,
4.511403046946947E+009,1.210032815665356E-002,
4.516387912192192E+009,1.214545849872451E-002,
4.521372777437437E+009,1.213108771967725E-002,
4.526357642682683E+009,1.198504717699476E-002,
4.531342507927928E+009,1.169580293634718E-002,
4.536327373173173E+009,1.149632651744593E-002,
4.541312238418419E+009,1.098786888993442E-002,
4.546297103663664E+009,1.077985581820661E-002,
4.551281968908909E+009,1.040127275539293E-002,
4.556266834154154E+009,1.023922157353364E-002,
4.561251699399400E+009,1.020855093558848E-002,
4.566236564644645E+009,1.024320841221148E-002,
4.571221429889890E+009,1.025893283102560E-002,
4.576206295135135E+009,1.036919590495987E-002,
4.581191160380381E+009,1.072858495541008E-002,
4.586176025625626E+009,1.107984233413337E-002,
4.591160890870871E+009,1.149547718898761E-002,
4.596145756116117E+009,1.199549839768435E-002,
4.601130621361362E+009,1.237735698789745E-002,
4.606115486606607E+009,1.266900207864228E-002,
4.611100351851852E+009,1.288581876044871E-002,
4.616085217097097E+009,1.301470529188039E-002,
4.621070082342342E+009,1.293523949366137E-002,
4.626054947587587E+009,1.283531220074703E-002,
4.631039812832833E+009,1.240062381316733E-002,
4.636024678078078E+009,1.203789868016417E-002,
4.641009543323323E+009,1.150024793404982E-002,
4.645994408568568E+009,1.092566037680344E-002,
4.650979273813814E+009,1.042681585256375E-002,
4.655964139059059E+009,1.008200466901634E-002,
4.660949004304304E+009,9.862492074022917E-003,
4.665933869549550E+009,9.639936894205101E-003,
4.670918734794795E+009,9.629964727831900E-003,
4.675903600040040E+009,9.629441008465193E-003,
4.680888465285285E+009,9.745998114341511E-003,
4.685873330530531E+009,9.932623109549640E-003,
4.690858195775776E+009,1.005302433042576E-002,
4.695843061021021E+009,1.030122967250984E-002,
4.700827926266266E+009,1.047983262293630E-002,
4.705812791511512E+009,1.071663937164849E-002,
4.710797656756757E+009,1.091734151197884E-002,
4.715782522002002E+009,1.091530080301239E-002,
4.720767387247248E+009,1.068129221308945E-002,
4.725752252492493E+009,1.034196691247548E-002,
4.730737117737738E+009,9.878435086860017E-003,
4.735721982982983E+009,9.380005929753519E-003,
4.740706848228229E+009,8.686621714267529E-003,
4.745691713473474E+009,8.129220097074900E-003,
4.750676578718719E+009,7.768649798703385E-003,
4.755661443963965E+009,7.332209101528146E-003,
4.760646309209209E+009,7.028913928621478E-003,
4.765631174454454E+009,6.772218729631133E-003,
4.770616039699699E+009,6.826000793199278E-003,
4.775600904944945E+009,6.657300823813253E-003,
4.780585770190190E+009,6.811514393243978E-003,
4.785570635435435E+009,6.748897545481299E-003,
4.790555500680680E+009,6.902413848337867E-003,
4.795540365925926E+009,6.960681398674758E-003,
4.800525231171171E+009,7.136560807035417E-003,
4.805510096416416E+009,7.304369711526274E-003,
4.810494961661662E+009,7.296684149318308E-003,
4.815479826906907E+009,7.284545162112663E-003,
4.820464692152152E+009,7.243597136792209E-003,
4.825449557397397E+009,6.980005438206492E-003,
4.830434422642643E+009,6.668037573810372E-003,
4.835419287887888E+009,6.311405836450935E-003,
4.840404153133133E+009,5.925179174803204E-003,
4.845389018378379E+009,5.714386769888981E-003,
4.850373883623624E+009,5.304194581913288E-003,
4.855358748868869E+009,5.033222007542768E-003,
4.860343614114114E+009,4.813383364455355E-003,
4.865328479359360E+009,4.713298721488700E-003,
4.870313344604605E+009,4.449464198150351E-003,
4.875298209849850E+009,4.348412520692190E-003,
4.880283075095095E+009,4.354755952830042E-003,
4.885267940340341E+009,4.461551629568774E-003,
4.890252805585586E+009,4.588641692563069E-003,
4.895237670830831E+009,4.584051061323798E-003,
4.900222536076077E+009,4.702011258503423E-003,
4.905207401321322E+009,4.659780140916642E-003,
4.910192266566567E+009,4.617574079961571E-003,
4.915177131811811E+009,4.565074347836561E-003,
4.920161997057057E+009,4.563227351219993E-003,
4.925146862302302E+009,4.542936428871921E-003,
4.930131727547547E+009,4.508120853139553E-003,
4.935116592792793E+009,4.298408512666635E-003,
4.940101458038038E+009,4.078639508051167E-003,
4.945086323283283E+009,3.893321183938405E-003,
4.950071188528528E+009,3.722403044401601E-003,
4.955056053773774E+009,3.592064369337373E-003,
4.960040919019019E+009,3.516956810065882E-003,
4.965025784264264E+009,3.497771769581201E-003,
4.970010649509509E+009,3.446267919934736E-003,
4.974995514754755E+009,3.373729698445435E-003,
4.979980380000000E+009,3.238538394297020E-003,
