% Version 1.00
%
% Ref Impedances: Z01: 50, Z02: 50
% 
%freq[Hz];Trc1_S21[U];
1.000000000000000E+005,3.037616384443867E-005,
5.084865245245245E+006,3.476169981009300E-004,
1.006973049049049E+007,9.797746883444208E-004,
1.505459573573574E+007,1.813161902695713E-003,
2.003946098098098E+007,2.383334891502339E-003,
2.502432622622623E+007,3.398332728534920E-003,
3.000919147147147E+007,4.666447367813372E-003,
3.499405671671671E+007,7.989032286144547E-003,
3.997892196196196E+007,1.424289100835056E-002,
4.496378720720721E+007,3.875242138276600E-002,
4.994865245245245E+007,1.002839226180258E-001,
5.493351769769770E+007,3.307200037072611E-002,
5.991838294294295E+007,2.607704705793650E-002,
6.490324818818819E+007,1.831546719321964E-002,
6.988811343343343E+007,1.394319743537176E-002,
7.487297867867868E+007,1.091513075905273E-002,
7.985784392392393E+007,9.539098375274576E-003,
8.484270916916917E+007,9.532048752744918E-003,
8.982757441441442E+007,1.023285669879839E-002,
9.481243965965965E+007,1.043753181431553E-002,
9.979730490490490E+007,1.196885440980884E-002,
1.047821701501502E+008,1.372546301571390E-002,
1.097670353953954E+008,1.627149037696104E-002,
1.147519006406407E+008,1.836124151559493E-002,
1.197367658858859E+008,2.185237275795527E-002,
1.247216311311311E+008,2.652557462960150E-002,
1.297064963763764E+008,3.316414064518895E-002,
1.346913616216216E+008,4.278884549879192E-002,
1.396762268668669E+008,6.095346082879249E-002,
1.446610921121121E+008,9.717135965192565E-002,
1.496459573573574E+008,1.933404889434158E-001,
1.546308226026026E+008,2.540663501691648E-001,
1.596156878478479E+008,1.449682535850544E-001,
1.646005530930931E+008,1.030960509565691E-001,
1.695854183383384E+008,8.407755459148575E-002,
1.745702835835836E+008,6.423887633218124E-002,
1.795551488288288E+008,4.094920571359748E-002,
1.845400140740741E+008,2.781187830468308E-002,
1.895248793193193E+008,1.949850975835018E-002,
1.945097445645646E+008,1.512889580203364E-002,
1.994946098098098E+008,1.270094154823382E-002,
2.044794750550551E+008,1.120584800570053E-002,
2.094643403003003E+008,1.017943964540294E-002,
2.144492055455456E+008,9.301622069889685E-003,
2.194340707907908E+008,8.129580795962316E-003,
2.244189360360360E+008,7.929343242500428E-003,
2.294038012812813E+008,7.473061659683300E-003,
2.343886665265265E+008,7.146620033442486E-003,
2.393735317717718E+008,7.304988942602357E-003,
2.443583970170170E+008,7.965065385761670E-003,
2.493432622622623E+008,9.618913211664887E-003,
2.543281275075075E+008,1.269759607369016E-002,
2.593129927527528E+008,1.665483574780672E-002,
2.642978579979980E+008,2.283041516747325E-002,
2.692827232432432E+008,3.172314700389016E-002,
2.742675884884885E+008,4.707500242374684E-002,
2.792524537337337E+008,7.777507656482648E-002,
2.842373189789790E+008,1.473573088331593E-001,
2.892221842242242E+008,1.634573693963833E-001,
2.942070494694695E+008,9.722435737322026E-002,
2.991919147147147E+008,6.505882089859658E-002,
3.041767799599600E+008,4.894091571077753E-002,
3.091616452052052E+008,3.986886493671563E-002,
3.141465104504505E+008,3.302985977500399E-002,
3.191313756956957E+008,2.783490989472334E-002,
3.241162409409409E+008,2.350796320657514E-002,
3.291011061861862E+008,2.026758625600429E-002,
3.340859714314314E+008,1.735070234163530E-002,
3.390708366766767E+008,1.418827684704186E-002,
3.440557019219219E+008,1.196542531152614E-002,
3.490405671671672E+008,9.502955344729332E-003,
3.540254324124124E+008,8.045593610485119E-003,
3.590102976576577E+008,6.849418569051725E-003,
3.639951629029029E+008,5.446907364262335E-003,
3.689800281481482E+008,4.213618617412369E-003,
3.739648933933934E+008,3.670787541172689E-003,
3.789497586386386E+008,4.547198186839323E-003,
3.839346238838839E+008,6.133032177337019E-003,
3.889194891291291E+008,8.105548410998704E-003,
3.939043543743744E+008,1.026524108022053E-002,
3.988892196196196E+008,1.204742336817666E-002,
4.038740848648649E+008,1.406585201346939E-002,
4.088589501101101E+008,1.615862641167634E-002,
4.138438153553554E+008,1.793234086487461E-002,
4.188286806006006E+008,1.867307004428750E-002,
4.238135458458459E+008,1.843890614503038E-002,
4.287984110910911E+008,1.795394453391675E-002,
4.337832763363363E+008,1.725896980284274E-002,
4.387681415815816E+008,1.660326895447416E-002,
4.437530068268268E+008,1.617465539206501E-002,
4.487378720720721E+008,1.647398269885197E-002,
4.537227373173173E+008,1.650826251182044E-002,
4.587076025625626E+008,1.694895619768543E-002,
4.636924678078078E+008,1.659898756081964E-002,
4.686773330530531E+008,1.710222288227134E-002,
4.736621982982983E+008,1.793983230814469E-002,
4.786470635435436E+008,1.910261420820051E-002,
4.836319287887888E+008,2.084268414046273E-002,
4.886167940340340E+008,2.228241844224553E-002,
4.936016592792793E+008,2.396234981045898E-002,
4.985865245245245E+008,2.498370040710660E-002,
5.035713897697698E+008,2.663045592986942E-002,
5.085562550150150E+008,2.791316541164603E-002,
5.135411202602603E+008,2.800465607073119E-002,
5.185259855055055E+008,2.874222382222252E-002,
5.235108507507508E+008,2.939776937017356E-002,
5.284957159959960E+008,2.981449690419503E-002,
5.334805812412412E+008,3.131583821680602E-002,
5.384654464864864E+008,3.260197377581403E-002,
5.434503117317318E+008,3.418677368151183E-002,
5.484351769769770E+008,3.582645690248635E-002,
5.534200422222222E+008,3.788285173890914E-002,
5.584049074674674E+008,4.000661476821531E-002,
5.633897727127128E+008,4.248714033699565E-002,
5.683746379579580E+008,4.510799039209675E-002,
5.733595032032032E+008,4.880179349965224E-002,
5.783443684484484E+008,5.211787634307771E-002,
5.833292336936938E+008,5.497192866435467E-002,
5.883140989389390E+008,5.711995542998169E-002,
5.932989641841842E+008,5.903160187394502E-002,
5.982838294294294E+008,6.101264727688210E-002,
6.032686946746746E+008,6.276129566891381E-002,
6.082535599199200E+008,6.453405312549881E-002,
6.132384251651652E+008,6.625688003429107E-002,
6.182232904104104E+008,6.774924974047435E-002,
6.232081556556556E+008,6.934873428088073E-002,
6.281930209009010E+008,7.140196391047907E-002,
6.331778861461462E+008,7.283249717626257E-002,
6.381627513913914E+008,7.426213923998980E-002,
6.431476166366366E+008,7.735772524659293E-002,
6.481324818818818E+008,8.028928944761142E-002,
6.531173471271272E+008,8.170859949987255E-002,
6.581022123723724E+008,8.324057581253520E-002,
6.630870776176176E+008,8.495918522747487E-002,
6.680719428628628E+008,8.697687043689271E-002,
6.730568081081082E+008,8.780751194774421E-002,
6.780416733533534E+008,8.762894277630265E-002,
6.830265385985986E+008,8.736399303820885E-002,
6.880114038438438E+008,8.685592727362479E-002,
6.929962690890890E+008,8.871428579522026E-002,
6.979811343343344E+008,9.033089996070090E-002,
7.029659995795796E+008,9.301564328863478E-002,
7.079508648248248E+008,9.574643621226467E-002,
7.129357300700700E+008,9.848279882742102E-002,
7.179205953153154E+008,1.014017584316452E-001,
7.229054605605606E+008,1.038890606698568E-001,
7.278903258058058E+008,1.057031412405926E-001,
7.328751910510510E+008,1.084803735954178E-001,
7.378600562962964E+008,1.119389195585314E-001,
7.428449215415416E+008,1.175927753789459E-001,
7.478297867867868E+008,1.234874569849760E-001,
7.528146520320320E+008,1.308759190150577E-001,
7.577995172772772E+008,1.403466116825198E-001,
7.627843825225226E+008,1.489858933392287E-001,
7.677692477677678E+008,1.560008550651035E-001,
7.727541130130130E+008,1.598739769146254E-001,
7.777389782582582E+008,1.627465619539721E-001,
7.827238435035036E+008,1.665820886765731E-001,
7.877087087487488E+008,1.677504235179493E-001,
7.926935739939940E+008,1.655932348187990E-001,
7.976784392392392E+008,1.661117468989630E-001,
8.026633044844844E+008,1.679417418621846E-001,
8.076481697297298E+008,1.695774578655713E-001,
8.126330349749750E+008,1.683326624424093E-001,
8.176179002202202E+008,1.660199605375216E-001,
8.226027654654654E+008,1.649919215263346E-001,
8.275876307107108E+008,1.637282225526273E-001,
8.325724959559560E+008,1.636563802582317E-001,
8.375573612012012E+008,1.641751092659430E-001,
8.425422264464464E+008,1.631623998156308E-001,
8.475270916916918E+008,1.614970604352141E-001,
8.525119569369370E+008,1.596710656329742E-001,
8.574968221821822E+008,1.594505207175170E-001,
8.624816874274274E+008,1.570846206454087E-001,
8.674665526726726E+008,1.522079607290182E-001,
8.724514179179180E+008,1.466509201796147E-001,
8.774362831631632E+008,1.400170027336191E-001,
8.824211484084084E+008,1.306680274278692E-001,
8.874060136536536E+008,1.238641607530872E-001,
8.923908788988990E+008,1.218794168183977E-001,
8.973757441441442E+008,1.228791945022709E-001,
9.023606093893894E+008,1.225740358667984E-001,
9.073454746346346E+008,1.223964035976228E-001,
9.123303398798798E+008,1.223307200781928E-001,
9.173152051251252E+008,1.217390015208281E-001,
9.223000703703704E+008,1.225318047507812E-001,
9.272849356156156E+008,1.228402476595062E-001,
9.322698008608608E+008,1.235831528047129E-001,
9.372546661061062E+008,1.245531728235387E-001,
9.422395313513514E+008,1.250094164605210E-001,
9.472243965965966E+008,1.251066496926217E-001,
9.522092618418418E+008,1.245918815068771E-001,
9.571941270870872E+008,1.233834607358880E-001,
9.621789923323324E+008,1.214299250261586E-001,
9.671638575775776E+008,1.197064150038982E-001,
9.721487228228228E+008,1.192121667890932E-001,
9.771335880680680E+008,1.185863716949661E-001,
9.821184533133134E+008,1.179958956832785E-001,
9.871033185585586E+008,1.190776725056801E-001,
9.920881838038038E+008,1.199158929283611E-001,
9.970730490490490E+008,1.203219450294507E-001,
1.002057914294294E+009,1.216744689405449E-001,
1.007042779539540E+009,1.222713975019472E-001,
1.012027644784785E+009,1.234469847914657E-001,
1.017012510030030E+009,1.248942761812658E-001,
1.021997375275275E+009,1.263910012511597E-001,
1.026982240520521E+009,1.272599627550275E-001,
1.031967105765766E+009,1.282185465097268E-001,
1.036951971011011E+009,1.292105510398146E-001,
1.041936836256256E+009,1.291689513525394E-001,
1.046921701501502E+009,1.287053323321215E-001,
1.051906566746747E+009,1.265946555761326E-001,
1.056891431991992E+009,1.227736566246622E-001,
1.061876297237237E+009,1.182305569661528E-001,
1.066861162482482E+009,1.137161929285604E-001,
1.071846027727728E+009,1.111785645820143E-001,
1.076830892972973E+009,1.082844968778368E-001,
1.081815758218218E+009,1.043103183578556E-001,
1.086800623463464E+009,1.003693549475642E-001,
1.091785488708709E+009,9.858340621246495E-002,
1.096770353953954E+009,9.840834779190121E-002,
1.101755219199199E+009,9.921982487951489E-002,
1.106740084444444E+009,1.003725630478248E-001,
1.111724949689690E+009,1.019997724674682E-001,
1.116709814934935E+009,1.035869682590560E-001,
1.121694680180180E+009,1.040635343574609E-001,
1.126679545425426E+009,1.044720904026526E-001,
1.131664410670671E+009,1.045963430752108E-001,
1.136649275915916E+009,1.038317720436772E-001,
1.141634141161161E+009,1.024058365038001E-001,
1.146619006406406E+009,1.013310839237261E-001,
1.151603871651652E+009,9.943866479473447E-002,
1.156588736896897E+009,9.829097288057608E-002,
1.161573602142142E+009,9.858946986717959E-002,
1.166558467387388E+009,9.937995657744177E-002,
1.171543332632633E+009,1.005079378930569E-001,
1.176528197877878E+009,1.020688464090082E-001,
1.181513063123123E+009,1.037311272719639E-001,
1.186497928368368E+009,1.047788744851791E-001,
1.191482793613614E+009,1.042789492400089E-001,
1.196467658858859E+009,1.024285220050867E-001,
1.201452524104104E+009,1.001307431788508E-001,
1.206437389349349E+009,9.724465464237343E-002,
1.211422254594595E+009,9.520092465045942E-002,
1.216407119839840E+009,9.376618726385726E-002,
1.221391985085085E+009,9.184521125062022E-002,
1.226376850330330E+009,8.900807582157690E-002,
1.231361715575576E+009,8.519269069546413E-002,
1.236346580820821E+009,8.122872287256892E-002,
1.241331446066066E+009,7.698700773666142E-002,
1.246316311311311E+009,7.319476776964533E-002,
1.251301176556557E+009,7.024960488301345E-002,
1.256286041801802E+009,6.787207597439196E-002,
1.261270907047047E+009,6.721394891332712E-002,
1.266255772292292E+009,6.761317905971905E-002,
1.271240637537538E+009,6.833216159102387E-002,
1.276225502782783E+009,6.973760239709095E-002,
1.281210368028028E+009,7.198309961605882E-002,
1.286195233273273E+009,7.427054868737373E-002,
1.291180098518518E+009,7.579437310665896E-002,
1.296164963763764E+009,7.686032180741179E-002,
1.301149829009009E+009,7.674661636046895E-002,
1.306134694254254E+009,7.581677425942522E-002,
1.311119559499500E+009,7.472830879453292E-002,
1.316104424744745E+009,7.297968912330009E-002,
1.321089289989990E+009,7.141790671231879E-002,
1.326074155235235E+009,7.017503836787369E-002,
1.331059020480480E+009,6.848088543172781E-002,
1.336043885725726E+009,6.727069061964568E-002,
1.341028750970971E+009,6.560630152593971E-002,
1.346013616216216E+009,6.420570728856484E-002,
1.350998481461462E+009,6.331936357080423E-002,
1.355983346706707E+009,6.271718659293882E-002,
1.360968211951952E+009,6.242142153461833E-002,
1.365953077197197E+009,6.220776265863064E-002,
1.370937942442442E+009,6.148283519939649E-002,
1.375922807687688E+009,6.146467890149786E-002,
1.380907672932933E+009,6.178507732552230E-002,
1.385892538178178E+009,6.248504648472623E-002,
1.390877403423424E+009,6.346373656838708E-002,
1.395862268668669E+009,6.390489075947459E-002,
1.400847133913914E+009,6.364167294523961E-002,
1.405831999159159E+009,6.345233836104912E-002,
1.410816864404404E+009,6.271916794954721E-002,
1.415801729649650E+009,6.117490083923862E-002,
1.420786594894895E+009,5.932640730235768E-002,
1.425771460140140E+009,5.739078343633866E-002,
1.430756325385386E+009,5.559617751767725E-002,
1.435741190630631E+009,5.524489368085696E-002,
1.440726055875876E+009,5.474369321950274E-002,
1.445710921121121E+009,5.485720688300669E-002,
1.450695786366366E+009,5.487991215428062E-002,
1.455680651611612E+009,5.458818988124666E-002,
1.460665516856857E+009,5.512089619777631E-002,
1.465650382102102E+009,5.697624015210788E-002,
1.470635247347347E+009,5.819460315503637E-002,
1.475620112592593E+009,5.894827106734339E-002,
1.480604977837838E+009,5.925604005029059E-002,
1.485589843083083E+009,5.897025224757808E-002,
1.490574708328328E+009,5.854588880288444E-002,
1.495559573573574E+009,5.772859230362660E-002,
1.500544438818819E+009,5.719305437406042E-002,
1.505529304064064E+009,5.652863368503228E-002,
1.510514169309309E+009,5.595541451311152E-002,
1.515499034554555E+009,5.580827171694115E-002,
1.520483899799800E+009,5.544886774083221E-002,
1.525468765045045E+009,5.504406087387500E-002,
1.530453630290290E+009,5.478418845223213E-002,
1.535438495535536E+009,5.502521508375820E-002,
1.540423360780781E+009,5.477741707951654E-002,
1.545408226026026E+009,5.521013447097461E-002,
1.550393091271271E+009,5.482767530598224E-002,
1.555377956516516E+009,5.548966248449756E-002,
1.560362821761762E+009,5.627021496176860E-002,
1.565347687007007E+009,5.669952990106036E-002,
1.570332552252252E+009,5.669334965629374E-002,
1.575317417497498E+009,5.646062222154677E-002,
1.580302282742743E+009,5.522798265521585E-002,
1.585287147987988E+009,5.403693641855526E-002,
1.590272013233233E+009,5.283343278939861E-002,
1.595256878478478E+009,5.110760241691768E-002,
1.600241743723724E+009,5.012118312593128E-002,
1.605226608968969E+009,4.825822630325411E-002,
1.610211474214214E+009,4.707788543573652E-002,
1.615196339459460E+009,4.642008304783913E-002,
1.620181204704705E+009,4.559928933622694E-002,
1.625166069949950E+009,4.577015116462446E-002,
1.630150935195195E+009,4.503636682901780E-002,
1.635135800440440E+009,4.458586647647874E-002,
1.640120665685686E+009,4.419031318765018E-002,
1.645105530930931E+009,4.454393157915385E-002,
1.650090396176176E+009,4.499220838793398E-002,
1.655075261421422E+009,4.470785575822148E-002,
1.660060126666667E+009,4.549209548346932E-002,
1.665044991911912E+009,4.613663084899758E-002,
1.670029857157157E+009,4.621381705376213E-002,
1.675014722402402E+009,4.554014265160945E-002,
1.679999587647648E+009,4.433161131173678E-002,
1.684984452892893E+009,4.309259003262926E-002,
1.689969318138138E+009,4.173077559367446E-002,
1.694954183383384E+009,4.049015079737686E-002,
1.699939048628629E+009,3.934160874957796E-002,
1.704923913873874E+009,3.796016214587423E-002,
1.709908779119119E+009,3.654539275094897E-002,
1.714893644364364E+009,3.524071914679150E-002,
1.719878509609610E+009,3.361432748216253E-002,
1.724863374854855E+009,3.194728680173078E-002,
1.729848240100100E+009,3.041320038850597E-002,
1.734833105345345E+009,2.947137555361791E-002,
1.739817970590591E+009,2.764578619159712E-002,
1.744802835835836E+009,2.605704205695789E-002,
1.749787701081081E+009,2.527332768753601E-002,
1.754772566326326E+009,2.426126783936809E-002,
1.759757431571572E+009,2.378350722636521E-002,
1.764742296816817E+009,2.300780734520138E-002,
1.769727162062062E+009,2.246011081204467E-002,
1.774712027307307E+009,2.157813441702330E-002,
1.779696892552553E+009,2.074118721236023E-002,
1.784681757797798E+009,1.967011278331549E-002,
1.789666623043043E+009,1.859783978862379E-002,
1.794651488288288E+009,1.779367592975669E-002,
1.799636353533534E+009,1.679450901584046E-002,
1.804621218778779E+009,1.506908627639025E-002,
1.809606084024024E+009,1.404749169930912E-002,
1.814590949269269E+009,1.340715548931598E-002,
1.819575814514514E+009,1.273691810418931E-002,
1.824560679759760E+009,1.240875369932401E-002,
1.829545545005005E+009,1.220170320356112E-002,
1.834530410250250E+009,1.244834792092514E-002,
1.839515275495496E+009,1.327801786107051E-002,
1.844500140740741E+009,1.392276037468143E-002,
1.849485005985986E+009,1.406842113535397E-002,
1.854469871231231E+009,1.437031562267649E-002,
1.859454736476476E+009,1.445179954868625E-002,
1.864439601721722E+009,1.441351813754698E-002,
1.869424466966967E+009,1.400259530625714E-002,
1.874409332212212E+009,1.412091128796268E-002,
1.879394197457458E+009,1.373615841011224E-002,
1.884379062702703E+009,1.425714414825145E-002,
1.889363927947948E+009,1.513804180268626E-002,
1.894348793193193E+009,1.604442270088804E-002,
1.899333658438438E+009,1.677901416474897E-002,
1.904318523683684E+009,1.677850972359633E-002,
1.909303388928929E+009,1.668001656393083E-002,
1.914288254174174E+009,1.625391928934050E-002,
1.919273119419420E+009,1.521747574521912E-002,
1.924257984664665E+009,1.429169807983107E-002,
1.929242849909910E+009,1.303565446909817E-002,
1.934227715155155E+009,1.200436792511486E-002,
1.939212580400400E+009,1.055594752782140E-002,
1.944197445645646E+009,9.001835136848504E-003,
1.949182310890891E+009,6.756287198060185E-003,
1.954167176136136E+009,5.721547486724429E-003,
1.959152041381382E+009,4.890137576876316E-003,
1.964136906626627E+009,4.798396973802452E-003,
1.969121771871872E+009,5.641016307130289E-003,
1.974106637117117E+009,6.496569191251161E-003,
1.979091502362362E+009,7.765859362613062E-003,
1.984076367607608E+009,9.063301815282164E-003,
1.989061232852853E+009,1.098830262389711E-002,
1.994046098098098E+009,1.342963200877639E-002,
1.999030963343343E+009,1.605017032222281E-002,
2.004015828588589E+009,1.731462299988630E-002,
2.009000693833834E+009,1.845743181707724E-002,
2.013985559079079E+009,1.875490600453632E-002,
2.018970424324324E+009,1.921231323066742E-002,
2.023955289569570E+009,1.984588458458896E-002,
2.028940154814815E+009,2.071411207501668E-002,
2.033925020060060E+009,2.158694323840351E-002,
2.038909885305305E+009,2.205161352639969E-002,
2.043894750550551E+009,2.290668530869724E-002,
2.048879615795796E+009,2.284093437380877E-002,
2.053864481041041E+009,2.328203984052874E-002,
2.058849346286286E+009,2.336951061900993E-002,
2.063834211531532E+009,2.296555429481549E-002,
2.068819076776777E+009,2.338047926720292E-002,
2.073803942022022E+009,2.342631844482427E-002,
2.078788807267267E+009,2.409507178983958E-002,
2.083773672512512E+009,2.544333278685533E-002,
2.088758537757758E+009,2.633345399585226E-002,
2.093743403003003E+009,2.751604735191009E-002,
2.098728268248248E+009,2.909603601522522E-002,
2.103713133493494E+009,3.007864811307300E-002,
2.108697998738739E+009,3.102026417329050E-002,
2.113682863983984E+009,3.139704510398252E-002,
2.118667729229229E+009,3.233279967414360E-002,
2.123652594474474E+009,3.260726074865366E-002,
2.128637459719720E+009,3.283103112856867E-002,
2.133622324964965E+009,3.246750051327643E-002,
2.138607190210210E+009,3.191962256092325E-002,
2.143592055455456E+009,3.110081170881375E-002,
2.148576920700701E+009,3.072907766964554E-002,
2.153561785945946E+009,3.013429235997042E-002,
2.158546651191191E+009,2.883139949526305E-002,
2.163531516436437E+009,2.836849975793945E-002,
2.168516381681682E+009,2.771118568137371E-002,
2.173501246926927E+009,2.693521605291451E-002,
2.178486112172172E+009,2.669748324663649E-002,
2.183470977417418E+009,2.608503036312192E-002,
2.188455842662663E+009,2.627217844237927E-002,
2.193440707907908E+009,2.681136672192614E-002,
2.198425573153153E+009,2.599715315832844E-002,
2.203410438398398E+009,2.649198617921849E-002,
2.208395303643644E+009,2.672125845379956E-002,
2.213380168888889E+009,2.723933590968343E-002,
2.218365034134134E+009,2.861009530650965E-002,
2.223349899379379E+009,2.935924718467219E-002,
2.228334764624625E+009,2.997027631778856E-002,
2.233319629869870E+009,3.092012439956179E-002,
2.238304495115115E+009,3.129025929376965E-002,
2.243289360360360E+009,3.123984527140588E-002,
2.248274225605606E+009,3.138752917358210E-002,
2.253259090850851E+009,3.108273354203672E-002,
2.258243956096096E+009,3.118939943151955E-002,
2.263228821341342E+009,3.068103694796792E-002,
2.268213686586587E+009,3.075854247651421E-002,
2.273198551831832E+009,3.076481921808204E-002,
2.278183417077077E+009,3.071679146955467E-002,
2.283168282322322E+009,3.054274252763083E-002,
2.288153147567567E+009,3.027851101816996E-002,
2.293138012812813E+009,3.037377749103083E-002,
2.298122878058058E+009,3.059462045192030E-002,
2.303107743303303E+009,3.056066864948675E-002,
2.308092608548549E+009,3.029397328973505E-002,
2.313077473793794E+009,3.045855911640380E-002,
2.318062339039039E+009,2.909691589956951E-002,
2.323047204284284E+009,2.833137894073359E-002,
2.328032069529530E+009,2.721882434263972E-002,
2.333016934774775E+009,2.608647895685414E-002,
2.338001800020020E+009,2.471911454457172E-002,
2.342986665265266E+009,2.343490238346301E-002,
2.347971530510510E+009,2.273228415329934E-002,
2.352956395755756E+009,2.173478220005727E-002,
2.357941261001001E+009,2.130765054870334E-002,
2.362926126246246E+009,2.056873069339866E-002,
2.367910991491491E+009,1.971384097522272E-002,
2.372895856736737E+009,1.850914119953063E-002,
2.377880721981982E+009,1.791234556919210E-002,
2.382865587227227E+009,1.773829262733728E-002,
2.387850452472473E+009,1.705535517918343E-002,
2.392835317717718E+009,1.644715283144693E-002,
2.397820182962963E+009,1.617804307963822E-002,
2.402805048208208E+009,1.578875950110376E-002,
2.407789913453454E+009,1.551878252380936E-002,
2.412774778698699E+009,1.503492464778202E-002,
2.417759643943944E+009,1.491732140404656E-002,
2.422744509189189E+009,1.436932681995987E-002,
2.427729374434434E+009,1.448247740888848E-002,
2.432714239679680E+009,1.370557700997584E-002,
2.437699104924925E+009,1.320734710804317E-002,
2.442683970170170E+009,1.312621688501363E-002,
2.447668835415415E+009,1.353481313464080E-002,
2.452653700660661E+009,1.455188089842838E-002,
2.457638565905906E+009,1.444800340071294E-002,
2.462623431151151E+009,1.511687672133977E-002,
2.467608296396397E+009,1.621907820973284E-002,
2.472593161641642E+009,1.667151213586721E-002,
2.477578026886887E+009,1.778168498810305E-002,
2.482562892132132E+009,1.877162370400282E-002,
2.487547757377378E+009,1.969944874137779E-002,
2.492532622622623E+009,2.087394783179879E-002,
2.497517487867868E+009,2.183096352640145E-002,
2.502502353113113E+009,2.271227228971239E-002,
2.507487218358358E+009,2.293984562538506E-002,
2.512472083603604E+009,2.338197670806325E-002,
2.517456948848849E+009,2.371076722441542E-002,
2.522441814094094E+009,2.413506029342466E-002,
2.527426679339339E+009,2.460765935335572E-002,
2.532411544584585E+009,2.482151916695783E-002,
2.537396409829830E+009,2.514389152935340E-002,
2.542381275075075E+009,2.460919386474076E-002,
2.547366140320320E+009,2.501129339258002E-002,
2.552351005565566E+009,2.516905374846322E-002,
2.557335870810811E+009,2.423091733449305E-002,
2.562320736056056E+009,2.310048824514618E-002,
2.567305601301302E+009,2.130876984327593E-002,
2.572290466546547E+009,2.025601871763842E-002,
2.577275331791792E+009,1.949081156156265E-002,
2.582260197037037E+009,1.881302471366381E-002,
2.587245062282282E+009,1.796013389251268E-002,
2.592229927527527E+009,1.763658841310815E-002,
2.597214792772773E+009,1.742225292397799E-002,
2.602199658018018E+009,1.694645154446091E-002,
2.607184523263263E+009,1.715433872311859E-002,
2.612169388508509E+009,1.701484695060586E-002,
2.617154253753754E+009,1.705430145120273E-002,
2.622139118998999E+009,1.814917248000436E-002,
2.627123984244244E+009,1.973971651304185E-002,
2.632108849489490E+009,2.079287647120232E-002,
2.637093714734735E+009,2.215522764884692E-002,
2.642078579979980E+009,2.288383312988631E-002,
2.647063445225225E+009,2.368410642989181E-002,
2.652048310470470E+009,2.499164510372126E-002,
2.657033175715716E+009,2.566185648576680E-002,
2.662018040960961E+009,2.707200101507077E-002,
2.667002906206206E+009,2.741827474725555E-002,
2.671987771451451E+009,2.817557212498208E-002,
2.676972636696697E+009,2.750690255652383E-002,
2.681957501941942E+009,2.729523916137388E-002,
2.686942367187187E+009,2.804668655019756E-002,
2.691927232432433E+009,2.821966407974858E-002,
2.696912097677678E+009,2.888911898738627E-002,
2.701896962922923E+009,2.822400057778970E-002,
2.706881828168168E+009,2.821566847053006E-002,
2.711866693413414E+009,2.791621949600680E-002,
2.716851558658659E+009,2.765959250310622E-002,
2.721836423903904E+009,2.773810952669291E-002,
2.726821289149149E+009,2.714241888322023E-002,
2.731806154394394E+009,2.602312157721514E-002,
2.736791019639640E+009,2.578927011774091E-002,
2.741775884884885E+009,2.604852875139411E-002,
2.746760750130130E+009,2.719250721906535E-002,
2.751745615375375E+009,2.774669610349613E-002,
2.756730480620621E+009,2.866555876683342E-002,
2.761715345865866E+009,2.909951794240224E-002,
2.766700211111111E+009,2.981779741072499E-002,
2.771685076356356E+009,3.030428027796961E-002,
2.776669941601602E+009,3.047415809624236E-002,
2.781654806846847E+009,3.048690164511543E-002,
2.786639672092092E+009,3.034378179229234E-002,
2.791624537337338E+009,2.999807672587255E-002,
2.796609402582583E+009,3.002235656683701E-002,
2.801594267827828E+009,2.916343945376832E-002,
2.806579133073073E+009,2.877250236603508E-002,
2.811563998318318E+009,2.810751605583403E-002,
2.816548863563564E+009,2.839689653866736E-002,
2.821533728808809E+009,2.794477418636962E-002,
2.826518594054054E+009,2.753320176549625E-002,
2.831503459299299E+009,2.728796683907157E-002,
2.836488324544545E+009,2.710436812493677E-002,
2.841473189789790E+009,2.707097581359137E-002,
2.846458055035035E+009,2.682584456657275E-002,
2.851442920280280E+009,2.682750069987529E-002,
2.856427785525526E+009,2.633804158489402E-002,
2.861412650770771E+009,2.725123856081774E-002,
2.866397516016016E+009,2.758416530127952E-002,
2.871382381261262E+009,2.802686433999602E-002,
2.876367246506506E+009,2.818727687709250E-002,
2.881352111751752E+009,2.846297303788678E-002,
2.886336976996997E+009,2.836521878414411E-002,
2.891321842242242E+009,2.773480798948459E-002,
2.896306707487487E+009,2.694586759223626E-002,
2.901291572732733E+009,2.649161074736280E-002,
2.906276437977978E+009,2.609025310524235E-002,
2.911261303223223E+009,2.529626254866660E-002,
2.916246168468469E+009,2.557848451727636E-002,
2.921231033713714E+009,2.492903517275413E-002,
2.926215898958959E+009,2.488668156883038E-002,
2.931200764204204E+009,2.463478566216336E-002,
2.936185629449450E+009,2.411917664319620E-002,
2.941170494694695E+009,2.448908428700989E-002,
2.946155359939940E+009,2.435200540895582E-002,
2.951140225185185E+009,2.464692661729431E-002,
2.956125090430430E+009,2.529866541842342E-002,
2.961109955675676E+009,2.589733975697441E-002,
2.966094820920921E+009,2.519120843394952E-002,
2.971079686166166E+009,2.561595459464186E-002,
2.976064551411411E+009,2.527211376053928E-002,
2.981049416656657E+009,2.453361406483343E-002,
2.986034281901902E+009,2.417146602399409E-002,
2.991019147147147E+009,2.341759495794161E-002,
2.996004012392393E+009,2.270954209992890E-002,
3.000988877637638E+009,2.220105688899993E-002,
3.005973742882883E+009,2.199380156361225E-002,
3.010958608128128E+009,2.175850417646216E-002,
3.015943473373374E+009,2.115274518575686E-002,
3.020928338618619E+009,2.083977429022066E-002,
3.025913203863864E+009,2.087069010193314E-002,
3.030898069109109E+009,2.166950117777682E-002,
3.035882934354354E+009,2.127460382510518E-002,
3.040867799599600E+009,2.164584542398693E-002,
3.045852664844845E+009,2.280512190747244E-002,
3.050837530090090E+009,2.284925192099824E-002,
3.055822395335335E+009,2.410919240175336E-002,
3.060807260580581E+009,2.411138260771870E-002,
3.065792125825826E+009,2.507041271512120E-002,
3.070776991071071E+009,2.607233859228688E-002,
3.075761856316316E+009,2.536620583069284E-002,
3.080746721561562E+009,2.531627674519390E-002,
3.085731586806807E+009,2.542121470791345E-002,
3.090716452052052E+009,2.421741871404262E-002,
3.095701317297298E+009,2.416071828004531E-002,
3.100686182542543E+009,2.268509791089546E-002,
3.105671047787788E+009,2.129720597530360E-002,
3.110655913033033E+009,2.110697713384322E-002,
3.115640778278278E+009,2.019725781608087E-002,
3.120625643523523E+009,2.039156613422051E-002,
3.125610508768769E+009,1.930683632316988E-002,
3.130595374014014E+009,1.866425302736139E-002,
3.135580239259259E+009,1.852752203824195E-002,
3.140565104504505E+009,1.789242843627080E-002,
3.145549969749750E+009,1.817335793245346E-002,
3.150534834994995E+009,1.747972050448499E-002,
3.155519700240240E+009,1.771571749003858E-002,
3.160504565485486E+009,1.817073557523387E-002,
3.165489430730731E+009,1.775434008476376E-002,
3.170474295975976E+009,1.811234054924323E-002,
3.175459161221221E+009,1.754432573690108E-002,
3.180444026466466E+009,1.786355223118732E-002,
3.185428891711712E+009,1.777757096378808E-002,
3.190413756956957E+009,1.674976634184750E-002,
3.195398622202202E+009,1.678404510199343E-002,
3.200383487447447E+009,1.637443536325163E-002,
3.205368352692693E+009,1.602090404940309E-002,
3.210353217937938E+009,1.547260748942238E-002,
3.215338083183183E+009,1.554911499925952E-002,
3.220322948428429E+009,1.414132304241690E-002,
3.225307813673674E+009,1.457786597424529E-002,
3.230292678918919E+009,1.397445106056349E-002,
3.235277544164164E+009,1.349323475634220E-002,
3.240262409409410E+009,1.254928262902769E-002,
3.245247274654655E+009,1.290106229238021E-002,
3.250232139899900E+009,1.282434338478959E-002,
3.255217005145145E+009,1.282062613032392E-002,
3.260201870390390E+009,1.279202404656731E-002,
3.265186735635636E+009,1.282427552956364E-002,
3.270171600880881E+009,1.256937538988577E-002,
3.275156466126126E+009,1.228456134171997E-002,
3.280141331371371E+009,1.180442786432721E-002,
3.285126196616617E+009,1.139323354886550E-002,
3.290111061861862E+009,1.107849090203479E-002,
3.295095927107107E+009,1.081705220506711E-002,
3.300080792352352E+009,1.041211301412486E-002,
3.305065657597598E+009,9.929811015533488E-003,
3.310050522842843E+009,9.503096720276676E-003,
3.315035388088088E+009,9.260386707228103E-003,
3.320020253333334E+009,9.037608418946963E-003,
3.325005118578579E+009,8.709222975994507E-003,
3.329989983823824E+009,8.396323364025042E-003,
3.334974849069069E+009,8.007570583917514E-003,
3.339959714314314E+009,7.736425156548478E-003,
3.344944579559560E+009,7.533647011200541E-003,
3.349929444804805E+009,7.534804240526175E-003,
3.354914310050050E+009,7.371153063988085E-003,
3.359899175295295E+009,7.226168254487914E-003,
3.364884040540541E+009,6.948190619419005E-003,
3.369868905785786E+009,6.578337820722786E-003,
3.374853771031031E+009,6.205147393707357E-003,
3.379838636276276E+009,5.873782638879780E-003,
3.384823501521522E+009,5.631450115279051E-003,
3.389808366766767E+009,5.500464411590723E-003,
3.394793232012012E+009,5.454017289271878E-003,
3.399778097257258E+009,5.245186563013466E-003,
3.404762962502502E+009,4.867395309985289E-003,
3.409747827747748E+009,4.409646027634675E-003,
3.414732692992993E+009,3.733236770190827E-003,
3.419717558238238E+009,3.237277444367168E-003,
3.424702423483483E+009,2.892567918215567E-003,
3.429687288728729E+009,2.694231849591483E-003,
3.434672153973974E+009,2.596540703118107E-003,
3.439657019219219E+009,2.472304818136574E-003,
3.444641884464465E+009,2.404289600746772E-003,
3.449626749709710E+009,2.299337576162031E-003,
3.454611614954955E+009,2.165326316229274E-003,
3.459596480200200E+009,2.106806931419007E-003,
3.464581345445446E+009,1.891869410184072E-003,
3.469566210690691E+009,1.741806667773653E-003,
3.474551075935936E+009,1.510054964854885E-003,
3.479535941181181E+009,1.637340538062970E-003,
3.484520806426426E+009,1.780295777177899E-003,
3.489505671671672E+009,1.724160199667123E-003,
3.494490536916917E+009,1.583512827218410E-003,
3.499475402162162E+009,1.471495300001856E-003,
3.504460267407407E+009,1.237599515021648E-003,
3.509445132652653E+009,1.413218707867393E-003,
3.514429997897898E+009,1.844939177621050E-003,
3.519414863143143E+009,2.532705398799885E-003,
3.524399728388389E+009,2.950567212022496E-003,
3.529384593633634E+009,3.292111468420832E-003,
3.534369458878879E+009,3.515746626153020E-003,
3.539354324124124E+009,3.575559064728915E-003,
3.544339189369370E+009,3.717027539440056E-003,
3.549324054614615E+009,3.841493798833950E-003,
3.554308919859860E+009,3.837271178274413E-003,
3.559293785105105E+009,3.874688761159901E-003,
3.564278650350350E+009,3.824316232898729E-003,
3.569263515595596E+009,4.043852352272066E-003,
3.574248380840841E+009,4.083845180480640E-003,
3.579233246086086E+009,4.318103792126526E-003,
3.584218111331331E+009,4.395623722425745E-003,
3.589202976576577E+009,4.390275825045371E-003,
3.594187841821822E+009,4.425722702326919E-003,
3.599172707067067E+009,4.479143212236883E-003,
3.604157572312312E+009,4.615076476686894E-003,
3.609142437557558E+009,4.726665064822635E-003,
3.614127302802803E+009,4.603533410253209E-003,
3.619112168048048E+009,4.466877207760060E-003,
3.624097033293294E+009,4.278258449734740E-003,
3.629081898538539E+009,4.443696586247673E-003,
3.634066763783784E+009,4.510995806069046E-003,
3.639051629029029E+009,4.819914250435666E-003,
3.644036494274274E+009,5.170822144114300E-003,
3.649021359519519E+009,5.565483809617483E-003,
3.654006224764765E+009,6.040916888419546E-003,
3.658991090010010E+009,6.224170296131619E-003,
3.663975955255255E+009,6.403197001816399E-003,
3.668960820500501E+009,6.598509754203683E-003,
3.673945685745746E+009,6.979983876976493E-003,
3.678930550990991E+009,7.345374581865634E-003,
3.683915416236236E+009,7.967946637196190E-003,
3.688900281481482E+009,8.239276176866610E-003,
3.693885146726727E+009,8.499836994080422E-003,
3.698870011971972E+009,8.712719620978708E-003,
3.703854877217217E+009,8.787968253695691E-003,
3.708839742462462E+009,8.896464393965565E-003,
3.713824607707708E+009,8.890708275734233E-003,
3.718809472952953E+009,9.026072172264229E-003,
3.723794338198198E+009,9.079637700632384E-003,
3.728779203443443E+009,8.939643576693128E-003,
3.733764068688689E+009,8.623541389008862E-003,
3.738748933933934E+009,8.250610689043156E-003,
3.743733799179179E+009,7.759405814204050E-003,
3.748718664424425E+009,7.443597870286937E-003,
3.753703529669670E+009,7.426982979359668E-003,
3.758688394914915E+009,7.403850915395480E-003,
3.763673260160160E+009,7.366382473104854E-003,
3.768658125405406E+009,7.240040375546233E-003,
3.773642990650651E+009,7.228254349696490E-003,
3.778627855895896E+009,7.231351371659223E-003,
3.783612721141141E+009,7.424907977567031E-003,
3.788597586386386E+009,7.527927341448194E-003,
3.793582451631632E+009,7.621860582686647E-003,
3.798567316876877E+009,7.657036614343485E-003,
3.803552182122122E+009,7.739741403925420E-003,
3.808537047367367E+009,7.649322656496794E-003,
3.813521912612613E+009,7.629077215307278E-003,
3.818506777857858E+009,7.581470477103350E-003,
3.823491643103103E+009,7.522690846161981E-003,
3.828476508348349E+009,7.484640214015187E-003,
3.833461373593594E+009,7.587121246462594E-003,
3.838446238838839E+009,7.587885873561043E-003,
3.843431104084084E+009,7.644521195464995E-003,
3.848415969329330E+009,7.652470696368619E-003,
3.853400834574575E+009,7.679473051172023E-003,
3.858385699819820E+009,7.771987436361431E-003,
3.863370565065065E+009,8.000015734189930E-003,
3.868355430310310E+009,8.161432605698595E-003,
3.873340295555556E+009,8.435534359648791E-003,
3.878325160800801E+009,8.675766230554403E-003,
3.883310026046046E+009,8.919112310114438E-003,
3.888294891291291E+009,8.944294730759247E-003,
3.893279756536537E+009,9.090649750063410E-003,
3.898264621781782E+009,9.043422173245984E-003,
3.903249487027027E+009,9.155639212195851E-003,
3.908234352272272E+009,9.308429522339342E-003,
3.913219217517518E+009,9.323273901799718E-003,
3.918204082762763E+009,9.395125506561285E-003,
3.923188948008008E+009,9.251543826256153E-003,
3.928173813253254E+009,9.259120847307263E-003,
3.933158678498498E+009,9.435941276983580E-003,
3.938143543743744E+009,9.527433390637751E-003,
3.943128408988989E+009,9.824911535595719E-003,
3.948113274234234E+009,1.005107022079479E-002,
3.953098139479479E+009,1.035763021716883E-002,
3.958083004724725E+009,1.058463087374118E-002,
3.963067869969970E+009,1.076622785644156E-002,
3.968052735215215E+009,1.097069875045132E-002,
3.973037600460461E+009,1.126967791944139E-002,
3.978022465705706E+009,1.140471292553306E-002,
3.983007330950951E+009,1.150753021843068E-002,
3.987992196196196E+009,1.157406707398719E-002,
3.992977061441442E+009,1.144729551928513E-002,
3.997961926686687E+009,1.111685767307190E-002,
4.002946791931932E+009,1.067969620860648E-002,
4.007931657177177E+009,1.023999872197323E-002,
4.012916522422422E+009,9.804420697443195E-003,
4.017901387667668E+009,9.359088609418493E-003,
4.022886252912913E+009,9.015076190559973E-003,
4.027871118158158E+009,8.874942981696972E-003,
4.032855983403403E+009,8.894664861679237E-003,
4.037840848648649E+009,8.938208252831698E-003,
4.042825713893894E+009,8.917541577565568E-003,
4.047810579139139E+009,8.731162908098073E-003,
4.052795444384385E+009,8.619205614378111E-003,
4.057780309629630E+009,8.540254822035838E-003,
4.062765174874875E+009,8.535446084890161E-003,
4.067750040120120E+009,8.553828280065024E-003,
4.072734905365366E+009,8.692955923116155E-003,
4.077719770610611E+009,8.677363339997664E-003,
4.082704635855856E+009,8.617104806420826E-003,
4.087689501101101E+009,8.542532357304400E-003,
4.092674366346346E+009,8.314274570860607E-003,
4.097659231591592E+009,8.062173332551067E-003,
4.102644096836837E+009,7.845913468188734E-003,
4.107628962082082E+009,7.637549697270061E-003,
4.112613827327327E+009,7.581545170415328E-003,
4.117598692572573E+009,7.462450396013533E-003,
4.122583557817818E+009,7.307947846535786E-003,
4.127568423063063E+009,7.193829457416454E-003,
4.132553288308308E+009,7.080156691246356E-003,
4.137538153553554E+009,6.978681862867529E-003,
4.142523018798799E+009,6.994731039743686E-003,
4.147507884044044E+009,7.158608819179685E-003,
4.152492749289290E+009,7.571285526408004E-003,
4.157477614534535E+009,8.066403286821677E-003,
4.162462479779780E+009,8.388746093805920E-003,
4.167447345025025E+009,8.563866540117737E-003,
4.172432210270270E+009,8.733936305676763E-003,
4.177417075515515E+009,8.806046322552434E-003,
4.182401940760761E+009,9.057920909194038E-003,
4.187386806006006E+009,9.205632735323403E-003,
4.192371671251251E+009,9.283348929453332E-003,
4.197356536496497E+009,9.307986748653104E-003,
4.202341401741742E+009,9.222955595480309E-003,
4.207326266986987E+009,9.141709181979155E-003,
4.212311132232232E+009,9.095581863948722E-003,
4.217295997477478E+009,8.896012773225284E-003,
4.222280862722723E+009,8.750694417225763E-003,
4.227265727967968E+009,8.771368784106743E-003,
4.232250593213213E+009,8.765776726411923E-003,
4.237235458458458E+009,8.786831270298143E-003,
4.242220323703704E+009,8.912528996217133E-003,
4.247205188948949E+009,9.131323938526356E-003,
4.252190054194194E+009,9.509715340035084E-003,
4.257174919439439E+009,9.877597583875988E-003,
4.262159784684685E+009,1.033248740940183E-002,
4.267144649929930E+009,1.084524510434659E-002,
4.272129515175175E+009,1.129467290700179E-002,
4.277114380420421E+009,1.174042898096630E-002,
4.282099245665666E+009,1.212516934604937E-002,
4.287084110910911E+009,1.233506705100549E-002,
4.292068976156156E+009,1.236363426571481E-002,
4.297053841401402E+009,1.222986416743007E-002,
4.302038706646647E+009,1.199936172346795E-002,
4.307023571891892E+009,1.184027790174415E-002,
4.312008437137137E+009,1.179037272468309E-002,
4.316993302382382E+009,1.169026458383925E-002,
4.321978167627627E+009,1.165445514538587E-002,
4.326963032872873E+009,1.178094899762008E-002,
4.331947898118118E+009,1.189323537072179E-002,
4.336932763363363E+009,1.196870624877782E-002,
4.341917628608608E+009,1.193591969749882E-002,
4.346902493853854E+009,1.206476404342925E-002,
4.351887359099099E+009,1.197207737128287E-002,
4.356872224344344E+009,1.201965960658825E-002,
4.361857089589590E+009,1.215775668535504E-002,
4.366841954834835E+009,1.247421649429941E-002,
4.371826820080080E+009,1.271995195547184E-002,
4.376811685325325E+009,1.291065067333269E-002,
4.381796550570571E+009,1.297483529061333E-002,
4.386781415815816E+009,1.320883521180481E-002,
4.391766281061061E+009,1.334287326957820E-002,
4.396751146306306E+009,1.356434059157134E-002,
4.401736011551552E+009,1.377408424005602E-002,
4.406720876796797E+009,1.378116846921043E-002,
4.411705742042042E+009,1.366219176150425E-002,
4.416690607287288E+009,1.358505395158013E-002,
4.421675472532533E+009,1.326600900249179E-002,
4.426660337777778E+009,1.316826957660187E-002,
4.431645203023023E+009,1.305450651942244E-002,
4.436630068268269E+009,1.279939348723721E-002,
4.441614933513514E+009,1.251266471173964E-002,
4.446599798758759E+009,1.228391242331299E-002,
4.451584664004005E+009,1.217105657887853E-002,
4.456569529249250E+009,1.214831515074501E-002,
4.461554394494494E+009,1.212622685408702E-002,
4.466539259739739E+009,1.214788865854812E-002,
4.471524124984985E+009,1.210089209389900E-002,
4.476508990230230E+009,1.194916047583416E-002,
4.481493855475475E+009,1.196554151348759E-002,
4.486478720720720E+009,1.206982557031916E-002,
4.491463585965966E+009,1.211847109316936E-002,
4.496448451211211E+009,1.251474235267382E-002,
4.501433316456456E+009,1.283172794718751E-002,
4.506418181701702E+009,1.317923710096016E-002,
4.511403046946947E+009,1.339066632773836E-002,
4.516387912192192E+009,1.353473297325307E-002,
4.521372777437437E+009,1.354632002478615E-002,
4.526357642682683E+009,1.329061606968453E-002,
4.531342507927928E+009,1.292240246495345E-002,
4.536327373173173E+009,1.243282908156236E-002,
4.541312238418419E+009,1.192460341262596E-002,
4.546297103663664E+009,1.165037989458301E-002,
4.551281968908909E+009,1.144489430498159E-002,
4.556266834154154E+009,1.111796028140019E-002,
4.561251699399400E+009,1.083460731043339E-002,
4.566236564644645E+009,1.061722112679860E-002,
4.571221429889890E+009,1.057774491062756E-002,
4.576206295135135E+009,1.072564754628370E-002,
4.581191160380381E+009,1.095151928837940E-002,
4.586176025625626E+009,1.136121451743936E-002,
4.591160890870871E+009,1.156572763217929E-002,
4.596145756116117E+009,1.194388914537958E-002,
4.601130621361362E+009,1.226533258264000E-002,
4.606115486606607E+009,1.240719799982382E-002,
4.611100351851852E+009,1.246740122056517E-002,
4.616085217097097E+009,1.233122869503905E-002,
4.621070082342342E+009,1.227432900969388E-002,
4.626054947587587E+009,1.201788075430616E-002,
4.631039812832833E+009,1.157858012009689E-002,
4.636024678078078E+009,1.120646929494403E-002,
4.641009543323323E+009,1.070049949597960E-002,
4.645994408568568E+009,1.025648359127307E-002,
4.650979273813814E+009,9.782265492493973E-003,
4.655964139059059E+009,9.384861792798984E-003,
4.660949004304304E+009,9.098416389608753E-003,
4.665933869549550E+009,9.013333784139569E-003,
4.670918734794795E+009,9.014621656994569E-003,
4.675903600040040E+009,9.063715107259156E-003,
4.680888465285285E+009,9.171282595617090E-003,
4.685873330530531E+009,9.284078113414321E-003,
4.690858195775776E+009,9.540445387984689E-003,
4.695843061021021E+009,9.700759551059734E-003,
4.700827926266266E+009,9.732954290754459E-003,
4.705812791511512E+009,9.897544470058254E-003,
4.710797656756757E+009,9.858800864828756E-003,
4.715782522002002E+009,9.939539796327997E-003,
4.720767387247248E+009,9.824842717178386E-003,
4.725752252492493E+009,9.527339134893958E-003,
4.730737117737738E+009,8.985121239165828E-003,
4.735721982982983E+009,8.405439528381480E-003,
4.740706848228229E+009,7.991705542788495E-003,
4.745691713473474E+009,7.681783823631934E-003,
4.750676578718719E+009,7.295600586398934E-003,
4.755661443963965E+009,7.018441644886316E-003,
4.760646309209209E+009,6.821360451152289E-003,
4.765631174454454E+009,6.737087490302256E-003,
4.770616039699699E+009,6.412643695700677E-003,
4.775600904944945E+009,6.326220900487632E-003,
4.780585770190190E+009,6.225661585339683E-003,
4.785570635435435E+009,6.405165034975929E-003,
4.790555500680680E+009,6.560727574853703E-003,
4.795540365925926E+009,6.763458137556710E-003,
4.800525231171171E+009,6.993021785367220E-003,
4.805510096416416E+009,7.095872187859910E-003,
4.810494961661662E+009,7.073171621939298E-003,
4.815479826906907E+009,6.953266702264140E-003,
4.820464692152152E+009,6.634562333331567E-003,
4.825449557397397E+009,6.353156917819065E-003,
4.830434422642643E+009,6.077465066127849E-003,
4.835419287887888E+009,5.781086368033818E-003,
4.840404153133133E+009,5.475128498861878E-003,
4.845389018378379E+009,5.102976533950090E-003,
4.850373883623624E+009,4.877619685311417E-003,
4.855358748868869E+009,4.640548164591443E-003,
4.860343614114114E+009,4.475797356826909E-003,
4.865328479359360E+009,4.309763859594748E-003,
4.870313344604605E+009,4.235344168443039E-003,
4.875298209849850E+009,4.270314725140710E-003,
4.880283075095095E+009,4.236347859169372E-003,
4.885267940340341E+009,4.324607272190899E-003,
4.890252805585586E+009,4.354172704562280E-003,
4.895237670830831E+009,4.388113132852894E-003,
4.900222536076077E+009,4.430623618960575E-003,
4.905207401321322E+009,4.662912998694797E-003,
4.910192266566567E+009,4.733048293674498E-003,
4.915177131811811E+009,4.899258023118692E-003,
4.920161997057057E+009,4.801420841502232E-003,
4.925146862302302E+009,4.748575445572550E-003,
4.930131727547547E+009,4.572255754456873E-003,
4.935116592792793E+009,4.558893288449288E-003,
4.940101458038038E+009,4.301990005255701E-003,
4.945086323283283E+009,4.284300453731640E-003,
4.950071188528528E+009,4.116349062908291E-003,
4.955056053773774E+009,3.920820344102283E-003,
4.960040919019019E+009,3.811132207666493E-003,
4.965025784264264E+009,3.499866075004302E-003,
4.970010649509509E+009,3.322765678907371E-003,
4.974995514754755E+009,3.284294544048321E-003,
4.979980380000000E+009,3.184583746318505E-003,
