% Version 1.00
%
% Ref Impedances: Z01: 50, Z02: 50
% 
%freq[Hz];Trc1_S21[U];
1.000000000000000E+005,1.434886395583294E-005,
5.084865245245245E+006,4.273166671892038E-004,
1.006973049049049E+007,1.178101029944998E-003,
1.505459573573574E+007,1.882500752796034E-003,
2.003946098098098E+007,2.423698416006999E-003,
2.502432622622623E+007,3.446927601306828E-003,
3.000919147147147E+007,4.775715969946927E-003,
3.499405671671671E+007,8.534163322547913E-003,
3.997892196196196E+007,1.708776315038804E-002,
4.496378720720721E+007,9.642207679273698E-002,
4.994865245245245E+007,3.624596236498414E-002,
5.493351769769770E+007,2.237414639318827E-002,
5.991838294294295E+007,1.872046989453229E-002,
6.490324818818819E+007,1.252696889649293E-002,
6.988811343343343E+007,1.153236430670199E-002,
7.487297867867868E+007,1.078527111987515E-002,
7.985784392392393E+007,1.047187380048740E-002,
8.484270916916917E+007,1.082314629535650E-002,
8.982757441441442E+007,1.220792819062313E-002,
9.481243965965965E+007,1.311634048007331E-002,
9.979730490490490E+007,1.510123871319386E-002,
1.047821701501502E+008,1.748807058433372E-002,
1.097670353953954E+008,2.077036448702503E-002,
1.147519006406407E+008,2.392033560275510E-002,
1.197367658858859E+008,2.864924429352312E-002,
1.247216311311311E+008,3.443779675799238E-002,
1.297064963763764E+008,4.355564119585816E-002,
1.346913616216216E+008,5.832087939686219E-002,
1.396762268668669E+008,8.494697464495984E-002,
1.446610921121121E+008,1.400288565528889E-001,
1.496459573573574E+008,2.496136331946703E-001,
1.546308226026026E+008,2.100860858469937E-001,
1.596156878478479E+008,1.329823908900157E-001,
1.646005530930931E+008,1.037623413922056E-001,
1.695854183383384E+008,9.247388465047274E-002,
1.745702835835836E+008,8.460459834166979E-002,
1.795551488288288E+008,5.747661024258500E-002,
1.845400140740741E+008,3.127409627811183E-002,
1.895248793193193E+008,1.816917314136843E-002,
1.945097445645646E+008,1.401870818890996E-002,
1.994946098098098E+008,1.220545650387529E-002,
2.044794750550551E+008,9.833814573869571E-003,
2.094643403003003E+008,7.833985160294868E-003,
2.144492055455456E+008,5.713835799546601E-003,
2.194340707907908E+008,4.637662939650260E-003,
2.244189360360360E+008,3.954908034198732E-003,
2.294038012812813E+008,4.384987058115676E-003,
2.343886665265265E+008,7.060512049723467E-003,
2.393735317717718E+008,1.225931382290203E-002,
2.443583970170170E+008,1.947745060524679E-002,
2.493432622622623E+008,3.356263647252259E-002,
2.543281275075075E+008,6.357285143825901E-002,
2.593129927527528E+008,1.351671791099337E-001,
2.642978579979980E+008,1.444853999153722E-001,
2.692827232432432E+008,9.641843099350037E-002,
2.742675884884885E+008,7.223571316473369E-002,
2.792524537337337E+008,5.840896817509893E-002,
2.842373189789790E+008,4.784257300035061E-002,
2.892221842242242E+008,4.067958847993768E-002,
2.942070494694695E+008,3.581537955947987E-002,
2.991919147147147E+008,3.232937049256515E-002,
3.041767799599600E+008,2.867087132814359E-002,
3.091616452052052E+008,2.530483793496699E-002,
3.141465104504505E+008,2.223792051100728E-002,
3.191313756956957E+008,1.849676856673090E-002,
3.241162409409409E+008,1.578664714679521E-002,
3.291011061861862E+008,1.316480257293268E-002,
3.340859714314314E+008,1.023537498446666E-002,
3.390708366766767E+008,7.510325564329318E-003,
3.440557019219219E+008,5.532203835634550E-003,
3.490405671671672E+008,4.241370328964334E-003,
3.540254324124124E+008,3.322491314940188E-003,
3.590102976576577E+008,2.707645609881510E-003,
3.639951629029029E+008,2.318877268199297E-003,
3.689800281481482E+008,2.236450295788905E-003,
3.739648933933934E+008,2.330369599173487E-003,
3.789497586386386E+008,2.740175930944232E-003,
3.839346238838839E+008,2.740137416638503E-003,
3.889194891291291E+008,2.375767263441529E-003,
3.939043543743744E+008,1.997321871051361E-003,
3.988892196196196E+008,1.666615065139307E-003,
4.038740848648649E+008,3.103484325552346E-003,
4.088589501101101E+008,6.952649893940409E-003,
4.138438153553554E+008,1.089002852455030E-002,
4.188286806006006E+008,1.473618675509359E-002,
4.238135458458459E+008,1.681057558194873E-002,
4.287984110910911E+008,1.703995098717235E-002,
4.337832763363363E+008,1.743092479919543E-002,
4.387681415815816E+008,1.838144144741419E-002,
4.437530068268268E+008,1.918370403585273E-002,
4.487378720720721E+008,2.028437691273821E-002,
4.537227373173173E+008,2.153660390960653E-002,
4.587076025625626E+008,2.334798936491895E-002,
4.636924678078078E+008,2.473384063681817E-002,
4.686773330530531E+008,2.589704809384052E-002,
4.736621982982983E+008,2.694800255586503E-002,
4.786470635435436E+008,2.824910359752119E-002,
4.836319287887888E+008,2.952161248490104E-002,
4.886167940340340E+008,3.142178185398057E-002,
4.936016592792793E+008,3.246920944485673E-002,
4.985865245245245E+008,3.328101831593169E-002,
5.035713897697698E+008,3.343875289009863E-002,
5.085562550150150E+008,3.315588499568582E-002,
5.135411202602603E+008,3.239077607772867E-002,
5.185259855055055E+008,3.195995526205992E-002,
5.235108507507508E+008,3.094645290970980E-002,
5.284957159959960E+008,3.112557870112734E-002,
5.334805812412412E+008,3.183056678380176E-002,
5.384654464864864E+008,3.341278780513065E-002,
5.434503117317318E+008,3.465488221455723E-002,
5.484351769769770E+008,3.738811947552242E-002,
5.534200422222222E+008,4.035194125351326E-002,
5.584049074674674E+008,4.341849850948393E-002,
5.633897727127128E+008,4.647956959151126E-002,
5.683746379579580E+008,4.883232831806973E-002,
5.733595032032032E+008,5.147488832916450E-002,
5.783443684484484E+008,5.325612383107860E-002,
5.833292336936938E+008,5.560970078358174E-002,
5.883140989389390E+008,5.810401863429056E-002,
5.932989641841842E+008,6.103471233563482E-002,
5.982838294294294E+008,6.366712371342582E-002,
6.032686946746746E+008,6.625829810592385E-002,
6.082535599199200E+008,6.897091825019656E-002,
6.132384251651652E+008,7.233684751189876E-002,
6.182232904104104E+008,7.534503471283707E-002,
6.232081556556556E+008,7.840356780464711E-002,
6.281930209009010E+008,8.212103188756116E-002,
6.331778861461462E+008,8.657411292513437E-002,
6.381627513913914E+008,9.074058257155236E-002,
6.431476166366366E+008,9.408151143845105E-002,
6.481324818818818E+008,9.703022436177346E-002,
6.531173471271272E+008,1.000855570968925E-001,
6.581022123723724E+008,1.018045762520658E-001,
6.630870776176176E+008,1.035492850211536E-001,
6.680719428628628E+008,1.060987976489940E-001,
6.730568081081082E+008,1.082488604878103E-001,
6.780416733533534E+008,1.097671826805117E-001,
6.830265385985986E+008,1.115821293854478E-001,
6.880114038438438E+008,1.127777682459680E-001,
6.929962690890890E+008,1.118861969898041E-001,
6.979811343343344E+008,1.090067466478163E-001,
7.029659995795796E+008,1.046827729751911E-001,
7.079508648248248E+008,1.000693603279403E-001,
7.129357300700700E+008,9.737870214526076E-002,
7.179205953153154E+008,9.574147252547095E-002,
7.229054605605606E+008,9.259992148364162E-002,
7.278903258058058E+008,8.909268362714153E-002,
7.328751910510510E+008,8.736176024898329E-002,
7.378600562962964E+008,8.932302356264241E-002,
7.428449215415416E+008,9.281098210411867E-002,
7.478297867867868E+008,9.619024796156823E-002,
7.528146520320320E+008,1.009114699806156E-001,
7.577995172772772E+008,1.084807146111660E-001,
7.627843825225226E+008,1.165198859762671E-001,
7.677692477677678E+008,1.209422633865013E-001,
7.727541130130130E+008,1.238818080143068E-001,
7.777389782582582E+008,1.290526906662511E-001,
7.827238435035036E+008,1.341080453314610E-001,
7.877087087487488E+008,1.364872275307003E-001,
7.926935739939940E+008,1.372779574583555E-001,
7.976784392392392E+008,1.378573035926876E-001,
8.026633044844844E+008,1.403661613578069E-001,
8.076481697297298E+008,1.445362381408308E-001,
8.126330349749750E+008,1.492062236096762E-001,
8.176179002202202E+008,1.537695366289948E-001,
8.226027654654654E+008,1.563107257516167E-001,
8.275876307107108E+008,1.586133350662405E-001,
8.325724959559560E+008,1.598467836424098E-001,
8.375573612012012E+008,1.649554032663420E-001,
8.425422264464464E+008,1.701326513698447E-001,
8.475270916916918E+008,1.732530702583622E-001,
8.525119569369370E+008,1.730435185654009E-001,
8.574968221821822E+008,1.722417422332830E-001,
8.624816874274274E+008,1.712596635896158E-001,
8.674665526726726E+008,1.676109536835969E-001,
8.724514179179180E+008,1.643752799220455E-001,
8.774362831631632E+008,1.634725514788396E-001,
8.824211484084084E+008,1.612388388045335E-001,
8.874060136536536E+008,1.567094767096482E-001,
8.923908788988990E+008,1.516830913025160E-001,
8.973757441441442E+008,1.469889316431260E-001,
9.023606093893894E+008,1.454304139272148E-001,
9.073454746346346E+008,1.435775341452229E-001,
9.123303398798798E+008,1.407128326687298E-001,
9.173152051251252E+008,1.366540008749052E-001,
9.223000703703704E+008,1.339501243449178E-001,
9.272849356156156E+008,1.324697697522972E-001,
9.322698008608608E+008,1.305784865299078E-001,
9.372546661061062E+008,1.293398043078861E-001,
9.422395313513514E+008,1.280256371895822E-001,
9.472243965965966E+008,1.248641203408336E-001,
9.522092618418418E+008,1.210944592096174E-001,
9.571941270870872E+008,1.175080109062704E-001,
9.621789923323324E+008,1.138141476048775E-001,
9.671638575775776E+008,1.116017556181998E-001,
9.721487228228228E+008,1.095245194688227E-001,
9.771335880680680E+008,1.061210192602726E-001,
9.821184533133134E+008,1.043266927473460E-001,
9.871033185585586E+008,1.029994330572302E-001,
9.920881838038038E+008,1.025461878875960E-001,
9.970730490490490E+008,1.017741023616870E-001,
1.002057914294294E+009,1.019252548795240E-001,
1.007042779539540E+009,1.024733117532600E-001,
1.012027644784785E+009,1.019814777345512E-001,
1.017012510030030E+009,1.004165529739407E-001,
1.021997375275275E+009,9.993930828906761E-002,
1.026982240520521E+009,1.010543702862049E-001,
1.031967105765766E+009,1.033688224930189E-001,
1.036951971011011E+009,1.057822567589705E-001,
1.041936836256256E+009,1.073518630634354E-001,
1.046921701501502E+009,1.080439281757631E-001,
1.051906566746747E+009,1.094000518213537E-001,
1.056891431991992E+009,1.088695001698203E-001,
1.061876297237237E+009,1.077114019182391E-001,
1.066861162482482E+009,1.064619044763523E-001,
1.071846027727728E+009,1.060517495790797E-001,
1.076830892972973E+009,1.059277207442826E-001,
1.081815758218218E+009,1.050343661494643E-001,
1.086800623463464E+009,1.043245765619013E-001,
1.091785488708709E+009,1.048767137349484E-001,
1.096770353953954E+009,1.056970176922561E-001,
1.101755219199199E+009,1.064693886314078E-001,
1.106740084444444E+009,1.074382343908766E-001,
1.111724949689690E+009,1.070531673989819E-001,
1.116709814934935E+009,1.061729372282153E-001,
1.121694680180180E+009,1.047874762230525E-001,
1.126679545425426E+009,1.027171594034231E-001,
1.131664410670671E+009,1.008490480270702E-001,
1.136649275915916E+009,9.953186571941332E-002,
1.141634141161161E+009,9.644945872501215E-002,
1.146619006406406E+009,9.286073818576966E-002,
1.151603871651652E+009,8.980378299578370E-002,
1.156588736896897E+009,8.678753021301419E-002,
1.161573602142142E+009,8.405281816747587E-002,
1.166558467387388E+009,8.240749712604938E-002,
1.171543332632633E+009,8.109269679988761E-002,
1.176528197877878E+009,8.095204147471800E-002,
1.181513063123123E+009,8.070235749736893E-002,
1.186497928368368E+009,8.077357605743731E-002,
1.191482793613614E+009,8.123840159539657E-002,
1.196467658858859E+009,8.201984031106470E-002,
1.201452524104104E+009,8.323150568240660E-002,
1.206437389349349E+009,8.455914571315816E-002,
1.211422254594595E+009,8.472004881305219E-002,
1.216407119839840E+009,8.407447827897095E-002,
1.221391985085085E+009,8.281120613301411E-002,
1.226376850330330E+009,8.053136061216697E-002,
1.231361715575576E+009,7.824061459687916E-002,
1.236346580820821E+009,7.589806150140750E-002,
1.241331446066066E+009,7.498739955978603E-002,
1.246316311311311E+009,7.447676459455491E-002,
1.251301176556557E+009,7.456328143930584E-002,
1.256286041801802E+009,7.422169355323069E-002,
1.261270907047047E+009,7.356178696811053E-002,
1.266255772292292E+009,7.297448594093194E-002,
1.271240637537538E+009,7.239206175751357E-002,
1.276225502782783E+009,7.202043934979839E-002,
1.281210368028028E+009,7.367897125758581E-002,
1.286195233273273E+009,7.658110056288760E-002,
1.291180098518518E+009,7.895184969880602E-002,
1.296164963763764E+009,8.111296861853849E-002,
1.301149829009009E+009,8.253901577000140E-002,
1.306134694254254E+009,8.325778617324812E-002,
1.311119559499500E+009,8.307733519748087E-002,
1.316104424744745E+009,8.248122378086945E-002,
1.321089289989990E+009,8.109103460851540E-002,
1.326074155235235E+009,7.908664654277262E-002,
1.331059020480480E+009,7.642090174295536E-002,
1.336043885725726E+009,7.469665681444092E-002,
1.341028750970971E+009,7.321919875257858E-002,
1.346013616216216E+009,7.240750977524417E-002,
1.350998481461462E+009,7.190445102507534E-002,
1.355983346706707E+009,7.227788754900058E-002,
1.360968211951952E+009,7.314884509122280E-002,
1.365953077197197E+009,7.450178754606436E-002,
1.370937942442442E+009,7.516795779695336E-002,
1.375922807687688E+009,7.605057705943343E-002,
1.380907672932933E+009,7.759135150227892E-002,
1.385892538178178E+009,7.828970874863089E-002,
1.390877403423424E+009,7.861401409452773E-002,
1.395862268668669E+009,7.676833804685211E-002,
1.400847133913914E+009,7.483355323868944E-002,
1.405831999159159E+009,7.179947728724079E-002,
1.410816864404404E+009,6.829702765183357E-002,
1.415801729649650E+009,6.504512345438744E-002,
1.420786594894895E+009,6.268030479364260E-002,
1.425771460140140E+009,6.054094048863330E-002,
1.430756325385386E+009,5.863631686355714E-002,
1.435741190630631E+009,5.754030720664075E-002,
1.440726055875876E+009,5.647234286328449E-002,
1.445710921121121E+009,5.612116441420663E-002,
1.450695786366366E+009,5.597448479219856E-002,
1.455680651611612E+009,5.631693641822969E-002,
1.460665516856857E+009,5.594659191022312E-002,
1.465650382102102E+009,5.609366060275548E-002,
1.470635247347347E+009,5.553897103074468E-002,
1.475620112592593E+009,5.426106515101803E-002,
1.480604977837838E+009,5.370297289272595E-002,
1.485589843083083E+009,5.317695014225330E-002,
1.490574708328328E+009,5.307889628729653E-002,
1.495559573573574E+009,5.237498539185459E-002,
1.500544438818819E+009,5.240745124613313E-002,
1.505529304064064E+009,5.212284820635140E-002,
1.510514169309309E+009,5.177052018981403E-002,
1.515499034554555E+009,5.093708180577055E-002,
1.520483899799800E+009,5.045127896944820E-002,
1.525468765045045E+009,4.992485434856769E-002,
1.530453630290290E+009,4.963297238516865E-002,
1.535438495535536E+009,5.017686744260935E-002,
1.540423360780781E+009,5.085137503037308E-002,
1.545408226026026E+009,5.177074390472221E-002,
1.550393091271271E+009,5.220775481406528E-002,
1.555377956516516E+009,5.254137337205981E-002,
1.560362821761762E+009,5.341953330089101E-002,
1.565347687007007E+009,5.401263935511382E-002,
1.570332552252252E+009,5.447344058360556E-002,
1.575317417497498E+009,5.538814597019853E-002,
1.580302282742743E+009,5.679030574178380E-002,
1.585287147987988E+009,5.753900023781794E-002,
1.590272013233233E+009,5.783301747173041E-002,
1.595256878478478E+009,5.818713476811264E-002,
1.600241743723724E+009,5.770743976907912E-002,
1.605226608968969E+009,5.690298406791369E-002,
1.610211474214214E+009,5.595827563127524E-002,
1.615196339459460E+009,5.536492803368864E-002,
1.620181204704705E+009,5.439237778944329E-002,
1.625166069949950E+009,5.330420146340333E-002,
1.630150935195195E+009,5.307759304154873E-002,
1.635135800440440E+009,5.311768648632179E-002,
1.640120665685686E+009,5.258651716332519E-002,
1.645105530930931E+009,5.218187647049408E-002,
1.650090396176176E+009,5.133073248745162E-002,
1.655075261421422E+009,5.071822591655950E-002,
1.660060126666667E+009,4.944270071453994E-002,
1.665044991911912E+009,4.897040364747643E-002,
1.670029857157157E+009,4.816092521563473E-002,
1.675014722402402E+009,4.751054202633304E-002,
1.679999587647648E+009,4.674522404575258E-002,
1.684984452892893E+009,4.554657279938692E-002,
1.689969318138138E+009,4.474625022439523E-002,
1.694954183383384E+009,4.381156425036954E-002,
1.699939048628629E+009,4.255737219764684E-002,
1.704923913873874E+009,4.137969869220311E-002,
1.709908779119119E+009,3.979034039140049E-002,
1.714893644364364E+009,3.777599066594937E-002,
1.719878509609610E+009,3.622987673109836E-002,
1.724863374854855E+009,3.513251250568188E-002,
1.729848240100100E+009,3.377754207249780E-002,
1.734833105345345E+009,3.234717591356859E-002,
1.739817970590591E+009,3.116536822506808E-002,
1.744802835835836E+009,3.126767017554776E-002,
1.749787701081081E+009,3.259113923520587E-002,
1.754772566326326E+009,3.356762390106935E-002,
1.759757431571572E+009,3.414084746469802E-002,
1.764742296816817E+009,3.553441835313053E-002,
1.769727162062062E+009,3.595502089107918E-002,
1.774712027307307E+009,3.599470627169101E-002,
1.779696892552553E+009,3.585943568898214E-002,
1.784681757797798E+009,3.526532920546310E-002,
1.789666623043043E+009,3.473685871941178E-002,
1.794651488288288E+009,3.423034976886214E-002,
1.799636353533534E+009,3.338978986880641E-002,
1.804621218778779E+009,3.284814792740348E-002,
1.809606084024024E+009,3.204373438313642E-002,
1.814590949269269E+009,3.120057221455087E-002,
1.819575814514514E+009,2.942476197640562E-002,
1.824560679759760E+009,2.747634843260928E-002,
1.829545545005005E+009,2.495501579005733E-002,
1.834530410250250E+009,2.240979176049260E-002,
1.839515275495496E+009,2.038325360619432E-002,
1.844500140740741E+009,1.931273272436285E-002,
1.849485005985986E+009,1.830933720151314E-002,
1.854469871231231E+009,1.719822033506171E-002,
1.859454736476476E+009,1.604615311497217E-002,
1.864439601721722E+009,1.403167561354585E-002,
1.869424466966967E+009,1.279632701009443E-002,
1.874409332212212E+009,1.106935379811688E-002,
1.879394197457458E+009,9.843488993808899E-003,
1.884379062702703E+009,8.474412736147369E-003,
1.889363927947948E+009,6.983684658740819E-003,
1.894348793193193E+009,5.978855201655820E-003,
1.899333658438438E+009,4.951385002619821E-003,
1.904318523683684E+009,4.490312732572740E-003,
1.909303388928929E+009,3.947021556663512E-003,
1.914288254174174E+009,3.321593265454326E-003,
1.919273119419420E+009,2.708647212246526E-003,
1.924257984664665E+009,2.211327239251119E-003,
1.929242849909910E+009,2.255231917134153E-003,
1.934227715155155E+009,2.934134811524524E-003,
1.939212580400400E+009,3.466235727451237E-003,
1.944197445645646E+009,3.565883204578842E-003,
1.949182310890891E+009,3.181962077503388E-003,
1.954167176136136E+009,2.841192405637637E-003,
1.959152041381382E+009,2.786988039821794E-003,
1.964136906626627E+009,3.712796985115473E-003,
1.969121771871872E+009,4.639220173234656E-003,
1.974106637117117E+009,5.607950628813948E-003,
1.979091502362362E+009,6.938080687342281E-003,
1.984076367607608E+009,8.683154857852673E-003,
1.989061232852853E+009,1.027529932775679E-002,
1.994046098098098E+009,1.227899778764636E-002,
1.999030963343343E+009,1.371511461191756E-002,
2.004015828588589E+009,1.544554935866083E-002,
2.009000693833834E+009,1.638927187666805E-002,
2.013985559079079E+009,1.827894605047720E-002,
2.018970424324324E+009,1.975160562683943E-002,
2.023955289569570E+009,2.191954463316624E-002,
2.028940154814815E+009,2.360142024018397E-002,
2.033925020060060E+009,2.564657392812225E-002,
2.038909885305305E+009,2.724143352473842E-002,
2.043894750550551E+009,2.815752338708512E-002,
2.048879615795796E+009,2.914429202623262E-002,
2.053864481041041E+009,2.968246133634618E-002,
2.058849346286286E+009,3.025110436847493E-002,
2.063834211531532E+009,3.081151084638335E-002,
2.068819076776777E+009,3.115094662261203E-002,
2.073803942022022E+009,3.222625272811673E-002,
2.078788807267267E+009,3.263878245176269E-002,
2.083773672512512E+009,3.262345580912909E-002,
2.088758537757758E+009,3.330784766752747E-002,
2.093743403003003E+009,3.357259138161978E-002,
2.098728268248248E+009,3.392234596561298E-002,
2.103713133493494E+009,3.436696860062693E-002,
2.108697998738739E+009,3.377393468944757E-002,
2.113682863983984E+009,3.346394049969842E-002,
2.118667729229229E+009,3.217291007597152E-002,
2.123652594474474E+009,3.113555979522194E-002,
2.128637459719720E+009,2.981024027032509E-002,
2.133622324964965E+009,2.896828618530832E-002,
2.138607190210210E+009,2.826246030960503E-002,
2.143592055455456E+009,2.735815801440517E-002,
2.148576920700701E+009,2.638165232901964E-002,
2.153561785945946E+009,2.528122561289831E-002,
2.158546651191191E+009,2.351419012973483E-002,
2.163531516436437E+009,2.171742558126728E-002,
2.168516381681682E+009,2.124571618043409E-002,
2.173501246926927E+009,2.026293070851291E-002,
2.178486112172172E+009,1.990372409812451E-002,
2.183470977417418E+009,1.971542418131992E-002,
2.188455842662663E+009,1.976427112418966E-002,
2.193440707907908E+009,2.013197621771444E-002,
2.198425573153153E+009,2.068177149247024E-002,
2.203410438398398E+009,2.189843699863635E-002,
2.208395303643644E+009,2.262595451012277E-002,
2.213380168888889E+009,2.334182758212823E-002,
2.218365034134134E+009,2.434375132560715E-002,
2.223349899379379E+009,2.413630230408808E-002,
2.228334764624625E+009,2.475249838835224E-002,
2.233319629869870E+009,2.487546087656650E-002,
2.238304495115115E+009,2.544603667678879E-002,
2.243289360360360E+009,2.580664023524509E-002,
2.248274225605606E+009,2.578234295329163E-002,
2.253259090850851E+009,2.601140017411628E-002,
2.258243956096096E+009,2.538200735088525E-002,
2.263228821341342E+009,2.545666208100459E-002,
2.268213686586587E+009,2.499028715279154E-002,
2.273198551831832E+009,2.474547330125577E-002,
2.278183417077077E+009,2.418685731478198E-002,
2.283168282322322E+009,2.355752179069074E-002,
2.288153147567567E+009,2.312100042030143E-002,
2.293138012812813E+009,2.270029896204708E-002,
2.298122878058058E+009,2.213921918517483E-002,
2.303107743303303E+009,2.182938280770762E-002,
2.308092608548549E+009,2.131322222453291E-002,
2.313077473793794E+009,2.089876391660053E-002,
2.318062339039039E+009,2.083827652949203E-002,
2.323047204284284E+009,2.202981978816654E-002,
2.328032069529530E+009,2.294703217220663E-002,
2.333016934774775E+009,2.356647957809576E-002,
2.338001800020020E+009,2.397438322828688E-002,
2.342986665265266E+009,2.449518486851810E-002,
2.347971530510510E+009,2.500303021879605E-002,
2.352956395755756E+009,2.518658361030287E-002,
2.357941261001001E+009,2.522339840751900E-002,
2.362926126246246E+009,2.558688590886272E-002,
2.367910991491491E+009,2.489229156002628E-002,
2.372895856736737E+009,2.502568021145045E-002,
2.377880721981982E+009,2.456003180021899E-002,
2.382865587227227E+009,2.421536914997588E-002,
2.387850452472473E+009,2.337232875568024E-002,
2.392835317717718E+009,2.145297070348869E-002,
2.397820182962963E+009,1.948858252729476E-002,
2.402805048208208E+009,1.837750130314403E-002,
2.407789913453454E+009,1.759744376472396E-002,
2.412774778698699E+009,1.648820346545074E-002,
2.417759643943944E+009,1.534013021305426E-002,
2.422744509189189E+009,1.375665912162832E-002,
2.427729374434434E+009,1.193518550270384E-002,
2.432714239679680E+009,1.020400191150191E-002,
2.437699104924925E+009,8.616052749513659E-003,
2.442683970170170E+009,7.744366807989245E-003,
2.447668835415415E+009,6.746993792719206E-003,
2.452653700660661E+009,5.690472124851240E-003,
2.457638565905906E+009,4.685277324882495E-003,
2.462623431151151E+009,3.573138076563052E-003,
2.467608296396397E+009,3.147440190104571E-003,
2.472593161641642E+009,3.583168181450133E-003,
2.477578026886887E+009,4.103564280656872E-003,
2.482562892132132E+009,4.244972644130574E-003,
2.487547757377378E+009,4.370721044189754E-003,
2.492532622622623E+009,4.766097971334002E-003,
2.497517487867868E+009,5.296452006817286E-003,
2.502502353113113E+009,6.064530731308763E-003,
2.507487218358358E+009,7.014761002504551E-003,
2.512472083603604E+009,8.023691541520155E-003,
2.517456948848849E+009,9.162726130860541E-003,
2.522441814094094E+009,1.027751073159851E-002,
2.527426679339339E+009,1.086041323212941E-002,
2.532411544584585E+009,1.125515048256351E-002,
2.537396409829830E+009,1.151818177309379E-002,
2.542381275075075E+009,1.174521808797059E-002,
2.547366140320320E+009,1.150230359009824E-002,
2.552351005565566E+009,1.139510887451102E-002,
2.557335870810811E+009,1.140844651153707E-002,
2.562320736056056E+009,1.106735375868246E-002,
2.567305601301302E+009,1.063941977768295E-002,
2.572290466546547E+009,1.022195257150001E-002,
2.577275331791792E+009,9.905018236211403E-003,
2.582260197037037E+009,9.793486125879611E-003,
2.587245062282282E+009,1.003859250004142E-002,
2.592229927527527E+009,9.943056213588751E-003,
2.597214792772773E+009,9.981316445280934E-003,
2.602199658018018E+009,1.025357862354162E-002,
2.607184523263263E+009,1.087657138761570E-002,
2.612169388508509E+009,1.167841551134131E-002,
2.617154253753754E+009,1.235953490652438E-002,
2.622139118998999E+009,1.327111183743376E-002,
2.627123984244244E+009,1.439487020054243E-002,
2.632108849489490E+009,1.449515183789812E-002,
2.637093714734735E+009,1.550323883811242E-002,
2.642078579979980E+009,1.586939710801674E-002,
2.647063445225225E+009,1.679390059819718E-002,
2.652048310470470E+009,1.754419337787043E-002,
2.657033175715716E+009,1.775317632267543E-002,
2.662018040960961E+009,1.854161951641648E-002,
2.667002906206206E+009,1.892844303877324E-002,
2.671987771451451E+009,1.897519494582016E-002,
2.676972636696697E+009,1.880852548236959E-002,
2.681957501941942E+009,1.923397599100673E-002,
2.686942367187187E+009,1.839251054973243E-002,
2.691927232432433E+009,1.837264007348301E-002,
2.696912097677678E+009,1.828622292641310E-002,
2.701896962922923E+009,1.733289726032346E-002,
2.706881828168168E+009,1.662102742271896E-002,
2.711866693413414E+009,1.626024509622884E-002,
2.716851558658659E+009,1.603701848170145E-002,
2.721836423903904E+009,1.546891471385304E-002,
2.726821289149149E+009,1.477054271465695E-002,
2.731806154394394E+009,1.384674667738791E-002,
2.736791019639640E+009,1.341348845424258E-002,
2.741775884884885E+009,1.415574083372698E-002,
2.746760750130130E+009,1.403399792869846E-002,
2.751745615375375E+009,1.410063959191674E-002,
2.756730480620621E+009,1.439821391296709E-002,
2.761715345865866E+009,1.437330091136592E-002,
2.766700211111111E+009,1.437712869868247E-002,
2.771685076356356E+009,1.489755252020437E-002,
2.776669941601602E+009,1.422324724525179E-002,
2.781654806846847E+009,1.432109801101920E-002,
2.786639672092092E+009,1.492063763918318E-002,
2.791624537337338E+009,1.471388201064882E-002,
2.796609402582583E+009,1.486732805307945E-002,
2.801594267827828E+009,1.496692224120555E-002,
2.806579133073073E+009,1.526534844572538E-002,
2.811563998318318E+009,1.573709468515628E-002,
2.816548863563564E+009,1.588597288435902E-002,
2.821533728808809E+009,1.629059361968371E-002,
2.826518594054054E+009,1.695405271305391E-002,
2.831503459299299E+009,1.735693796967225E-002,
2.836488324544545E+009,1.770325961829338E-002,
2.841473189789790E+009,1.867222140285834E-002,
2.846458055035035E+009,1.940511763297229E-002,
2.851442920280280E+009,2.072614807027244E-002,
2.856427785525526E+009,2.091019385042303E-002,
2.861412650770771E+009,2.181972301429149E-002,
2.866397516016016E+009,2.235598670762653E-002,
2.871382381261262E+009,2.251122994418344E-002,
2.876367246506506E+009,2.288873384717463E-002,
2.881352111751752E+009,2.251049227204628E-002,
2.886336976996997E+009,2.204026015173955E-002,
2.891321842242242E+009,2.186311746683149E-002,
2.896306707487487E+009,2.117108729792988E-002,
2.901291572732733E+009,2.095637298166785E-002,
2.906276437977978E+009,2.031783099713417E-002,
2.911261303223223E+009,1.975382067870172E-002,
2.916246168468469E+009,1.884341512723872E-002,
2.921231033713714E+009,1.878179223817972E-002,
2.926215898958959E+009,1.798716270981543E-002,
2.931200764204204E+009,1.754882401165351E-002,
2.936185629449450E+009,1.775589312473377E-002,
2.941170494694695E+009,1.771534600434224E-002,
2.946155359939940E+009,1.786535547488651E-002,
2.951140225185185E+009,1.755390777352890E-002,
2.956125090430430E+009,1.778778783305821E-002,
2.961109955675676E+009,1.802401766017510E-002,
2.966094820920921E+009,1.847172125780002E-002,
2.971079686166166E+009,1.877586848321212E-002,
2.976064551411411E+009,1.929904323259250E-002,
2.981049416656657E+009,1.922820194025148E-002,
2.986034281901902E+009,1.934686986003870E-002,
2.991019147147147E+009,1.972351692645009E-002,
2.996004012392393E+009,1.960349901570480E-002,
3.000988877637638E+009,1.982500923640276E-002,
3.005973742882883E+009,1.973600197231237E-002,
3.010958608128128E+009,1.959052227875171E-002,
3.015943473373374E+009,1.914668184401024E-002,
3.020928338618619E+009,1.938370545280270E-002,
3.025913203863864E+009,1.983882220161753E-002,
3.030898069109109E+009,2.007558299277045E-002,
3.035882934354354E+009,2.041584704079746E-002,
3.040867799599600E+009,2.142424538958719E-002,
3.045852664844845E+009,2.187030050551414E-002,
3.050837530090090E+009,2.223909036176056E-002,
3.055822395335335E+009,2.278511835535095E-002,
3.060807260580581E+009,2.299241519312386E-002,
3.065792125825826E+009,2.343817193132721E-002,
3.070776991071071E+009,2.414442311760945E-002,
3.075761856316316E+009,2.373495202919727E-002,
3.080746721561562E+009,2.380543073673455E-002,
3.085731586806807E+009,2.298618646171639E-002,
3.090716452052052E+009,2.194703346546882E-002,
3.095701317297298E+009,2.117386504093500E-002,
3.100686182542543E+009,2.042250490983538E-002,
3.105671047787788E+009,1.969970368959480E-002,
3.110655913033033E+009,1.914925574654037E-002,
3.115640778278278E+009,1.869647270787266E-002,
3.120625643523523E+009,1.855063385886625E-002,
3.125610508768769E+009,1.766645944057570E-002,
3.130595374014014E+009,1.754693017897274E-002,
3.135580239259259E+009,1.728506281216753E-002,
3.140565104504505E+009,1.769539711014987E-002,
3.145549969749750E+009,1.709121107138770E-002,
3.150534834994995E+009,1.825135925856897E-002,
3.155519700240240E+009,1.915565197747552E-002,
3.160504565485486E+009,1.906735835216127E-002,
3.165489430730731E+009,1.951150906958083E-002,
3.170474295975976E+009,1.861157104502483E-002,
3.175459161221221E+009,1.931436311164455E-002,
3.180444026466466E+009,1.902611616336949E-002,
3.185428891711712E+009,1.938746697520240E-002,
3.190413756956957E+009,1.914957460532361E-002,
3.195398622202202E+009,1.970987670973773E-002,
3.200383487447447E+009,1.974707176423782E-002,
3.205368352692693E+009,1.933958915131243E-002,
3.210353217937938E+009,1.938192589317737E-002,
3.215338083183183E+009,1.940751251382709E-002,
3.220322948428429E+009,2.037238450017228E-002,
3.225307813673674E+009,2.039498292752891E-002,
3.230292678918919E+009,2.099376524099416E-002,
3.235277544164164E+009,2.217520624280816E-002,
3.240262409409410E+009,2.195725907508342E-002,
3.245247274654655E+009,2.289407665189073E-002,
3.250232139899900E+009,2.305616875866464E-002,
3.255217005145145E+009,2.377401882367022E-002,
3.260201870390390E+009,2.348175063161398E-002,
3.265186735635636E+009,2.421292456083417E-002,
3.270171600880881E+009,2.408333258265151E-002,
3.275156466126126E+009,2.417275017852671E-002,
3.280141331371371E+009,2.336823359335460E-002,
3.285126196616617E+009,2.392956688201080E-002,
3.290111061861862E+009,2.402097703589369E-002,
3.295095927107107E+009,2.356754875363827E-002,
3.300080792352352E+009,2.244289541466529E-002,
3.305065657597598E+009,2.235422261523306E-002,
3.310050522842843E+009,2.116276381753334E-002,
3.315035388088088E+009,2.060014764567896E-002,
3.320020253333334E+009,2.015347371242433E-002,
3.325005118578579E+009,1.942484599313724E-002,
3.329989983823824E+009,1.886912412066494E-002,
3.334974849069069E+009,1.799713324576159E-002,
3.339959714314314E+009,1.714014399461656E-002,
3.344944579559560E+009,1.686307689150418E-002,
3.349929444804805E+009,1.645948065887196E-002,
3.354914310050050E+009,1.576293389248251E-002,
3.359899175295295E+009,1.483646441311388E-002,
3.364884040540541E+009,1.416815852230286E-002,
3.369868905785786E+009,1.373986087139111E-002,
3.374853771031031E+009,1.329679207289441E-002,
3.379838636276276E+009,1.294044571331153E-002,
3.384823501521522E+009,1.258091058671500E-002,
3.389808366766767E+009,1.235312973448300E-002,
3.394793232012012E+009,1.229306643004890E-002,
3.399778097257258E+009,1.218605057778577E-002,
3.404762962502502E+009,1.224959726172831E-002,
3.409747827747748E+009,1.242984906263584E-002,
3.414732692992993E+009,1.268512124459464E-002,
3.419717558238238E+009,1.279670481865419E-002,
3.424702423483483E+009,1.297774868171516E-002,
3.429687288728729E+009,1.316909247008458E-002,
3.434672153973974E+009,1.346978187427980E-002,
3.439657019219219E+009,1.377634331515275E-002,
3.444641884464465E+009,1.411193068035668E-002,
3.449626749709710E+009,1.442002729840671E-002,
3.454611614954955E+009,1.474083216781328E-002,
3.459596480200200E+009,1.505140432108755E-002,
3.464581345445446E+009,1.528314502877817E-002,
3.469566210690691E+009,1.547668260093135E-002,
3.474551075935936E+009,1.566764992689781E-002,
3.479535941181181E+009,1.592545756844310E-002,
3.484520806426426E+009,1.636379810263354E-002,
3.489505671671672E+009,1.658092028601294E-002,
3.494490536916917E+009,1.694519871378928E-002,
3.499475402162162E+009,1.697432878866616E-002,
3.504460267407407E+009,1.685594431177009E-002,
3.509445132652653E+009,1.652107070612702E-002,
3.514429997897898E+009,1.616354984824044E-002,
3.519414863143143E+009,1.558278124353578E-002,
3.524399728388389E+009,1.508801905474356E-002,
3.529384593633634E+009,1.445557061134461E-002,
3.534369458878879E+009,1.397547853426884E-002,
3.539354324124124E+009,1.341290725814997E-002,
3.544339189369370E+009,1.284818255030227E-002,
3.549324054614615E+009,1.225071946863104E-002,
3.554308919859860E+009,1.168362060607584E-002,
3.559293785105105E+009,1.114218073048926E-002,
3.564278650350350E+009,1.056962162131128E-002,
3.569263515595596E+009,9.961251232939774E-003,
3.574248380840841E+009,9.682972857535612E-003,
3.579233246086086E+009,9.545770027160089E-003,
3.584218111331331E+009,9.578903192917371E-003,
3.589202976576577E+009,9.562384874989094E-003,
3.594187841821822E+009,9.378295923144252E-003,
3.599172707067067E+009,9.189763794530787E-003,
3.604157572312312E+009,8.759719038664671E-003,
3.609142437557558E+009,8.398718428177916E-003,
3.614127302802803E+009,8.086351483548559E-003,
3.619112168048048E+009,7.801216828243760E-003,
3.624097033293294E+009,7.462936965502457E-003,
3.629081898538539E+009,7.100985605259835E-003,
3.634066763783784E+009,6.631317228096256E-003,
3.639051629029029E+009,6.402602010225287E-003,
3.644036494274274E+009,6.329445190733142E-003,
3.649021359519519E+009,6.246072361892514E-003,
3.654006224764765E+009,6.115526742197916E-003,
3.658991090010010E+009,6.164779888865192E-003,
3.663975955255255E+009,6.056118378720506E-003,
3.668960820500501E+009,6.195383518554416E-003,
3.673945685745746E+009,6.334985777357860E-003,
3.678930550990991E+009,6.622187185036842E-003,
3.683915416236236E+009,6.719871507354107E-003,
3.688900281481482E+009,6.819467144666080E-003,
3.693885146726727E+009,6.848497446403254E-003,
3.698870011971972E+009,6.908029623002979E-003,
3.703854877217217E+009,7.049666540426798E-003,
3.708839742462462E+009,6.908597463169417E-003,
3.713824607707708E+009,6.814565238397536E-003,
3.718809472952953E+009,6.720649125434240E-003,
3.723794338198198E+009,6.893076439059836E-003,
3.728779203443443E+009,6.893162908003837E-003,
3.733764068688689E+009,6.798521437216069E-003,
3.738748933933934E+009,6.739147024983389E-003,
3.743733799179179E+009,6.776370821638401E-003,
3.748718664424425E+009,6.846522159756838E-003,
3.753703529669670E+009,6.929221034127857E-003,
3.758688394914915E+009,6.727086156959741E-003,
3.763673260160160E+009,6.570713046007002E-003,
3.768658125405406E+009,6.276323141930839E-003,
3.773642990650651E+009,6.142260424145004E-003,
3.778627855895896E+009,6.007312351326634E-003,
3.783612721141141E+009,5.913410908928136E-003,
3.788597586386386E+009,5.991529717108431E-003,
3.793582451631632E+009,5.968788567230788E-003,
3.798567316876877E+009,5.949143883004973E-003,
3.803552182122122E+009,5.786218818704033E-003,
3.808537047367367E+009,5.424503280781014E-003,
3.813521912612613E+009,5.220313836636090E-003,
3.818506777857858E+009,4.930285913123059E-003,
3.823491643103103E+009,4.641898504491542E-003,
3.828476508348349E+009,4.334253069324945E-003,
3.833461373593594E+009,4.171973990880445E-003,
3.838446238838839E+009,4.097622742446819E-003,
3.843431104084084E+009,4.026175586808674E-003,
3.848415969329330E+009,4.195327231843053E-003,
3.853400834574575E+009,4.204466062804451E-003,
3.858385699819820E+009,4.080568296501302E-003,
3.863370565065065E+009,4.014749597722213E-003,
3.868355430310310E+009,3.911091081575808E-003,
3.873340295555556E+009,3.893437540289831E-003,
3.878325160800801E+009,3.916574385595474E-003,
3.883310026046046E+009,3.977916600603892E-003,
3.888294891291291E+009,3.995215826220473E-003,
3.893279756536537E+009,4.022658444832669E-003,
3.898264621781782E+009,4.141291145049163E-003,
3.903249487027027E+009,4.263035964659710E-003,
3.908234352272272E+009,4.460902801975059E-003,
3.913219217517518E+009,4.606937687730712E-003,
3.918204082762763E+009,4.764179843600667E-003,
3.923188948008008E+009,4.800829002135207E-003,
3.928173813253254E+009,4.751983516932316E-003,
3.933158678498498E+009,4.654236783178150E-003,
3.938143543743744E+009,4.727713225604966E-003,
3.943128408988989E+009,4.807750971651416E-003,
3.948113274234234E+009,4.966870090478420E-003,
3.953098139479479E+009,5.072636391081820E-003,
3.958083004724725E+009,5.301968097510304E-003,
3.963067869969970E+009,5.666942687466571E-003,
3.968052735215215E+009,5.932644742041957E-003,
3.973037600460461E+009,6.316809271205590E-003,
3.978022465705706E+009,6.621619308136033E-003,
3.983007330950951E+009,6.789825916952872E-003,
3.987992196196196E+009,6.843308472455923E-003,
3.992977061441442E+009,6.874535262072276E-003,
3.997961926686687E+009,6.783430904222839E-003,
4.002946791931932E+009,6.862828826027522E-003,
4.007931657177177E+009,6.923944481154666E-003,
4.012916522422422E+009,6.951688827139966E-003,
4.017901387667668E+009,6.922971510981394E-003,
4.022886252912913E+009,6.916216616308733E-003,
4.027871118158158E+009,6.900613127070788E-003,
4.032855983403403E+009,6.951124909226741E-003,
4.037840848648649E+009,7.092326634883096E-003,
4.042825713893894E+009,7.130645860703192E-003,
4.047810579139139E+009,7.243843955314367E-003,
4.052795444384385E+009,7.315113610728321E-003,
4.057780309629630E+009,7.269413667637944E-003,
4.062765174874875E+009,7.231284351665093E-003,
4.067750040120120E+009,7.159357560419640E-003,
4.072734905365366E+009,7.082151332136576E-003,
4.077719770610611E+009,7.158537409360314E-003,
4.082704635855856E+009,7.192888235689332E-003,
4.087689501101101E+009,7.101204628618800E-003,
4.092674366346346E+009,6.987419475488229E-003,
4.097659231591592E+009,6.684580880708650E-003,
4.102644096836837E+009,6.336255716383403E-003,
4.107628962082082E+009,5.939211102674668E-003,
4.112613827327327E+009,5.571932824521914E-003,
4.117598692572573E+009,5.291329748272922E-003,
4.122583557817818E+009,5.207738259131541E-003,
4.127568423063063E+009,5.071686764026443E-003,
4.132553288308308E+009,5.076522310682307E-003,
4.137538153553554E+009,5.070328002624308E-003,
4.142523018798799E+009,5.014005481993656E-003,
4.147507884044044E+009,5.003358917895842E-003,
4.152492749289290E+009,5.061786848008105E-003,
4.157477614534535E+009,4.985093815593634E-003,
4.162462479779780E+009,5.075353899233564E-003,
4.167447345025025E+009,5.245210340015764E-003,
4.172432210270270E+009,5.331109455420657E-003,
4.177417075515515E+009,5.481149507115720E-003,
4.182401940760761E+009,5.560007890728996E-003,
4.187386806006006E+009,5.651630524723342E-003,
4.192371671251251E+009,5.590829476095334E-003,
4.197356536496497E+009,5.538747984660886E-003,
4.202341401741742E+009,5.369404247710540E-003,
4.207326266986987E+009,5.015217737033917E-003,
4.212311132232232E+009,4.718057932515497E-003,
4.217295997477478E+009,4.489092111360994E-003,
4.222280862722723E+009,4.250833509601311E-003,
4.227265727967968E+009,4.034692742132480E-003,
4.232250593213213E+009,3.977886274374455E-003,
4.237235458458458E+009,4.051641495282113E-003,
4.242220323703704E+009,4.124731758178473E-003,
4.247205188948949E+009,4.355767224432925E-003,
4.252190054194194E+009,4.500682411061792E-003,
4.257174919439439E+009,4.567847872760808E-003,
4.262159784684685E+009,4.311220537420353E-003,
4.267144649929930E+009,4.105955586509381E-003,
4.272129515175175E+009,3.782975927277036E-003,
4.277114380420421E+009,3.388985531885285E-003,
4.282099245665666E+009,3.119556184956792E-003,
4.287084110910911E+009,3.072825430914219E-003,
4.292068976156156E+009,2.928108477250484E-003,
4.297053841401402E+009,2.719856433097622E-003,
4.302038706646647E+009,2.491456969309020E-003,
4.307023571891892E+009,2.290889443059480E-003,
4.312008437137137E+009,2.218070785261847E-003,
4.316993302382382E+009,2.327310517594047E-003,
4.321978167627627E+009,2.367268359333460E-003,
4.326963032872873E+009,2.410815754966018E-003,
4.331947898118118E+009,2.329095321382386E-003,
4.336932763363363E+009,2.220684131074646E-003,
4.341917628608608E+009,2.011684258028484E-003,
4.346902493853854E+009,1.881496795397342E-003,
4.351887359099099E+009,1.830828913241865E-003,
4.356872224344344E+009,1.669113799341559E-003,
4.361857089589590E+009,1.452048457313970E-003,
4.366841954834835E+009,1.199639260075500E-003,
4.371826820080080E+009,8.403774736556477E-004,
4.376811685325325E+009,7.749112046840406E-004,
4.381796550570571E+009,9.397580482707374E-004,
4.386781415815816E+009,1.122323233297303E-003,
4.391766281061061E+009,1.240215498177001E-003,
4.396751146306306E+009,1.533512613844593E-003,
4.401736011551552E+009,1.630405970552600E-003,
4.406720876796797E+009,1.746765002937520E-003,
4.411705742042042E+009,1.751550396845890E-003,
4.416690607287288E+009,1.623099144727189E-003,
4.421675472532533E+009,1.355347869930610E-003,
4.426660337777778E+009,1.069191764076784E-003,
4.431645203023023E+009,7.970665213575260E-004,
4.436630068268269E+009,5.880673196418651E-004,
4.441614933513514E+009,3.809090380283743E-004,
4.446599798758759E+009,2.810242593293347E-004,
4.451584664004005E+009,2.643058593474550E-004,
4.456569529249250E+009,5.701996112471428E-004,
4.461554394494494E+009,8.966468370493161E-004,
4.466539259739739E+009,1.060151859640562E-003,
4.471524124984985E+009,1.301703547822298E-003,
4.476508990230230E+009,1.549447371424989E-003,
4.481493855475475E+009,1.799053085609808E-003,
4.486478720720720E+009,1.924759399933012E-003,
4.491463585965966E+009,2.061284282905172E-003,
4.496448451211211E+009,2.208483109771511E-003,
4.501433316456456E+009,2.343605973617206E-003,
4.506418181701702E+009,2.519405781132615E-003,
4.511403046946947E+009,2.707084609471696E-003,
4.516387912192192E+009,3.009353866957477E-003,
4.521372777437437E+009,3.281396865938189E-003,
4.526357642682683E+009,3.585784206318411E-003,
4.531342507927928E+009,3.805909552812029E-003,
4.536327373173173E+009,3.921755043883931E-003,
4.541312238418419E+009,3.882648825765874E-003,
4.546297103663664E+009,3.777953425790347E-003,
4.551281968908909E+009,3.863881931630809E-003,
4.556266834154154E+009,3.690168146684634E-003,
4.561251699399400E+009,3.684494851046677E-003,
4.566236564644645E+009,3.698230088135502E-003,
4.571221429889890E+009,3.712999647524426E-003,
4.576206295135135E+009,3.926712152219375E-003,
4.581191160380381E+009,4.153622959884398E-003,
4.586176025625626E+009,4.189364969820169E-003,
4.591160890870871E+009,4.509685330796387E-003,
4.596145756116117E+009,4.392801654977404E-003,
4.601130621361362E+009,4.295375979409034E-003,
4.606115486606607E+009,4.293225441662137E-003,
4.611100351851852E+009,4.324582952117879E-003,
4.616085217097097E+009,4.457727835059972E-003,
4.621070082342342E+009,4.702943160123371E-003,
4.626054947587587E+009,4.861294139580543E-003,
4.631039812832833E+009,5.032619509280910E-003,
4.636024678078078E+009,5.040070755585797E-003,
4.641009543323323E+009,4.861810352785814E-003,
4.645994408568568E+009,4.711694224993255E-003,
4.650979273813814E+009,4.462764238494326E-003,
4.655964139059059E+009,4.143826445475057E-003,
4.660949004304304E+009,4.083336742611193E-003,
4.665933869549550E+009,4.127855529085702E-003,
4.670918734794795E+009,4.240154297711644E-003,
4.675903600040040E+009,4.488969827767385E-003,
4.680888465285285E+009,4.667576413324095E-003,
4.685873330530531E+009,4.924376281047693E-003,
4.690858195775776E+009,5.313677437170692E-003,
4.695843061021021E+009,5.812027758048465E-003,
4.700827926266266E+009,6.209186036116591E-003,
4.705812791511512E+009,6.536429352607960E-003,
4.710797656756757E+009,6.707980392088369E-003,
4.715782522002002E+009,6.727040803058985E-003,
4.720767387247248E+009,6.700834586496730E-003,
4.725752252492493E+009,6.633415189051851E-003,
4.730737117737738E+009,6.478495750167132E-003,
4.735721982982983E+009,6.336704485803679E-003,
4.740706848228229E+009,6.074510364926289E-003,
4.745691713473474E+009,5.907477392990020E-003,
4.750676578718719E+009,5.724633127569758E-003,
4.755661443963965E+009,5.581013874847199E-003,
4.760646309209209E+009,5.355256189985347E-003,
4.765631174454454E+009,5.269252116002135E-003,
4.770616039699699E+009,5.340328154389406E-003,
4.775600904944945E+009,5.420257017160314E-003,
4.780585770190190E+009,5.504410400206023E-003,
4.785570635435435E+009,5.616819525050618E-003,
4.790555500680680E+009,5.921170009586053E-003,
4.795540365925926E+009,6.089409785344634E-003,
4.800525231171171E+009,6.306183342492305E-003,
4.805510096416416E+009,6.451453242564323E-003,
4.810494961661662E+009,6.481230562608583E-003,
4.815479826906907E+009,6.532472910702947E-003,
4.820464692152152E+009,6.483816988192081E-003,
4.825449557397397E+009,6.379811104760077E-003,
4.830434422642643E+009,6.243831446308430E-003,
4.835419287887888E+009,5.941975256677054E-003,
4.840404153133133E+009,5.731425369528045E-003,
4.845389018378379E+009,5.456667279529905E-003,
4.850373883623624E+009,5.407658585621491E-003,
4.855358748868869E+009,5.301726540750285E-003,
4.860343614114114E+009,5.301818110622161E-003,
4.865328479359360E+009,5.447529821159348E-003,
4.870313344604605E+009,5.399008829743434E-003,
4.875298209849850E+009,5.486116580736136E-003,
4.880283075095095E+009,5.745320993009510E-003,
4.885267940340341E+009,5.897224291269061E-003,
4.890252805585586E+009,6.228298998872818E-003,
4.895237670830831E+009,6.465821597382304E-003,
4.900222536076077E+009,6.896926528433637E-003,
4.905207401321322E+009,7.303397138544731E-003,
4.910192266566567E+009,7.646090805796423E-003,
4.915177131811811E+009,7.733782460036075E-003,
4.920161997057057E+009,7.941660263556277E-003,
4.925146862302302E+009,7.989528373728938E-003,
4.930131727547547E+009,8.120106593738543E-003,
4.935116592792793E+009,8.103662681304526E-003,
4.940101458038038E+009,8.111602096820575E-003,
4.945086323283283E+009,8.023674440958913E-003,
4.950071188528528E+009,7.994300995180439E-003,
4.955056053773774E+009,7.878739207654003E-003,
4.960040919019019E+009,7.839822322943122E-003,
4.965025784264264E+009,7.791458278901061E-003,
4.970010649509509E+009,7.847979470202304E-003,
4.974995514754755E+009,7.834187383652318E-003,
4.979980380000000E+009,7.874495304162307E-003,
