% Version 1.00
%
% Ref Impedances: Z01: 50, Z02: 50
% 
%freq[Hz];Trc1_S21[U];
1.000000000000000E+005,1.679236343616562E-005,
5.084865245245245E+006,8.389616358091044E-005,
1.006973049049049E+007,9.601092884497188E-004,
1.505459573573574E+007,1.777662081074249E-003,
2.003946098098098E+007,2.380048435265673E-003,
2.502432622622623E+007,3.352168655631508E-003,
3.000919147147147E+007,4.681491688555004E-003,
3.499405671671671E+007,8.214484479577469E-003,
3.997892196196196E+007,1.589683156113085E-002,
4.496378720720721E+007,6.519883652353739E-002,
4.994865245245245E+007,4.314350113727052E-002,
5.493351769769770E+007,2.316009569704734E-002,
5.991838294294295E+007,1.833773003930932E-002,
6.490324818818819E+007,1.268730680264536E-002,
6.988811343343343E+007,1.070120889925074E-002,
7.487297867867868E+007,9.776052595869281E-003,
7.985784392392393E+007,9.219508844678880E-003,
8.484270916916917E+007,9.856800116628624E-003,
8.982757441441442E+007,1.076592599092197E-002,
9.481243965965965E+007,1.216997677035535E-002,
9.979730490490490E+007,1.368476891963986E-002,
1.047821701501502E+008,1.592893055235430E-002,
1.097670353953954E+008,1.910353761672677E-002,
1.147519006406407E+008,2.243957916422924E-002,
1.197367658858859E+008,2.666774590184411E-002,
1.247216311311311E+008,3.241956011875780E-002,
1.297064963763764E+008,4.082784394790267E-002,
1.346913616216216E+008,5.533573018930466E-002,
1.396762268668669E+008,8.137048259371411E-002,
1.446610921121121E+008,1.354447902858569E-001,
1.496459573573574E+008,2.358872597416226E-001,
1.546308226026026E+008,1.893205109169883E-001,
1.596156878478479E+008,1.226185135307420E-001,
1.646005530930931E+008,9.755853734875641E-002,
1.695854183383384E+008,8.868350975854011E-002,
1.745702835835836E+008,8.226621733407916E-002,
1.795551488288288E+008,5.651292498575200E-002,
1.845400140740741E+008,3.078723639991290E-002,
1.895248793193193E+008,1.812621892715651E-002,
1.945097445645646E+008,1.369701019191380E-002,
1.994946098098098E+008,1.178823139009611E-002,
2.044794750550551E+008,9.840091406074201E-003,
2.094643403003003E+008,8.031122400683126E-003,
2.144492055455456E+008,6.786953486189124E-003,
2.194340707907908E+008,5.882447827300736E-003,
2.244189360360360E+008,5.166608490176027E-003,
2.294038012812813E+008,4.857259063440532E-003,
2.343886665265265E+008,5.494172816563213E-003,
2.393735317717718E+008,7.471402432663934E-003,
2.443583970170170E+008,1.099193346380652E-002,
2.493432622622623E+008,1.677220575128843E-002,
2.543281275075075E+008,2.713727609667969E-002,
2.593129927527528E+008,4.699147044775142E-002,
2.642978579979980E+008,8.844880004591034E-002,
2.692827232432432E+008,1.529031721767715E-001,
2.742675884884885E+008,1.268515464827954E-001,
2.792524537337337E+008,8.615041928130254E-002,
2.842373189789790E+008,6.269501417229668E-002,
2.892221842242242E+008,4.919408559800736E-002,
2.942070494694695E+008,4.072398233534604E-002,
2.991919147147147E+008,3.516143457716867E-002,
3.041767799599600E+008,2.977824521117328E-002,
3.091616452052052E+008,2.578056740120604E-002,
3.141465104504505E+008,2.182437294005027E-002,
3.191313756956957E+008,1.859298943419581E-002,
3.241162409409409E+008,1.528554056939749E-002,
3.291011061861862E+008,1.285962592785033E-002,
3.340859714314314E+008,1.041025629072072E-002,
3.390708366766767E+008,7.418527428311817E-003,
3.440557019219219E+008,5.344403489836008E-003,
3.490405671671672E+008,3.769903982810563E-003,
3.540254324124124E+008,2.464566471307906E-003,
3.590102976576577E+008,1.448716147267275E-003,
3.639951629029029E+008,7.137753039448777E-004,
3.689800281481482E+008,9.584578994129750E-004,
3.739648933933934E+008,1.719581680019727E-003,
3.789497586386386E+008,2.573746088311278E-003,
3.839346238838839E+008,3.116793844727212E-003,
3.889194891291291E+008,3.632784147423798E-003,
3.939043543743744E+008,4.196107686623362E-003,
3.988892196196196E+008,4.737928466310500E-003,
4.038740848648649E+008,5.991311460711261E-003,
4.088589501101101E+008,9.305086852201463E-003,
4.138438153553554E+008,1.278182285776112E-002,
4.188286806006006E+008,1.715567361910338E-002,
4.238135458458459E+008,2.006057883811252E-002,
4.287984110910911E+008,2.050350789187950E-002,
4.337832763363363E+008,2.059325978246885E-002,
4.387681415815816E+008,2.023898416509835E-002,
4.437530068268268E+008,2.063675481305122E-002,
4.487378720720721E+008,2.113044088755662E-002,
4.537227373173173E+008,2.196394220245114E-002,
4.587076025625626E+008,2.327195594179896E-002,
4.636924678078078E+008,2.393872374686552E-002,
4.686773330530531E+008,2.457329325670832E-002,
4.736621982982983E+008,2.540985577224540E-002,
4.786470635435436E+008,2.679503229861104E-002,
4.836319287887888E+008,2.815381734882515E-002,
4.886167940340340E+008,2.944078141673892E-002,
4.936016592792793E+008,3.074494222545280E-002,
4.985865245245245E+008,3.140663046126338E-002,
5.035713897697698E+008,3.130313059840134E-002,
5.085562550150150E+008,3.086887706290578E-002,
5.135411202602603E+008,3.012003850874271E-002,
5.185259855055055E+008,2.934066795223617E-002,
5.235108507507508E+008,2.956265355026250E-002,
5.284957159959960E+008,2.993667782806080E-002,
5.334805812412412E+008,3.141698887200671E-002,
5.384654464864864E+008,3.321855000236544E-002,
5.434503117317318E+008,3.585112222311055E-002,
5.484351769769770E+008,3.857053245395371E-002,
5.534200422222222E+008,4.198444170493097E-002,
5.584049074674674E+008,4.627352195001974E-002,
5.633897727127128E+008,4.981510953581401E-002,
5.683746379579580E+008,5.335323668776247E-002,
5.733595032032032E+008,5.643542257139187E-002,
5.783443684484484E+008,5.920132839518042E-002,
5.833292336936938E+008,6.204485428738988E-002,
5.883140989389390E+008,6.496906712834812E-002,
5.932989641841842E+008,6.774652895310654E-002,
5.982838294294294E+008,6.981218134007396E-002,
6.032686946746746E+008,7.138409755637935E-002,
6.082535599199200E+008,7.331163639496417E-002,
6.132384251651652E+008,7.550231621415735E-002,
6.182232904104104E+008,7.719594318300144E-002,
6.232081556556556E+008,7.801508546941403E-002,
6.281930209009010E+008,7.936314768038746E-002,
6.331778861461462E+008,8.133937175998063E-002,
6.381627513913914E+008,8.297711945007620E-002,
6.431476166366366E+008,8.411471381184635E-002,
6.481324818818818E+008,8.515864081597897E-002,
6.531173471271272E+008,8.521323781256521E-002,
6.581022123723724E+008,8.472981610215362E-002,
6.630870776176176E+008,8.525061462685891E-002,
6.680719428628628E+008,8.624839742195600E-002,
6.730568081081082E+008,8.704386744866320E-002,
6.780416733533534E+008,8.788688978818775E-002,
6.830265385985986E+008,8.876762735455582E-002,
6.880114038438438E+008,8.792013731433654E-002,
6.929962690890890E+008,8.631287851471761E-002,
6.979811343343344E+008,8.503510899101328E-002,
7.029659995795796E+008,8.313378731750620E-002,
7.079508648248248E+008,8.218075245893881E-002,
7.129357300700700E+008,8.571790786111960E-002,
7.179205953153154E+008,8.944351029136717E-002,
7.229054605605606E+008,9.134636657637406E-002,
7.278903258058058E+008,9.380880560356172E-002,
7.328751910510510E+008,9.765983693558471E-002,
7.378600562962964E+008,1.029384942464042E-001,
7.428449215415416E+008,1.089269687550059E-001,
7.478297867867868E+008,1.156075020690983E-001,
7.528146520320320E+008,1.207695507606767E-001,
7.577995172772772E+008,1.288515579218230E-001,
7.627843825225226E+008,1.371134416019305E-001,
7.677692477677678E+008,1.446160190424991E-001,
7.727541130130130E+008,1.518623002375212E-001,
7.777389782582582E+008,1.592674136429858E-001,
7.827238435035036E+008,1.652181099240125E-001,
7.877087087487488E+008,1.676699390448994E-001,
7.926935739939940E+008,1.694816159359822E-001,
7.976784392392392E+008,1.716549918879884E-001,
8.026633044844844E+008,1.742392446147024E-001,
8.076481697297298E+008,1.773812372662374E-001,
8.126330349749750E+008,1.788258825410854E-001,
8.176179002202202E+008,1.774422176999055E-001,
8.226027654654654E+008,1.766083779254342E-001,
8.275876307107108E+008,1.734339638287672E-001,
8.325724959559560E+008,1.719990870848552E-001,
8.375573612012012E+008,1.726009763146346E-001,
8.425422264464464E+008,1.710638613248378E-001,
8.475270916916918E+008,1.695485044378296E-001,
8.525119569369370E+008,1.651657580803188E-001,
8.574968221821822E+008,1.605825184486938E-001,
8.624816874274274E+008,1.557311571922949E-001,
8.674665526726726E+008,1.477482414646733E-001,
8.724514179179180E+008,1.409784263313963E-001,
8.774362831631632E+008,1.347904167256994E-001,
8.824211484084084E+008,1.267699593230212E-001,
8.874060136536536E+008,1.192250489123237E-001,
8.923908788988990E+008,1.120307244219163E-001,
8.973757441441442E+008,1.082922871536873E-001,
9.023606093893894E+008,1.079677023656585E-001,
9.073454746346346E+008,1.065847820967510E-001,
9.123303398798798E+008,1.060658302173231E-001,
9.173152051251252E+008,1.071401122680998E-001,
9.223000703703704E+008,1.087258666999293E-001,
9.272849356156156E+008,1.096512573029464E-001,
9.322698008608608E+008,1.113421797906608E-001,
9.372546661061062E+008,1.150598977967944E-001,
9.422395313513514E+008,1.177656477320617E-001,
9.472243965965966E+008,1.197091358711089E-001,
9.522092618418418E+008,1.228862263534088E-001,
9.571941270870872E+008,1.246689957831046E-001,
9.621789923323324E+008,1.290331751961877E-001,
9.671638575775776E+008,1.315845268728456E-001,
9.721487228228228E+008,1.335896564669530E-001,
9.771335880680680E+008,1.353799020429850E-001,
9.821184533133134E+008,1.361232570503980E-001,
9.871033185585586E+008,1.370227605837656E-001,
9.920881838038038E+008,1.388417759834447E-001,
9.970730490490490E+008,1.403737552196026E-001,
1.002057914294294E+009,1.428772898076331E-001,
1.007042779539540E+009,1.438558390087183E-001,
1.012027644784785E+009,1.437209683429343E-001,
1.017012510030030E+009,1.427469125297985E-001,
1.021997375275275E+009,1.413383039062520E-001,
1.026982240520521E+009,1.385355180850806E-001,
1.031967105765766E+009,1.342097918090490E-001,
1.036951971011011E+009,1.281045107523053E-001,
1.041936836256256E+009,1.230277632491734E-001,
1.046921701501502E+009,1.179268251621020E-001,
1.051906566746747E+009,1.142599942809572E-001,
1.056891431991992E+009,1.101361945614716E-001,
1.061876297237237E+009,1.052654461777545E-001,
1.066861162482482E+009,1.002735119500347E-001,
1.071846027727728E+009,9.649575584852112E-002,
1.076830892972973E+009,9.348852669161131E-002,
1.081815758218218E+009,9.053887627550437E-002,
1.086800623463464E+009,8.891749830556117E-002,
1.091785488708709E+009,8.897557132053470E-002,
1.096770353953954E+009,9.007654534165330E-002,
1.101755219199199E+009,9.188770461885137E-002,
1.106740084444444E+009,9.360770256599091E-002,
1.111724949689690E+009,9.575074751244753E-002,
1.116709814934935E+009,9.683657357748658E-002,
1.121694680180180E+009,9.757788559838748E-002,
1.126679545425426E+009,9.714297483280897E-002,
1.131664410670671E+009,9.623791355020862E-002,
1.136649275915916E+009,9.533627314891277E-002,
1.141634141161161E+009,9.358502745491178E-002,
1.146619006406406E+009,9.152764843509280E-002,
1.151603871651652E+009,9.046261390801438E-002,
1.156588736896897E+009,9.014055140008741E-002,
1.161573602142142E+009,9.001332272485876E-002,
1.166558467387388E+009,9.043743187190691E-002,
1.171543332632633E+009,9.171504777929435E-002,
1.176528197877878E+009,9.340864989135929E-002,
1.181513063123123E+009,9.408310270119943E-002,
1.186497928368368E+009,9.493350471497791E-002,
1.191482793613614E+009,9.595007637157896E-002,
1.196467658858859E+009,9.804303316169699E-002,
1.201452524104104E+009,1.013754549184577E-001,
1.206437389349349E+009,1.032015004626050E-001,
1.211422254594595E+009,1.041743900940191E-001,
1.216407119839840E+009,1.044457277292654E-001,
1.221391985085085E+009,1.028652880682700E-001,
1.226376850330330E+009,1.006909406357370E-001,
1.231361715575576E+009,9.777365505050920E-002,
1.236346580820821E+009,9.521616399623986E-002,
1.241331446066066E+009,9.168776257389519E-002,
1.246316311311311E+009,8.827723458472436E-002,
1.251301176556557E+009,8.450249214011568E-002,
1.256286041801802E+009,8.240871808602084E-002,
1.261270907047047E+009,8.117834786664170E-002,
1.266255772292292E+009,7.969508258519491E-002,
1.271240637537538E+009,7.809308475272321E-002,
1.276225502782783E+009,7.640542479127443E-002,
1.281210368028028E+009,7.571614570282548E-002,
1.286195233273273E+009,7.499411517913936E-002,
1.291180098518518E+009,7.516561459300468E-002,
1.296164963763764E+009,7.521137767285113E-002,
1.301149829009009E+009,7.555562106331620E-002,
1.306134694254254E+009,7.475464305514616E-002,
1.311119559499500E+009,7.433348367949343E-002,
1.316104424744745E+009,7.358381352848588E-002,
1.321089289989990E+009,7.233716549483937E-002,
1.326074155235235E+009,7.112061765921773E-002,
1.331059020480480E+009,6.959073584783529E-002,
1.336043885725726E+009,6.829206101287359E-002,
1.341028750970971E+009,6.668161115119925E-002,
1.346013616216216E+009,6.573859904731459E-002,
1.350998481461462E+009,6.575415843206858E-002,
1.355983346706707E+009,6.686562356496305E-002,
1.360968211951952E+009,6.831124762963946E-002,
1.365953077197197E+009,6.873669872980447E-002,
1.370937942442442E+009,6.983810235723348E-002,
1.375922807687688E+009,7.078280800680341E-002,
1.380907672932933E+009,7.107145876829765E-002,
1.385892538178178E+009,7.184309597920960E-002,
1.390877403423424E+009,7.267272112775940E-002,
1.395862268668669E+009,7.231192482250438E-002,
1.400847133913914E+009,7.246201942454628E-002,
1.405831999159159E+009,7.181167697495132E-002,
1.410816864404404E+009,7.150525652200002E-002,
1.415801729649650E+009,7.111008298878153E-002,
1.420786594894895E+009,7.055691926604887E-002,
1.425771460140140E+009,7.001141870202814E-002,
1.430756325385386E+009,6.931296452393533E-002,
1.435741190630631E+009,6.806283617802587E-002,
1.440726055875876E+009,6.815910944327858E-002,
1.445710921121121E+009,6.827411429337768E-002,
1.450695786366366E+009,6.814820326098244E-002,
1.455680651611612E+009,6.757561852204287E-002,
1.460665516856857E+009,6.767925167084263E-002,
1.465650382102102E+009,6.730261124142149E-002,
1.470635247347347E+009,6.662573791243678E-002,
1.475620112592593E+009,6.655926003518167E-002,
1.480604977837838E+009,6.614357610199192E-002,
1.485589843083083E+009,6.620982326286133E-002,
1.490574708328328E+009,6.616163952729126E-002,
1.495559573573574E+009,6.520417438575606E-002,
1.500544438818819E+009,6.498318243858432E-002,
1.505529304064064E+009,6.336071789433606E-002,
1.510514169309309E+009,6.295517577808833E-002,
1.515499034554555E+009,6.184853964513143E-002,
1.520483899799800E+009,6.062844684581233E-002,
1.525468765045045E+009,5.903082175317396E-002,
1.530453630290290E+009,5.829301957785749E-002,
1.535438495535536E+009,5.820462250465087E-002,
1.540423360780781E+009,5.843187024247497E-002,
1.545408226026026E+009,5.849845520278798E-002,
1.550393091271271E+009,5.886440324159407E-002,
1.555377956516516E+009,5.906162582267509E-002,
1.560362821761762E+009,5.940123319498945E-002,
1.565347687007007E+009,5.950950695717672E-002,
1.570332552252252E+009,5.973329423929285E-002,
1.575317417497498E+009,6.015610965970294E-002,
1.580302282742743E+009,6.005469929799688E-002,
1.585287147987988E+009,6.122082509274911E-002,
1.590272013233233E+009,6.164744836713448E-002,
1.595256878478478E+009,6.154640174103154E-002,
1.600241743723724E+009,6.118340336659672E-002,
1.605226608968969E+009,6.049412148332856E-002,
1.610211474214214E+009,5.951457739449993E-002,
1.615196339459460E+009,5.852212081258616E-002,
1.620181204704705E+009,5.732967364845667E-002,
1.625166069949950E+009,5.587127977176536E-002,
1.630150935195195E+009,5.425431222659803E-002,
1.635135800440440E+009,5.288082775076408E-002,
1.640120665685686E+009,5.170063417833623E-002,
1.645105530930931E+009,5.005484140730776E-002,
1.650090396176176E+009,4.942933726177468E-002,
1.655075261421422E+009,4.909393848137700E-002,
1.660060126666667E+009,4.931975930552233E-002,
1.665044991911912E+009,4.940669081785742E-002,
1.670029857157157E+009,4.948447449239732E-002,
1.675014722402402E+009,4.894047789618811E-002,
1.679999587647648E+009,4.836080249946100E-002,
1.684984452892893E+009,4.829432993736062E-002,
1.689969318138138E+009,4.773829388613964E-002,
1.694954183383384E+009,4.698390040597148E-002,
1.699939048628629E+009,4.592203249129031E-002,
1.704923913873874E+009,4.516752365576308E-002,
1.709908779119119E+009,4.413007621412285E-002,
1.714893644364364E+009,4.310059238303009E-002,
1.719878509609610E+009,4.219525510747439E-002,
1.724863374854855E+009,4.108739791714175E-002,
1.729848240100100E+009,3.941687164472062E-002,
1.734833105345345E+009,3.707007615204960E-002,
1.739817970590591E+009,3.507772172619352E-002,
1.744802835835836E+009,3.268829415582560E-002,
1.749787701081081E+009,2.977884864286419E-002,
1.754772566326326E+009,2.733896093669245E-002,
1.759757431571572E+009,2.451699424349123E-002,
1.764742296816817E+009,2.249077230870702E-002,
1.769727162062062E+009,2.051410697192524E-002,
1.774712027307307E+009,1.888236638283190E-002,
1.779696892552553E+009,1.799692041176900E-002,
1.784681757797798E+009,1.770314418379997E-002,
1.789666623043043E+009,1.840356800867273E-002,
1.794651488288288E+009,1.969959882051959E-002,
1.799636353533534E+009,2.073123888643275E-002,
1.804621218778779E+009,2.188413866292974E-002,
1.809606084024024E+009,2.268730577010955E-002,
1.814590949269269E+009,2.377615323082237E-002,
1.819575814514514E+009,2.421783961590416E-002,
1.824560679759760E+009,2.446841725070756E-002,
1.829545545005005E+009,2.433774828839242E-002,
1.834530410250250E+009,2.486636398780791E-002,
1.839515275495496E+009,2.510212999804754E-002,
1.844500140740741E+009,2.577863759396845E-002,
1.849485005985986E+009,2.590452632825044E-002,
1.854469871231231E+009,2.569275405254718E-002,
1.859454736476476E+009,2.586945027384199E-002,
1.864439601721722E+009,2.500382881637613E-002,
1.869424466966967E+009,2.325831721530127E-002,
1.874409332212212E+009,2.137676960186317E-002,
1.879394197457458E+009,2.014434715071562E-002,
1.884379062702703E+009,1.846000647428335E-002,
1.889363927947948E+009,1.778694974654721E-002,
1.894348793193193E+009,1.622850709059437E-002,
1.899333658438438E+009,1.594678153312840E-002,
1.904318523683684E+009,1.447620338888563E-002,
1.909303388928929E+009,1.410669602162380E-002,
1.914288254174174E+009,1.398857205058099E-002,
1.919273119419420E+009,1.485696100992100E-002,
1.924257984664665E+009,1.573269915468468E-002,
1.929242849909910E+009,1.697400009380025E-002,
1.934227715155155E+009,1.815768924380637E-002,
1.939212580400400E+009,1.914805626078517E-002,
1.944197445645646E+009,2.059075872913327E-002,
1.949182310890891E+009,2.124704982050940E-002,
1.954167176136136E+009,2.223098896050640E-002,
1.959152041381382E+009,2.354716206232401E-002,
1.964136906626627E+009,2.476770346207160E-002,
1.969121771871872E+009,2.673935998348767E-002,
1.974106637117117E+009,2.801876007194140E-002,
1.979091502362362E+009,2.873928132576890E-002,
1.984076367607608E+009,3.009173641767778E-002,
1.989061232852853E+009,3.069596846017109E-002,
1.994046098098098E+009,3.146271623349297E-002,
1.999030963343343E+009,3.193116486799270E-002,
2.004015828588589E+009,3.196717669205069E-002,
2.009000693833834E+009,3.170391740724356E-002,
2.013985559079079E+009,3.150532237818533E-002,
2.018970424324324E+009,3.148813014218929E-002,
2.023955289569570E+009,3.063981955243348E-002,
2.028940154814815E+009,2.978123210388961E-002,
2.033925020060060E+009,2.850397845000410E-002,
2.038909885305305E+009,2.766076118726097E-002,
2.043894750550551E+009,2.730674187661155E-002,
2.048879615795796E+009,2.712592458653087E-002,
2.053864481041041E+009,2.715506298859657E-002,
2.058849346286286E+009,2.762475416208864E-002,
2.063834211531532E+009,2.766806082631119E-002,
2.068819076776777E+009,2.768287771891886E-002,
2.073803942022022E+009,2.737772480621151E-002,
2.078788807267267E+009,2.778284133690662E-002,
2.083773672512512E+009,2.814763217594790E-002,
2.088758537757758E+009,2.844826255220984E-002,
2.093743403003003E+009,2.891318580474282E-002,
2.098728268248248E+009,3.015523284192445E-002,
2.103713133493494E+009,3.184047736292554E-002,
2.108697998738739E+009,3.353508933789287E-002,
2.113682863983984E+009,3.487778545980116E-002,
2.118667729229229E+009,3.672196253789804E-002,
2.123652594474474E+009,3.757515140893800E-002,
2.128637459719720E+009,3.860670986314131E-002,
2.133622324964965E+009,3.927587036668752E-002,
2.138607190210210E+009,3.942195419238521E-002,
2.143592055455456E+009,3.932200674878282E-002,
2.148576920700701E+009,3.916313670658574E-002,
2.153561785945946E+009,3.863605748705463E-002,
2.158546651191191E+009,3.753393349735675E-002,
2.163531516436437E+009,3.714893026572419E-002,
2.168516381681682E+009,3.668270855013971E-002,
2.173501246926927E+009,3.616516740299838E-002,
2.178486112172172E+009,3.628767085268103E-002,
2.183470977417418E+009,3.685238659158754E-002,
2.188455842662663E+009,3.761209072238655E-002,
2.193440707907908E+009,3.772167130544504E-002,
2.198425573153153E+009,3.772540391038418E-002,
2.203410438398398E+009,3.793790711933923E-002,
2.208395303643644E+009,3.863677982929210E-002,
2.213380168888889E+009,3.930804867317922E-002,
2.218365034134134E+009,4.031004049104379E-002,
2.223349899379379E+009,4.069515766161996E-002,
2.228334764624625E+009,4.043931124475286E-002,
2.233319629869870E+009,4.019530834847952E-002,
2.238304495115115E+009,3.943364723278582E-002,
2.243289360360360E+009,3.804870105064254E-002,
2.248274225605606E+009,3.601435649925550E-002,
2.253259090850851E+009,3.465411089431993E-002,
2.258243956096096E+009,3.375466922202219E-002,
2.263228821341342E+009,3.284355291753981E-002,
2.268213686586587E+009,3.255573753726718E-002,
2.273198551831832E+009,3.290006981326593E-002,
2.278183417077077E+009,3.376087191629727E-002,
2.283168282322322E+009,3.423586306255463E-002,
2.288153147567567E+009,3.467087740324814E-002,
2.293138012812813E+009,3.499061857777514E-002,
2.298122878058058E+009,3.533979697895445E-002,
2.303107743303303E+009,3.597109017065134E-002,
2.308092608548549E+009,3.528242937435875E-002,
2.313077473793794E+009,3.487133609761312E-002,
2.318062339039039E+009,3.426579852988700E-002,
2.323047204284284E+009,3.323597815627193E-002,
2.328032069529530E+009,3.131089190004064E-002,
2.333016934774775E+009,2.860823690770306E-002,
2.338001800020020E+009,2.580416299450513E-002,
2.342986665265266E+009,2.331818191119120E-002,
2.347971530510510E+009,2.171098703689140E-002,
2.352956395755756E+009,1.959136760505035E-002,
2.357941261001001E+009,1.773870007926455E-002,
2.362926126246246E+009,1.544530134723935E-002,
2.367910991491491E+009,1.375843164790716E-002,
2.372895856736737E+009,1.312871560927042E-002,
2.377880721981982E+009,1.283740766845283E-002,
2.382865587227227E+009,1.274223789554696E-002,
2.387850452472473E+009,1.332873570520246E-002,
2.392835317717718E+009,1.325359454366143E-002,
2.397820182962963E+009,1.283490985477278E-002,
2.402805048208208E+009,1.368686857472449E-002,
2.407789913453454E+009,1.378960113860642E-002,
2.412774778698699E+009,1.417363293577653E-002,
2.417759643943944E+009,1.517331496796853E-002,
2.422744509189189E+009,1.473391862353661E-002,
2.427729374434434E+009,1.552471483986678E-002,
2.432714239679680E+009,1.633072534778136E-002,
2.437699104924925E+009,1.633279793705238E-002,
2.442683970170170E+009,1.656892488441470E-002,
2.447668835415415E+009,1.686417881235595E-002,
2.452653700660661E+009,1.643222703928365E-002,
2.457638565905906E+009,1.683473909040169E-002,
2.462623431151151E+009,1.658403347971772E-002,
2.467608296396397E+009,1.650141800327673E-002,
2.472593161641642E+009,1.580288364184361E-002,
2.477578026886887E+009,1.550913808343010E-002,
2.482562892132132E+009,1.521924860872818E-002,
2.487547757377378E+009,1.425274229014919E-002,
2.492532622622623E+009,1.319303802920320E-002,
2.497517487867868E+009,1.169189957642314E-002,
2.502502353113113E+009,1.153296060585377E-002,
2.507487218358358E+009,1.023986017897626E-002,
2.512472083603604E+009,9.376323861453947E-003,
2.517456948848849E+009,8.304192646717015E-003,
2.522441814094094E+009,7.316617335953702E-003,
2.527426679339339E+009,6.021819847589658E-003,
2.532411544584585E+009,4.432710599498872E-003,
2.537396409829830E+009,2.700685683337950E-003,
2.542381275075075E+009,9.516960977314231E-004,
2.547366140320320E+009,4.310977018425860E-004,
2.552351005565566E+009,1.533313970616912E-003,
2.557335870810811E+009,2.774809116421044E-003,
2.562320736056056E+009,3.865978209924437E-003,
2.567305601301302E+009,4.647025360959111E-003,
2.572290466546547E+009,5.312110718118036E-003,
2.577275331791792E+009,5.852474754468433E-003,
2.582260197037037E+009,6.401330522129668E-003,
2.587245062282282E+009,6.786632466295250E-003,
2.592229927527527E+009,6.952351851899478E-003,
2.597214792772773E+009,7.020294368962980E-003,
2.602199658018018E+009,6.950223413547888E-003,
2.607184523263263E+009,7.039315701626274E-003,
2.612169388508509E+009,7.124496889132428E-003,
2.617154253753754E+009,7.144949781712591E-003,
2.622139118998999E+009,6.832155466644810E-003,
2.627123984244244E+009,6.364859624129157E-003,
2.632108849489490E+009,6.139203431963890E-003,
2.637093714734735E+009,6.051076400351968E-003,
2.642078579979980E+009,6.119176972352473E-003,
2.647063445225225E+009,6.287842564478317E-003,
2.652048310470470E+009,6.727638545123336E-003,
2.657033175715716E+009,7.244051118201827E-003,
2.662018040960961E+009,7.707251841496721E-003,
2.667002906206206E+009,8.221369576629530E-003,
2.671987771451451E+009,8.726602908410805E-003,
2.676972636696697E+009,9.370288933530159E-003,
2.681957501941942E+009,9.988596300589053E-003,
2.686942367187187E+009,1.062581776245674E-002,
2.691927232432433E+009,1.129614697348889E-002,
2.696912097677678E+009,1.179018244416609E-002,
2.701896962922923E+009,1.227830939628121E-002,
2.706881828168168E+009,1.270746570530206E-002,
2.711866693413414E+009,1.302997348976405E-002,
2.716851558658659E+009,1.357487895747200E-002,
2.721836423903904E+009,1.419172574199609E-002,
2.726821289149149E+009,1.472018018895010E-002,
2.731806154394394E+009,1.523231266257358E-002,
2.736791019639640E+009,1.577861359583900E-002,
2.741775884884885E+009,1.725190170682436E-002,
2.746760750130130E+009,1.682541636806876E-002,
2.751745615375375E+009,1.804374059294480E-002,
2.756730480620621E+009,1.779116924297715E-002,
2.761715345865866E+009,1.759336179286720E-002,
2.766700211111111E+009,1.778432822605225E-002,
2.771685076356356E+009,1.746657019602382E-002,
2.776669941601602E+009,1.693992041194843E-002,
2.781654806846847E+009,1.661324675070171E-002,
2.786639672092092E+009,1.596646246158016E-002,
2.791624537337338E+009,1.568592743369045E-002,
2.796609402582583E+009,1.533546721832681E-002,
2.801594267827828E+009,1.476858991795254E-002,
2.806579133073073E+009,1.403309054864447E-002,
2.811563998318318E+009,1.446381767766511E-002,
2.816548863563564E+009,1.410589205002857E-002,
2.821533728808809E+009,1.483754674212202E-002,
2.826518594054054E+009,1.475966412976249E-002,
2.831503459299299E+009,1.524474180580918E-002,
2.836488324544545E+009,1.621463507044291E-002,
2.841473189789790E+009,1.769218320724007E-002,
2.846458055035035E+009,1.862818452730891E-002,
2.851442920280280E+009,1.973212956027922E-002,
2.856427785525526E+009,2.107606852328441E-002,
2.861412650770771E+009,2.238817614506136E-002,
2.866397516016016E+009,2.327980038232680E-002,
2.871382381261262E+009,2.487072253000918E-002,
2.876367246506506E+009,2.595016802745286E-002,
2.881352111751752E+009,2.726453829438822E-002,
2.886336976996997E+009,2.856757132979155E-002,
2.891321842242242E+009,2.844392521965951E-002,
2.896306707487487E+009,3.018238131089071E-002,
2.901291572732733E+009,3.032922783972429E-002,
2.906276437977978E+009,3.017261183415734E-002,
2.911261303223223E+009,3.044454090452521E-002,
2.916246168468469E+009,2.991510219528935E-002,
2.921231033713714E+009,3.047832960090926E-002,
2.926215898958959E+009,3.070916271572831E-002,
2.931200764204204E+009,3.079931364865114E-002,
2.936185629449450E+009,3.108451780603305E-002,
2.941170494694695E+009,3.090014007183621E-002,
2.946155359939940E+009,3.140486139007934E-002,
2.951140225185185E+009,3.174084575629527E-002,
2.956125090430430E+009,3.167363574635456E-002,
2.961109955675676E+009,3.225775089541903E-002,
2.966094820920921E+009,3.265034037787368E-002,
2.971079686166166E+009,3.223916553305437E-002,
2.976064551411411E+009,3.104903922977795E-002,
2.981049416656657E+009,3.078307496028982E-002,
2.986034281901902E+009,2.947136991167078E-002,
2.991019147147147E+009,2.822275935348136E-002,
2.996004012392393E+009,2.758636977329223E-002,
3.000988877637638E+009,2.644487071786389E-002,
3.005973742882883E+009,2.635200361784959E-002,
3.010958608128128E+009,2.471878986531734E-002,
3.015943473373374E+009,2.358679901430064E-002,
3.020928338618619E+009,2.301471193205692E-002,
3.025913203863864E+009,2.257263076383522E-002,
3.030898069109109E+009,2.248757404831489E-002,
3.035882934354354E+009,2.297649783857062E-002,
3.040867799599600E+009,2.266360597729311E-002,
3.045852664844845E+009,2.351997560553390E-002,
3.050837530090090E+009,2.450232847166405E-002,
3.055822395335335E+009,2.461626107085613E-002,
3.060807260580581E+009,2.544060653545543E-002,
3.065792125825826E+009,2.582184390762937E-002,
3.070776991071071E+009,2.629230644688716E-002,
3.075761856316316E+009,2.660683054645231E-002,
3.080746721561562E+009,2.640341457353094E-002,
3.085731586806807E+009,2.635150499119554E-002,
3.090716452052052E+009,2.647858580771639E-002,
3.095701317297298E+009,2.613433135492215E-002,
3.100686182542543E+009,2.566064761112433E-002,
3.105671047787788E+009,2.516487687004402E-002,
3.110655913033033E+009,2.455823131655569E-002,
3.115640778278278E+009,2.483166211596740E-002,
3.120625643523523E+009,2.452294762094798E-002,
3.125610508768769E+009,2.369255568420394E-002,
3.130595374014014E+009,2.457544760105440E-002,
3.135580239259259E+009,2.486604864960136E-002,
3.140565104504505E+009,2.530920094268182E-002,
3.145549969749750E+009,2.630212982396697E-002,
3.150534834994995E+009,2.705085716999590E-002,
3.155519700240240E+009,2.775366316634311E-002,
3.160504565485486E+009,2.786354211374735E-002,
3.165489430730731E+009,2.842755395988021E-002,
3.170474295975976E+009,2.812985086079747E-002,
3.175459161221221E+009,2.842712635118669E-002,
3.180444026466466E+009,2.755127129213464E-002,
3.185428891711712E+009,2.763244629639184E-002,
3.190413756956957E+009,2.735772841659454E-002,
3.195398622202202E+009,2.667288180707898E-002,
3.200383487447447E+009,2.531180982056869E-002,
3.205368352692693E+009,2.558609335620783E-002,
3.210353217937938E+009,2.392754591360435E-002,
3.215338083183183E+009,2.370958888567276E-002,
3.220322948428429E+009,2.349092215625121E-002,
3.225307813673674E+009,2.359134149835091E-002,
3.230292678918919E+009,2.401900375404983E-002,
3.235277544164164E+009,2.317643373202533E-002,
3.240262409409410E+009,2.368084505273484E-002,
3.245247274654655E+009,2.429531789759424E-002,
3.250232139899900E+009,2.412508857587213E-002,
3.255217005145145E+009,2.428250861243335E-002,
3.260201870390390E+009,2.470951922650187E-002,
3.265186735635636E+009,2.522810898113084E-002,
3.270171600880881E+009,2.578047627096671E-002,
3.275156466126126E+009,2.537213406828220E-002,
3.280141331371371E+009,2.607475819166892E-002,
3.285126196616617E+009,2.590356568487526E-002,
3.290111061861862E+009,2.564260098087311E-002,
3.295095927107107E+009,2.552366584106285E-002,
3.300080792352352E+009,2.558540042679289E-002,
3.305065657597598E+009,2.579254242149973E-002,
3.310050522842843E+009,2.520437627079623E-002,
3.315035388088088E+009,2.453332012653229E-002,
3.320020253333334E+009,2.326799353189242E-002,
3.325005118578579E+009,2.375698973420340E-002,
3.329989983823824E+009,2.338969165136301E-002,
3.334974849069069E+009,2.297524416597006E-002,
3.339959714314314E+009,2.323521030492698E-002,
3.344944579559560E+009,2.299861628948021E-002,
3.349929444804805E+009,2.230262314207440E-002,
3.354914310050050E+009,2.250567968238334E-002,
3.359899175295295E+009,2.217160750344471E-002,
3.364884040540541E+009,2.209343262455194E-002,
3.369868905785786E+009,2.147942564585188E-002,
3.374853771031031E+009,2.062865275830977E-002,
3.379838636276276E+009,2.023359283037920E-002,
3.384823501521522E+009,1.999195134231516E-002,
3.389808366766767E+009,1.925984023484131E-002,
3.394793232012012E+009,1.935109815332510E-002,
3.399778097257258E+009,1.909532916823810E-002,
3.404762962502502E+009,1.881615633843110E-002,
3.409747827747748E+009,1.861802449748557E-002,
3.414732692992993E+009,1.807867659992060E-002,
3.419717558238238E+009,1.770776915110105E-002,
3.424702423483483E+009,1.669332885046925E-002,
3.429687288728729E+009,1.703000536432256E-002,
3.434672153973974E+009,1.640288917750796E-002,
3.439657019219219E+009,1.637621061681040E-002,
3.444641884464465E+009,1.711729616905462E-002,
3.449626749709710E+009,1.579453215139865E-002,
3.454611614954955E+009,1.667793741443710E-002,
3.459596480200200E+009,1.702945602953873E-002,
3.464581345445446E+009,1.693760886191822E-002,
3.469566210690691E+009,1.622526507848669E-002,
3.474551075935936E+009,1.724174431411399E-002,
3.479535941181181E+009,1.720861395149703E-002,
3.484520806426426E+009,1.740677812180286E-002,
3.489505671671672E+009,1.760745106617283E-002,
3.494490536916917E+009,1.767710513337614E-002,
3.499475402162162E+009,1.775620333911744E-002,
3.504460267407407E+009,1.791395303804135E-002,
3.509445132652653E+009,1.820711248961298E-002,
3.514429997897898E+009,1.803000193466776E-002,
3.519414863143143E+009,1.798841307571466E-002,
3.524399728388389E+009,1.754306161572533E-002,
3.529384593633634E+009,1.709462806306508E-002,
3.534369458878879E+009,1.626584383821092E-002,
3.539354324124124E+009,1.651534186554552E-002,
3.544339189369370E+009,1.538573488240083E-002,
3.549324054614615E+009,1.558876991006970E-002,
3.554308919859860E+009,1.514838559648088E-002,
3.559293785105105E+009,1.423294602406227E-002,
3.564278650350350E+009,1.413351678694103E-002,
3.569263515595596E+009,1.336559504264267E-002,
3.574248380840841E+009,1.303181562319880E-002,
3.579233246086086E+009,1.277122904598894E-002,
3.584218111331331E+009,1.251703359727320E-002,
3.589202976576577E+009,1.243364629720110E-002,
3.594187841821822E+009,1.222174727363824E-002,
3.599172707067067E+009,1.192385527675268E-002,
3.604157572312312E+009,1.172475631429492E-002,
3.609142437557558E+009,1.149276915157012E-002,
3.614127302802803E+009,1.122334907992107E-002,
3.619112168048048E+009,1.100912460292791E-002,
3.624097033293294E+009,1.069524274240035E-002,
3.629081898538539E+009,1.044728756994146E-002,
3.634066763783784E+009,1.020649669043370E-002,
3.639051629029029E+009,1.002443991273600E-002,
3.644036494274274E+009,9.694586768006728E-003,
3.649021359519519E+009,9.523456844515534E-003,
3.654006224764765E+009,9.324438014393701E-003,
3.658991090010010E+009,9.300703788657910E-003,
3.663975955255255E+009,9.190651497938036E-003,
3.668960820500501E+009,9.102877967807937E-003,
3.673945685745746E+009,9.203325599039547E-003,
3.678930550990991E+009,9.376495978999325E-003,
3.683915416236236E+009,9.518482439809907E-003,
3.688900281481482E+009,9.460303548094663E-003,
3.693885146726727E+009,9.427295589515211E-003,
3.698870011971972E+009,9.580225175740614E-003,
3.703854877217217E+009,9.838710046930051E-003,
3.708839742462462E+009,1.011871361829462E-002,
3.713824607707708E+009,1.033255494827474E-002,
3.718809472952953E+009,1.030886531955636E-002,
3.723794338198198E+009,1.026170993147239E-002,
3.728779203443443E+009,1.022045099886963E-002,
3.733764068688689E+009,1.008689632612769E-002,
3.738748933933934E+009,1.005852289483537E-002,
3.743733799179179E+009,9.978443009315207E-003,
3.748718664424425E+009,9.942510046427083E-003,
3.753703529669670E+009,1.008036030558971E-002,
3.758688394914915E+009,1.038588524198835E-002,
3.763673260160160E+009,1.066651456482937E-002,
3.768658125405406E+009,1.082737745440635E-002,
3.773642990650651E+009,1.096070408912740E-002,
3.778627855895896E+009,1.107744235067766E-002,
3.783612721141141E+009,1.122421457940516E-002,
3.788597586386386E+009,1.156980598790873E-002,
3.793582451631632E+009,1.179483934681687E-002,
3.798567316876877E+009,1.172881041466184E-002,
3.803552182122122E+009,1.167459523858582E-002,
3.808537047367367E+009,1.158654629648775E-002,
3.813521912612613E+009,1.143278790823702E-002,
3.818506777857858E+009,1.125051790673829E-002,
3.823491643103103E+009,1.108667571799941E-002,
3.828476508348349E+009,1.085512276722435E-002,
3.833461373593594E+009,1.074492666316123E-002,
3.838446238838839E+009,1.055448811631861E-002,
3.843431104084084E+009,1.033819708156386E-002,
3.848415969329330E+009,1.030003381975330E-002,
3.853400834574575E+009,1.016948250876489E-002,
3.858385699819820E+009,1.005684955122393E-002,
3.863370565065065E+009,9.945321482231852E-003,
3.868355430310310E+009,9.933289834179380E-003,
3.873340295555556E+009,1.000426813783011E-002,
3.878325160800801E+009,1.019936404453929E-002,
3.883310026046046E+009,1.031113467964877E-002,
3.888294891291291E+009,1.011382882044007E-002,
3.893279756536537E+009,1.003275318435317E-002,
3.898264621781782E+009,9.870248688304500E-003,
3.903249487027027E+009,9.753763938859784E-003,
3.908234352272272E+009,9.624186379651836E-003,
3.913219217517518E+009,9.404885884972812E-003,
3.918204082762763E+009,9.269568326782836E-003,
3.923188948008008E+009,9.081593370111763E-003,
3.928173813253254E+009,8.983531990305795E-003,
3.933158678498498E+009,8.800544919800375E-003,
3.938143543743744E+009,8.818438934169214E-003,
3.943128408988989E+009,8.741123306296618E-003,
3.948113274234234E+009,8.873444359537915E-003,
3.953098139479479E+009,8.843668017813812E-003,
3.958083004724725E+009,9.025088562564895E-003,
3.963067869969970E+009,9.358814856304411E-003,
3.968052735215215E+009,9.661970900506635E-003,
3.973037600460461E+009,1.000222718898930E-002,
3.978022465705706E+009,1.031661690944947E-002,
3.983007330950951E+009,1.043187827252168E-002,
3.987992196196196E+009,1.042075912066153E-002,
3.992977061441442E+009,1.046343727884598E-002,
3.997961926686687E+009,1.038856335490527E-002,
4.002946791931932E+009,1.044691122322222E-002,
4.007931657177177E+009,1.048128015151616E-002,
4.012916522422422E+009,1.053941229610447E-002,
4.017901387667668E+009,1.058103004927291E-002,
4.022886252912913E+009,1.061390071318245E-002,
4.027871118158158E+009,1.069434263205607E-002,
4.032855983403403E+009,1.096958917262327E-002,
4.037840848648649E+009,1.133232899905423E-002,
4.042825713893894E+009,1.161150137623044E-002,
4.047810579139139E+009,1.212492654065380E-002,
4.052795444384385E+009,1.246709115729692E-002,
4.057780309629630E+009,1.278316591932462E-002,
4.062765174874875E+009,1.322219463835746E-002,
4.067750040120120E+009,1.341874526671856E-002,
4.072734905365366E+009,1.365561116870659E-002,
4.077719770610611E+009,1.356706503643010E-002,
4.082704635855856E+009,1.339064717873870E-002,
4.087689501101101E+009,1.316485406550016E-002,
4.092674366346346E+009,1.271648591008197E-002,
4.097659231591592E+009,1.232597360775242E-002,
4.102644096836837E+009,1.172616474380866E-002,
4.107628962082082E+009,1.131530464725863E-002,
4.112613827327327E+009,1.089908000434293E-002,
4.117598692572573E+009,1.063215580514390E-002,
4.122583557817818E+009,1.036399043113114E-002,
4.127568423063063E+009,1.019644141392129E-002,
4.132553288308308E+009,1.005567298794509E-002,
4.137538153553554E+009,1.001786396194954E-002,
4.142523018798799E+009,9.919709747324371E-003,
4.147507884044044E+009,9.933217112478548E-003,
4.152492749289290E+009,9.809566490587538E-003,
4.157477614534535E+009,9.728645154080626E-003,
4.162462479779780E+009,9.697763185270060E-003,
4.167447345025025E+009,9.511180416238592E-003,
4.172432210270270E+009,9.469474743916403E-003,
4.177417075515515E+009,9.453915499164854E-003,
4.182401940760761E+009,9.339953035245225E-003,
4.187386806006006E+009,9.047412541515367E-003,
4.192371671251251E+009,8.693508915575392E-003,
4.197356536496497E+009,8.313043056136636E-003,
4.202341401741742E+009,7.986519956888788E-003,
4.207326266986987E+009,7.677091689370972E-003,
4.212311132232232E+009,7.563703933983324E-003,
4.217295997477478E+009,7.265033676533052E-003,
4.222280862722723E+009,7.230113606899963E-003,
4.227265727967968E+009,7.063794120734916E-003,
4.232250593213213E+009,6.959800021437991E-003,
4.237235458458458E+009,6.874528775978709E-003,
4.242220323703704E+009,6.892261331132024E-003,
4.247205188948949E+009,7.040245954824792E-003,
4.252190054194194E+009,7.284363680413434E-003,
4.257174919439439E+009,7.431884228558350E-003,
4.262159784684685E+009,7.702748268213874E-003,
4.267144649929930E+009,7.914166731774098E-003,
4.272129515175175E+009,8.038991671628394E-003,
4.277114380420421E+009,8.149669689267532E-003,
4.282099245665666E+009,8.336410696661896E-003,
4.287084110910911E+009,8.421784907506337E-003,
4.292068976156156E+009,8.403888067869883E-003,
4.297053841401402E+009,8.158944454468308E-003,
4.302038706646647E+009,8.035123019076954E-003,
4.307023571891892E+009,7.918113380909002E-003,
4.312008437137137E+009,7.795927901764502E-003,
4.316993302382382E+009,7.620968934965018E-003,
4.321978167627627E+009,7.498524370679541E-003,
4.326963032872873E+009,7.397069337130574E-003,
4.331947898118118E+009,7.457504415046067E-003,
4.336932763363363E+009,7.434133827658000E-003,
4.341917628608608E+009,7.459979088865236E-003,
4.346902493853854E+009,7.590665749892451E-003,
4.351887359099099E+009,7.691867086252427E-003,
4.356872224344344E+009,7.746239601661827E-003,
4.361857089589590E+009,7.956290633857504E-003,
4.366841954834835E+009,8.165039612123066E-003,
4.371826820080080E+009,8.330258915182624E-003,
4.376811685325325E+009,8.408640972795754E-003,
4.381796550570571E+009,8.431773488552176E-003,
4.386781415815816E+009,8.616609246800978E-003,
4.391766281061061E+009,8.560346642615371E-003,
4.396751146306306E+009,8.740132086634373E-003,
4.401736011551552E+009,8.955333464816842E-003,
4.406720876796797E+009,9.027402165208202E-003,
4.411705742042042E+009,9.122878973595504E-003,
4.416690607287288E+009,9.127987326693308E-003,
4.421675472532533E+009,9.211148959834757E-003,
4.426660337777778E+009,9.065690005375278E-003,
4.431645203023023E+009,9.006211124433951E-003,
4.436630068268269E+009,9.077748246191196E-003,
4.441614933513514E+009,9.097384282356765E-003,
4.446599798758759E+009,9.084722949013758E-003,
4.451584664004005E+009,9.219260501524780E-003,
4.456569529249250E+009,9.326461150015428E-003,
4.461554394494494E+009,9.615262910633110E-003,
4.466539259739739E+009,9.863285173917404E-003,
4.471524124984985E+009,1.011905739434393E-002,
4.476508990230230E+009,1.053864118008403E-002,
4.481493855475475E+009,1.089366702479908E-002,
4.486478720720720E+009,1.114128336536664E-002,
4.491463585965966E+009,1.156741653155488E-002,
4.496448451211211E+009,1.183064224960257E-002,
4.501433316456456E+009,1.215084361273010E-002,
4.506418181701702E+009,1.233773730322604E-002,
4.511403046946947E+009,1.254082454613873E-002,
4.516387912192192E+009,1.272666533383670E-002,
4.521372777437437E+009,1.264671456705718E-002,
4.526357642682683E+009,1.250183454912218E-002,
4.531342507927928E+009,1.234268755318477E-002,
4.536327373173173E+009,1.194853225496186E-002,
4.541312238418419E+009,1.152949211781870E-002,
4.546297103663664E+009,1.116063918834083E-002,
4.551281968908909E+009,1.089960214288921E-002,
4.556266834154154E+009,1.064287597428627E-002,
4.561251699399400E+009,1.052705762879148E-002,
4.566236564644645E+009,1.051042694440606E-002,
4.571221429889890E+009,1.070445696431956E-002,
4.576206295135135E+009,1.092114053617846E-002,
4.581191160380381E+009,1.133670670182375E-002,
4.586176025625626E+009,1.190184008147389E-002,
4.591160890870871E+009,1.218534113006477E-002,
4.596145756116117E+009,1.264669772947251E-002,
4.601130621361362E+009,1.290649047589645E-002,
4.606115486606607E+009,1.319261230142043E-002,
4.611100351851852E+009,1.338704081983595E-002,
4.616085217097097E+009,1.350261184168043E-002,
4.621070082342342E+009,1.357707207957236E-002,
4.626054947587587E+009,1.337268761813295E-002,
4.631039812832833E+009,1.314009424485935E-002,
4.636024678078078E+009,1.279896727033501E-002,
4.641009543323323E+009,1.248446918213959E-002,
4.645994408568568E+009,1.215868500403779E-002,
4.650979273813814E+009,1.201308185253809E-002,
4.655964139059059E+009,1.196049379470567E-002,
4.660949004304304E+009,1.211308187512812E-002,
4.665933869549550E+009,1.217373297379291E-002,
4.670918734794795E+009,1.214042759122124E-002,
4.675903600040040E+009,1.257052763349003E-002,
4.680888465285285E+009,1.285597404879459E-002,
4.685873330530531E+009,1.303314716391686E-002,
4.690858195775776E+009,1.331861164929038E-002,
4.695843061021021E+009,1.367224865578112E-002,
4.700827926266266E+009,1.387808311387182E-002,
4.705812791511512E+009,1.416800329480312E-002,
4.710797656756757E+009,1.423017809761172E-002,
4.715782522002002E+009,1.420101643553067E-002,
4.720767387247248E+009,1.397298172758277E-002,
4.725752252492493E+009,1.365369118971938E-002,
4.730737117737738E+009,1.316402011824757E-002,
4.735721982982983E+009,1.261241867806295E-002,
4.740706848228229E+009,1.213752689577783E-002,
4.745691713473474E+009,1.174409196328406E-002,
4.750676578718719E+009,1.132824339821187E-002,
4.755661443963965E+009,1.099701823918851E-002,
4.760646309209209E+009,1.067441843593168E-002,
4.765631174454454E+009,1.033116093204202E-002,
4.770616039699699E+009,1.023449551087895E-002,
4.775600904944945E+009,1.011817185741318E-002,
4.780585770190190E+009,1.029697220088316E-002,
4.785570635435435E+009,1.044808878192023E-002,
4.790555500680680E+009,1.082965702526093E-002,
4.795540365925926E+009,1.110055720245841E-002,
4.800525231171171E+009,1.146156074703469E-002,
4.805510096416416E+009,1.178975935734854E-002,
4.810494961661662E+009,1.207538783107389E-002,
4.815479826906907E+009,1.230700549892120E-002,
4.820464692152152E+009,1.233760116966990E-002,
4.825449557397397E+009,1.210691156074400E-002,
4.830434422642643E+009,1.183702918843638E-002,
4.835419287887888E+009,1.149950424219236E-002,
4.840404153133133E+009,1.114068907441840E-002,
4.845389018378379E+009,1.066588215400825E-002,
4.850373883623624E+009,1.034789290982382E-002,
4.855358748868869E+009,1.000725149508564E-002,
4.860343614114114E+009,9.665812006813138E-003,
4.865328479359360E+009,9.498845672121429E-003,
4.870313344604605E+009,9.337326641342217E-003,
4.875298209849850E+009,9.269002730534095E-003,
4.880283075095095E+009,9.333644704894993E-003,
4.885267940340341E+009,9.540386437594382E-003,
4.890252805585586E+009,9.791655214636796E-003,
4.895237670830831E+009,1.020990495125326E-002,
4.900222536076077E+009,1.073303864793246E-002,
4.905207401321322E+009,1.111273302786458E-002,
4.910192266566567E+009,1.150278973563228E-002,
4.915177131811811E+009,1.178147605639367E-002,
4.920161997057057E+009,1.195593720709512E-002,
4.925146862302302E+009,1.208642237286087E-002,
4.930131727547547E+009,1.216862898072884E-002,
4.935116592792793E+009,1.209057214612366E-002,
4.940101458038038E+009,1.178649051910723E-002,
4.945086323283283E+009,1.150670657850491E-002,
4.950071188528528E+009,1.129143470235659E-002,
4.955056053773774E+009,1.099604639214958E-002,
4.960040919019019E+009,1.081594921079673E-002,
4.965025784264264E+009,1.074904703662102E-002,
4.970010649509509E+009,1.057453081147567E-002,
4.974995514754755E+009,1.064673912542272E-002,
4.979980380000000E+009,1.057386759197474E-002,
