% Version 1.00
%
% Ref Impedances: Z01: 50, Z02: 50
% 
%freq[Hz];Trc1_S21[U];
1.000000000000000E+005,2.604049229955203E-005,
5.084865245245245E+006,3.834359751867015E-004,
1.006973049049049E+007,9.245017329079253E-004,
1.505459573573574E+007,1.792214260457720E-003,
2.003946098098098E+007,2.384336583065837E-003,
2.502432622622623E+007,3.344586221508807E-003,
3.000919147147147E+007,4.661896658657906E-003,
3.499405671671671E+007,8.091540854418124E-003,
3.997892196196196E+007,1.559553684276529E-002,
4.496378720720721E+007,5.885656592831958E-002,
4.994865245245245E+007,4.739685748929508E-002,
5.493351769769770E+007,2.420548433240459E-002,
5.991838294294295E+007,1.943168214382986E-002,
6.490324818818819E+007,1.319285254508400E-002,
6.988811343343343E+007,1.116646536499899E-002,
7.487297867867868E+007,9.920835564269369E-003,
7.985784392392393E+007,9.175923486308491E-003,
8.484270916916917E+007,1.014757759901245E-002,
8.982757441441442E+007,1.077606080712247E-002,
9.481243965965965E+007,1.204393085768994E-002,
9.979730490490490E+007,1.370484702144227E-002,
1.047821701501502E+008,1.571254753163075E-002,
1.097670353953954E+008,1.867275373273753E-002,
1.147519006406407E+008,2.217552913626040E-002,
1.197367658858859E+008,2.584081936986196E-002,
1.247216311311311E+008,3.179556929430287E-002,
1.297064963763764E+008,4.032693832177112E-002,
1.346913616216216E+008,5.418432474626864E-002,
1.396762268668669E+008,7.924979961271762E-002,
1.446610921121121E+008,1.307438300836147E-001,
1.496459573573574E+008,2.321310079373000E-001,
1.546308226026026E+008,1.938586853462540E-001,
1.596156878478479E+008,1.250989420022055E-001,
1.646005530930931E+008,9.918658693414480E-002,
1.695854183383384E+008,8.975551999476350E-002,
1.745702835835836E+008,8.161918355862322E-002,
1.795551488288288E+008,5.407559773211331E-002,
1.845400140740741E+008,2.998412586628748E-002,
1.895248793193193E+008,1.824673922453164E-002,
1.945097445645646E+008,1.396337630469513E-002,
1.994946098098098E+008,1.239184245970872E-002,
2.044794750550551E+008,1.019515143139787E-002,
2.094643403003003E+008,8.394318860125559E-003,
2.144492055455456E+008,7.132109735660089E-003,
2.194340707907908E+008,6.230223326285983E-003,
2.244189360360360E+008,5.793699447912750E-003,
2.294038012812813E+008,5.203314530568408E-003,
2.343886665265265E+008,5.162773100345211E-003,
2.393735317717718E+008,6.160623110420662E-003,
2.443583970170170E+008,8.822608206341089E-003,
2.493432622622623E+008,1.273257780927774E-002,
2.543281275075075E+008,2.052391131428868E-002,
2.593129927527528E+008,3.403749099743434E-002,
2.642978579979980E+008,6.023017310549179E-002,
2.692827232432432E+008,1.144394603999853E-001,
2.742675884884885E+008,1.489026829850529E-001,
2.792524537337337E+008,1.027389497285818E-001,
2.842373189789790E+008,6.990534494544941E-002,
2.892221842242242E+008,5.249538859186401E-002,
2.942070494694695E+008,4.259459829424166E-002,
2.991919147147147E+008,3.571984906564602E-002,
3.041767799599600E+008,3.026461088276127E-002,
3.091616452052052E+008,2.614000820680252E-002,
3.141465104504505E+008,2.221888524930172E-002,
3.191313756956957E+008,1.846552645141600E-002,
3.241162409409409E+008,1.525858806929008E-002,
3.291011061861862E+008,1.306669820482492E-002,
3.340859714314314E+008,1.065102432626178E-002,
3.390708366766767E+008,7.713151926450189E-003,
3.440557019219219E+008,5.500199428868733E-003,
3.490405671671672E+008,3.820971725447749E-003,
3.540254324124124E+008,2.366610485345378E-003,
3.590102976576577E+008,1.151476692146414E-003,
3.639951629029029E+008,2.834074347822802E-004,
3.689800281481482E+008,1.193104965104379E-003,
3.739648933933934E+008,2.274958361264319E-003,
3.789497586386386E+008,3.376183018654358E-003,
3.839346238838839E+008,4.211230621999481E-003,
3.889194891291291E+008,5.026919507880942E-003,
3.939043543743744E+008,5.721411098004373E-003,
3.988892196196196E+008,6.164950609895225E-003,
4.038740848648649E+008,6.952817386804997E-003,
4.088589501101101E+008,9.205404291392778E-003,
4.138438153553554E+008,1.196746233698221E-002,
4.188286806006006E+008,1.648062773066697E-002,
4.238135458458459E+008,1.966562080141061E-002,
4.287984110910911E+008,2.053363021474798E-002,
4.337832763363363E+008,2.008340497610904E-002,
4.387681415815816E+008,2.003921820829848E-002,
4.437530068268268E+008,1.992495037744082E-002,
4.487378720720721E+008,2.016533826302799E-002,
4.537227373173173E+008,2.106337319648203E-002,
4.587076025625626E+008,2.203448482397511E-002,
4.636924678078078E+008,2.262255039655299E-002,
4.686773330530531E+008,2.287972897496747E-002,
4.736621982982983E+008,2.435174536156835E-002,
4.786470635435436E+008,2.557643666371519E-002,
4.836319287887888E+008,2.673284339552261E-002,
4.886167940340340E+008,2.862535932207217E-002,
4.936016592792793E+008,2.968772213739526E-002,
4.985865245245245E+008,3.064259810921133E-002,
5.035713897697698E+008,3.089120155884523E-002,
5.085562550150150E+008,3.111407426763039E-002,
5.135411202602603E+008,3.070700802715795E-002,
5.185259855055055E+008,3.085631875352972E-002,
5.235108507507508E+008,3.110568981559180E-002,
5.284957159959960E+008,3.200331127148690E-002,
5.334805812412412E+008,3.321476738759846E-002,
5.384654464864864E+008,3.487906674238120E-002,
5.434503117317318E+008,3.739394722872748E-002,
5.484351769769770E+008,4.060335023375995E-002,
5.534200422222222E+008,4.396205736790040E-002,
5.584049074674674E+008,4.815770527129569E-002,
5.633897727127128E+008,5.206561762812420E-002,
5.683746379579580E+008,5.576884832696492E-002,
5.733595032032032E+008,5.938751790271259E-002,
5.783443684484484E+008,6.214465810461111E-002,
5.833292336936938E+008,6.492368640245290E-002,
5.883140989389390E+008,6.764275925345792E-002,
5.932989641841842E+008,6.989286380884485E-002,
5.982838294294294E+008,7.126595061405357E-002,
6.032686946746746E+008,7.186733524645518E-002,
6.082535599199200E+008,7.310018297429718E-002,
6.132384251651652E+008,7.439520146271986E-002,
6.182232904104104E+008,7.470241740075180E-002,
6.232081556556556E+008,7.522042567548684E-002,
6.281930209009010E+008,7.542318886611853E-002,
6.331778861461462E+008,7.527086171479823E-002,
6.381627513913914E+008,7.473240038804487E-002,
6.431476166366366E+008,7.512790185393208E-002,
6.481324818818818E+008,7.504871913493992E-002,
6.531173471271272E+008,7.393221303228682E-002,
6.581022123723724E+008,7.266043027325303E-002,
6.630870776176176E+008,7.300598167529274E-002,
6.680719428628628E+008,7.338265092753618E-002,
6.730568081081082E+008,7.399879257914870E-002,
6.780416733533534E+008,7.588843700459141E-002,
6.830265385985986E+008,7.668296831710250E-002,
6.880114038438438E+008,7.761476899846079E-002,
6.929962690890890E+008,7.830085505575027E-002,
6.979811343343344E+008,8.091146756676523E-002,
7.029659995795796E+008,8.393626600621100E-002,
7.079508648248248E+008,8.883018438067979E-002,
7.129357300700700E+008,9.419149828922083E-002,
7.179205953153154E+008,9.836230091901117E-002,
7.229054605605606E+008,1.023195960707160E-001,
7.278903258058058E+008,1.067257326487704E-001,
7.328751910510510E+008,1.122219511404075E-001,
7.378600562962964E+008,1.185750514026920E-001,
7.428449215415416E+008,1.261183894977281E-001,
7.478297867867868E+008,1.334938995377403E-001,
7.528146520320320E+008,1.401401226095518E-001,
7.577995172772772E+008,1.478656689519415E-001,
7.627843825225226E+008,1.564969453777302E-001,
7.677692477677678E+008,1.656337501607224E-001,
7.727541130130130E+008,1.733676398074748E-001,
7.777389782582582E+008,1.798379945187863E-001,
7.827238435035036E+008,1.830351939931429E-001,
7.877087087487488E+008,1.824695483246717E-001,
7.926935739939940E+008,1.812734559984776E-001,
7.976784392392392E+008,1.791100893213756E-001,
8.026633044844844E+008,1.782619267412676E-001,
8.076481697297298E+008,1.770376354775384E-001,
8.126330349749750E+008,1.732373119201971E-001,
8.176179002202202E+008,1.689278579705386E-001,
8.226027654654654E+008,1.666861013101189E-001,
8.275876307107108E+008,1.631605550590057E-001,
8.325724959559560E+008,1.624347325736898E-001,
8.375573612012012E+008,1.606371707440180E-001,
8.425422264464464E+008,1.578058222893315E-001,
8.475270916916918E+008,1.544260168655373E-001,
8.525119569369370E+008,1.499440252099090E-001,
8.574968221821822E+008,1.447011362279549E-001,
8.624816874274274E+008,1.386053520315698E-001,
8.674665526726726E+008,1.314043103632940E-001,
8.724514179179180E+008,1.240927697696087E-001,
8.774362831631632E+008,1.157597027215266E-001,
8.824211484084084E+008,1.067086677350912E-001,
8.874060136536536E+008,1.008373265657917E-001,
8.923908788988990E+008,9.776849903173084E-002,
8.973757441441442E+008,9.844043092666527E-002,
9.023606093893894E+008,9.989961823795372E-002,
9.073454746346346E+008,1.027587223163447E-001,
9.123303398798798E+008,1.098815191791729E-001,
9.173152051251252E+008,1.170930562368100E-001,
9.223000703703704E+008,1.239954383088186E-001,
9.272849356156156E+008,1.285693721930741E-001,
9.322698008608608E+008,1.339725772395127E-001,
9.372546661061062E+008,1.391485869384762E-001,
9.422395313513514E+008,1.424135579069323E-001,
9.472243965965966E+008,1.462262047939053E-001,
9.522092618418418E+008,1.490530823601701E-001,
9.571941270870872E+008,1.506127402875939E-001,
9.621789923323324E+008,1.530471282107222E-001,
9.671638575775776E+008,1.534050779322259E-001,
9.721487228228228E+008,1.518108756734158E-001,
9.771335880680680E+008,1.492764422946642E-001,
9.821184533133134E+008,1.460052541669484E-001,
9.871033185585586E+008,1.432369820318497E-001,
9.920881838038038E+008,1.417930096972362E-001,
9.970730490490490E+008,1.404382501011093E-001,
1.002057914294294E+009,1.390386067947231E-001,
1.007042779539540E+009,1.370721927330109E-001,
1.012027644784785E+009,1.353947722971261E-001,
1.017012510030030E+009,1.341804746148904E-001,
1.021997375275275E+009,1.322209898945027E-001,
1.026982240520521E+009,1.293924865007597E-001,
1.031967105765766E+009,1.238388480954218E-001,
1.036951971011011E+009,1.176135691781268E-001,
1.041936836256256E+009,1.103132039038392E-001,
1.046921701501502E+009,1.048988545575979E-001,
1.051906566746747E+009,1.004473520931819E-001,
1.056891431991992E+009,9.649608493044024E-002,
1.061876297237237E+009,9.311018440921469E-002,
1.066861162482482E+009,9.180171745370397E-002,
1.071846027727728E+009,9.057655941295872E-002,
1.076830892972973E+009,8.961411870936994E-002,
1.081815758218218E+009,9.010477839553960E-002,
1.086800623463464E+009,9.256681766558249E-002,
1.091785488708709E+009,9.510846957712489E-002,
1.096770353953954E+009,9.743396748627579E-002,
1.101755219199199E+009,1.007200051655109E-001,
1.106740084444444E+009,1.050294976276727E-001,
1.111724949689690E+009,1.093243869160487E-001,
1.116709814934935E+009,1.129298307545596E-001,
1.121694680180180E+009,1.167289151951742E-001,
1.126679545425426E+009,1.188953463572813E-001,
1.131664410670671E+009,1.190469476403357E-001,
1.136649275915916E+009,1.181047501497230E-001,
1.141634141161161E+009,1.147810919161322E-001,
1.146619006406406E+009,1.107256730751806E-001,
1.151603871651652E+009,1.073154412121237E-001,
1.156588736896897E+009,1.037971562574178E-001,
1.161573602142142E+009,1.000747234281700E-001,
1.166558467387388E+009,9.765221387830528E-002,
1.171543332632633E+009,9.674496076512779E-002,
1.176528197877878E+009,9.668546064507874E-002,
1.181513063123123E+009,9.684045995500265E-002,
1.186497928368368E+009,9.681920087339309E-002,
1.191482793613614E+009,9.699565783258883E-002,
1.196467658858859E+009,9.808306864733554E-002,
1.201452524104104E+009,9.896097381670864E-002,
1.206437389349349E+009,9.975414472672756E-002,
1.211422254594595E+009,9.948728781784565E-002,
1.216407119839840E+009,9.817312441680387E-002,
1.221391985085085E+009,9.565136795308157E-002,
1.226376850330330E+009,9.266952400935279E-002,
1.231361715575576E+009,8.953463114835741E-002,
1.236346580820821E+009,8.657082884318680E-002,
1.241331446066066E+009,8.296103809996219E-002,
1.246316311311311E+009,7.937145048077984E-002,
1.251301176556557E+009,7.515405241852625E-002,
1.256286041801802E+009,7.332996665105193E-002,
1.261270907047047E+009,7.231457582083141E-002,
1.266255772292292E+009,7.176930534046938E-002,
1.271240637537538E+009,7.226751073799294E-002,
1.276225502782783E+009,7.239488929408761E-002,
1.281210368028028E+009,7.328394057106931E-002,
1.286195233273273E+009,7.372723874563694E-002,
1.291180098518518E+009,7.384705041435409E-002,
1.296164963763764E+009,7.448344860451479E-002,
1.301149829009009E+009,7.557755133918956E-002,
1.306134694254254E+009,7.567239259371089E-002,
1.311119559499500E+009,7.554905276581195E-002,
1.316104424744745E+009,7.468324507320610E-002,
1.321089289989990E+009,7.323361688359092E-002,
1.326074155235235E+009,7.233065949759467E-002,
1.331059020480480E+009,7.127544907655752E-002,
1.336043885725726E+009,6.979227419299111E-002,
1.341028750970971E+009,6.862990460830497E-002,
1.346013616216216E+009,6.822303213133461E-002,
1.350998481461462E+009,6.788582850888275E-002,
1.355983346706707E+009,6.817867483799857E-002,
1.360968211951952E+009,6.914073654644114E-002,
1.365953077197197E+009,6.963505860465848E-002,
1.370937942442442E+009,7.001490302994320E-002,
1.375922807687688E+009,6.966072639128139E-002,
1.380907672932933E+009,7.039185174429259E-002,
1.385892538178178E+009,7.099718321727865E-002,
1.390877403423424E+009,7.189890763821619E-002,
1.395862268668669E+009,7.220138830347331E-002,
1.400847133913914E+009,7.195093388228435E-002,
1.405831999159159E+009,7.195768118464022E-002,
1.410816864404404E+009,7.112721705633991E-002,
1.415801729649650E+009,6.985234689574922E-002,
1.420786594894895E+009,6.864491140814233E-002,
1.425771460140140E+009,6.708216763679262E-002,
1.430756325385386E+009,6.585886179171586E-002,
1.435741190630631E+009,6.447800775155398E-002,
1.440726055875876E+009,6.377187165764973E-002,
1.445710921121121E+009,6.210864148371797E-002,
1.450695786366366E+009,6.085549522218380E-002,
1.455680651611612E+009,5.971764943955202E-002,
1.460665516856857E+009,5.913523079372828E-002,
1.465650382102102E+009,5.824355490450127E-002,
1.470635247347347E+009,5.839733232375838E-002,
1.475620112592593E+009,5.903047754790591E-002,
1.480604977837838E+009,5.951619768318236E-002,
1.485589843083083E+009,5.904670727660491E-002,
1.490574708328328E+009,5.881575269946018E-002,
1.495559573573574E+009,5.761792914517484E-002,
1.500544438818819E+009,5.595676543507613E-002,
1.505529304064064E+009,5.495203105368855E-002,
1.510514169309309E+009,5.311357558473032E-002,
1.515499034554555E+009,5.198983955589755E-002,
1.520483899799800E+009,5.124111227659752E-002,
1.525468765045045E+009,5.069723032289494E-002,
1.530453630290290E+009,5.180235061096217E-002,
1.535438495535536E+009,5.323557428999612E-002,
1.540423360780781E+009,5.462602523337937E-002,
1.545408226026026E+009,5.634686217317843E-002,
1.550393091271271E+009,5.705880718900290E-002,
1.555377956516516E+009,5.808019233842984E-002,
1.560362821761762E+009,5.945813377952020E-002,
1.565347687007007E+009,6.069213542765936E-002,
1.570332552252252E+009,6.233963049116705E-002,
1.575317417497498E+009,6.359181938099362E-002,
1.580302282742743E+009,6.462097205646930E-002,
1.585287147987988E+009,6.512990603919971E-002,
1.590272013233233E+009,6.575887907412695E-002,
1.595256878478478E+009,6.565354845164922E-002,
1.600241743723724E+009,6.480111193789588E-002,
1.605226608968969E+009,6.435793204854870E-002,
1.610211474214214E+009,6.328782714447073E-002,
1.615196339459460E+009,6.241486614828443E-002,
1.620181204704705E+009,6.195032204106425E-002,
1.625166069949950E+009,6.096035640922574E-002,
1.630150935195195E+009,5.993522367241484E-002,
1.635135800440440E+009,5.945236574953681E-002,
1.640120665685686E+009,5.920596483270182E-002,
1.645105530930931E+009,5.847259793145120E-002,
1.650090396176176E+009,5.763711037013257E-002,
1.655075261421422E+009,5.697300072827398E-002,
1.660060126666667E+009,5.608853196264813E-002,
1.665044991911912E+009,5.568533223384391E-002,
1.670029857157157E+009,5.486320969598180E-002,
1.675014722402402E+009,5.304107689326436E-002,
1.679999587647648E+009,5.167460851122332E-002,
1.684984452892893E+009,4.900699424511242E-002,
1.689969318138138E+009,4.588728786259123E-002,
1.694954183383384E+009,4.202681859593938E-002,
1.699939048628629E+009,3.797470329527247E-002,
1.704923913873874E+009,3.400365363630282E-002,
1.709908779119119E+009,3.011468859424268E-002,
1.714893644364364E+009,2.659434775217326E-002,
1.719878509609610E+009,2.294415209021592E-002,
1.724863374854855E+009,1.998961017359833E-002,
1.729848240100100E+009,1.646271501076778E-002,
1.734833105345345E+009,1.263487308168411E-002,
1.739817970590591E+009,8.746010031334692E-003,
1.744802835835836E+009,5.164333930652926E-003,
1.749787701081081E+009,3.417083138266113E-003,
1.754772566326326E+009,5.997980694367704E-003,
1.759757431571572E+009,9.677682904577850E-003,
1.764742296816817E+009,1.351525228753225E-002,
1.769727162062062E+009,1.628043516452960E-002,
1.774712027307307E+009,1.885829357463301E-002,
1.779696892552553E+009,2.101472533126873E-002,
1.784681757797798E+009,2.296118391170195E-002,
1.789666623043043E+009,2.453129359217745E-002,
1.794651488288288E+009,2.515257858220215E-002,
1.799636353533534E+009,2.488807143326186E-002,
1.804621218778779E+009,2.521288416272575E-002,
1.809606084024024E+009,2.485404246733997E-002,
1.814590949269269E+009,2.453481961367559E-002,
1.819575814514514E+009,2.405613468823980E-002,
1.824560679759760E+009,2.341930614903650E-002,
1.829545545005005E+009,2.195510650355698E-002,
1.834530410250250E+009,2.117317759954388E-002,
1.839515275495496E+009,2.042332454234498E-002,
1.844500140740741E+009,1.954369221018207E-002,
1.849485005985986E+009,1.784259229958661E-002,
1.854469871231231E+009,1.644252057573160E-002,
1.859454736476476E+009,1.457787236142697E-002,
1.864439601721722E+009,1.193686460204717E-002,
1.869424466966967E+009,9.157827866046539E-003,
1.874409332212212E+009,6.990906233715625E-003,
1.879394197457458E+009,5.025838523456747E-003,
1.884379062702703E+009,4.101802258323687E-003,
1.889363927947948E+009,3.104746359209208E-003,
1.894348793193193E+009,1.938693330476985E-003,
1.899333658438438E+009,1.997683696552663E-003,
1.904318523683684E+009,3.170205863805484E-003,
1.909303388928929E+009,4.666178463529849E-003,
1.914288254174174E+009,6.560186733869238E-003,
1.919273119419420E+009,8.359198556459935E-003,
1.924257984664665E+009,9.758997798185967E-003,
1.929242849909910E+009,1.134470444141541E-002,
1.934227715155155E+009,1.300759502979022E-002,
1.939212580400400E+009,1.467192837943393E-002,
1.944197445645646E+009,1.577568937361868E-002,
1.949182310890891E+009,1.629364193053325E-002,
1.954167176136136E+009,1.621851509528707E-002,
1.959152041381382E+009,1.530240741552244E-002,
1.964136906626627E+009,1.483616015103881E-002,
1.969121771871872E+009,1.504638787589474E-002,
1.974106637117117E+009,1.537965968542057E-002,
1.979091502362362E+009,1.603874893340776E-002,
1.984076367607608E+009,1.672385549165751E-002,
1.989061232852853E+009,1.773566363714505E-002,
1.994046098098098E+009,1.829845512112088E-002,
1.999030963343343E+009,1.846396433071104E-002,
2.004015828588589E+009,1.866630256027825E-002,
2.009000693833834E+009,1.886256211433885E-002,
2.013985559079079E+009,1.934665892161447E-002,
2.018970424324324E+009,2.031691387749482E-002,
2.023955289569570E+009,2.121574771377374E-002,
2.028940154814815E+009,2.250689831941801E-002,
2.033925020060060E+009,2.409307716482099E-002,
2.038909885305305E+009,2.607393279450470E-002,
2.043894750550551E+009,2.815462264025639E-002,
2.048879615795796E+009,2.984781275568390E-002,
2.053864481041041E+009,3.120441074059355E-002,
2.058849346286286E+009,3.222438096578116E-002,
2.063834211531532E+009,3.289978534697394E-002,
2.068819076776777E+009,3.289552533452109E-002,
2.073803942022022E+009,3.325260205736175E-002,
2.078788807267267E+009,3.282852559987463E-002,
2.083773672512512E+009,3.276129612180883E-002,
2.088758537757758E+009,3.285741399655529E-002,
2.093743403003003E+009,3.336358997957627E-002,
2.098728268248248E+009,3.360319625515146E-002,
2.103713133493494E+009,3.394299464305448E-002,
2.108697998738739E+009,3.382423642039521E-002,
2.113682863983984E+009,3.342627703169058E-002,
2.118667729229229E+009,3.309612274205998E-002,
2.123652594474474E+009,3.186237458189844E-002,
2.128637459719720E+009,3.086365827695435E-002,
2.133622324964965E+009,3.030856762849362E-002,
2.138607190210210E+009,3.017282944950667E-002,
2.143592055455456E+009,2.930121916387661E-002,
2.148576920700701E+009,2.899273024150668E-002,
2.153561785945946E+009,2.855553878245931E-002,
2.158546651191191E+009,2.817351810595799E-002,
2.163531516436437E+009,2.800482772997372E-002,
2.168516381681682E+009,2.746365862952296E-002,
2.173501246926927E+009,2.789020714203120E-002,
2.178486112172172E+009,2.770406401035743E-002,
2.183470977417418E+009,2.798347608886767E-002,
2.188455842662663E+009,2.836997707967249E-002,
2.193440707907908E+009,2.964300976892044E-002,
2.198425573153153E+009,3.125604128101884E-002,
2.203410438398398E+009,3.297369165254119E-002,
2.208395303643644E+009,3.470111165873382E-002,
2.213380168888889E+009,3.607562842102348E-002,
2.218365034134134E+009,3.749929049006814E-002,
2.223349899379379E+009,3.775595583068798E-002,
2.228334764624625E+009,3.807898070202095E-002,
2.233319629869870E+009,3.799871747152933E-002,
2.238304495115115E+009,3.815794057923243E-002,
2.243289360360360E+009,3.822342564996910E-002,
2.248274225605606E+009,3.731803448510223E-002,
2.253259090850851E+009,3.707350283006764E-002,
2.258243956096096E+009,3.673358990468318E-002,
2.263228821341342E+009,3.594548474562518E-002,
2.268213686586587E+009,3.561336046600063E-002,
2.273198551831832E+009,3.531130305353993E-002,
2.278183417077077E+009,3.560935506613231E-002,
2.283168282322322E+009,3.619942845789799E-002,
2.288153147567567E+009,3.699828734153830E-002,
2.293138012812813E+009,3.817127650345881E-002,
2.298122878058058E+009,3.850366701617821E-002,
2.303107743303303E+009,3.924514590321672E-002,
2.308092608548549E+009,3.999734289580705E-002,
2.313077473793794E+009,4.004289496213338E-002,
2.318062339039039E+009,4.015053918216304E-002,
2.323047204284284E+009,4.062185078863721E-002,
2.328032069529530E+009,3.993305758207448E-002,
2.333016934774775E+009,3.900002692691747E-002,
2.338001800020020E+009,3.777834655806567E-002,
2.342986665265266E+009,3.701425943545449E-002,
2.347971530510510E+009,3.634088943221385E-002,
2.352956395755756E+009,3.538107049598831E-002,
2.357941261001001E+009,3.422773037093928E-002,
2.362926126246246E+009,3.271110858398623E-002,
2.367910991491491E+009,3.153424070282448E-002,
2.372895856736737E+009,3.034055716127742E-002,
2.377880721981982E+009,2.965699420552160E-002,
2.382865587227227E+009,2.788714205427648E-002,
2.387850452472473E+009,2.705525813717723E-002,
2.392835317717718E+009,2.575721970068945E-002,
2.397820182962963E+009,2.390937935546067E-002,
2.402805048208208E+009,2.278471726427228E-002,
2.407789913453454E+009,2.080140575539967E-002,
2.412774778698699E+009,1.945909585517391E-002,
2.417759643943944E+009,1.794646215128190E-002,
2.422744509189189E+009,1.688191190351609E-002,
2.427729374434434E+009,1.568056526791672E-002,
2.432714239679680E+009,1.453034078906029E-002,
2.437699104924925E+009,1.326600595977025E-002,
2.442683970170170E+009,1.187424549016022E-002,
2.447668835415415E+009,1.089458297275577E-002,
2.452653700660661E+009,1.076248766907361E-002,
2.457638565905906E+009,1.067612204461619E-002,
2.462623431151151E+009,1.012780174925973E-002,
2.467608296396397E+009,9.582497377734285E-003,
2.472593161641642E+009,9.330199813335853E-003,
2.477578026886887E+009,9.197132458358457E-003,
2.482562892132132E+009,8.796067858707169E-003,
2.487547757377378E+009,8.705078864842338E-003,
2.492532622622623E+009,8.293300124615930E-003,
2.497517487867868E+009,7.793388560627596E-003,
2.502502353113113E+009,7.407890340491344E-003,
2.507487218358358E+009,7.030215908271908E-003,
2.512472083603604E+009,6.354377786000558E-003,
2.517456948848849E+009,5.314563223115131E-003,
2.522441814094094E+009,4.142751453322287E-003,
2.527426679339339E+009,2.661788238293983E-003,
2.532411544584585E+009,1.039112930355060E-003,
2.537396409829830E+009,5.393624372976065E-004,
2.542381275075075E+009,2.284859425610311E-003,
2.547366140320320E+009,4.034431105611604E-003,
2.552351005565566E+009,5.509865328220123E-003,
2.557335870810811E+009,6.940655356298407E-003,
2.562320736056056E+009,8.579544305600068E-003,
2.567305601301302E+009,1.046973985217088E-002,
2.572290466546547E+009,1.222497159131002E-002,
2.577275331791792E+009,1.382879779994510E-002,
2.582260197037037E+009,1.608495490097677E-002,
2.587245062282282E+009,1.724754671090847E-002,
2.592229927527527E+009,1.879878078607580E-002,
2.597214792772773E+009,2.067115874427218E-002,
2.602199658018018E+009,2.211282622539984E-002,
2.607184523263263E+009,2.396992565940918E-002,
2.612169388508509E+009,2.533309597986576E-002,
2.617154253753754E+009,2.651310652155466E-002,
2.622139118998999E+009,2.800747345294611E-002,
2.627123984244244E+009,2.885416241793766E-002,
2.632108849489490E+009,3.037569336463646E-002,
2.637093714734735E+009,3.092021344700761E-002,
2.642078579979980E+009,3.077612171619971E-002,
2.647063445225225E+009,3.116504122214194E-002,
2.652048310470470E+009,3.019366165472456E-002,
2.657033175715716E+009,2.967987360007745E-002,
2.662018040960961E+009,3.032469833771322E-002,
2.667002906206206E+009,2.990820297861955E-002,
2.671987771451451E+009,3.003922723263520E-002,
2.676972636696697E+009,2.996041665295334E-002,
2.681957501941942E+009,2.951746180760608E-002,
2.686942367187187E+009,2.805641918515478E-002,
2.691927232432433E+009,2.688613626963177E-002,
2.696912097677678E+009,2.580042898522682E-002,
2.701896962922923E+009,2.437011202662221E-002,
2.706881828168168E+009,2.283969114984119E-002,
2.711866693413414E+009,2.264991730633074E-002,
2.716851558658659E+009,2.229384265174993E-002,
2.721836423903904E+009,2.097027244847236E-002,
2.726821289149149E+009,2.014566769208400E-002,
2.731806154394394E+009,1.936779418142237E-002,
2.736791019639640E+009,1.823090683460321E-002,
2.741775884884885E+009,1.694077883780009E-002,
2.746760750130130E+009,1.671079357003083E-002,
2.751745615375375E+009,1.578611950885856E-002,
2.756730480620621E+009,1.651564888285291E-002,
2.761715345865866E+009,1.690835316498001E-002,
2.766700211111111E+009,1.763440368589429E-002,
2.771685076356356E+009,1.845759748900721E-002,
2.776669941601602E+009,1.964940306672726E-002,
2.781654806846847E+009,2.087186482948292E-002,
2.786639672092092E+009,2.171441403870442E-002,
2.791624537337338E+009,2.220086055067666E-002,
2.796609402582583E+009,2.323827632138520E-002,
2.801594267827828E+009,2.384036601383167E-002,
2.806579133073073E+009,2.485279238497667E-002,
2.811563998318318E+009,2.506047685532186E-002,
2.816548863563564E+009,2.644219224052426E-002,
2.821533728808809E+009,2.691181150697515E-002,
2.826518594054054E+009,2.723502280299641E-002,
2.831503459299299E+009,2.734615173254693E-002,
2.836488324544545E+009,2.785410468321897E-002,
2.841473189789790E+009,2.797383323975074E-002,
2.846458055035035E+009,2.876433815231084E-002,
2.851442920280280E+009,2.858936972220222E-002,
2.856427785525526E+009,2.965923658906512E-002,
2.861412650770771E+009,2.966011200389689E-002,
2.866397516016016E+009,2.992750979475382E-002,
2.871382381261262E+009,2.991455001166529E-002,
2.876367246506506E+009,2.953140622479605E-002,
2.881352111751752E+009,2.877430020174777E-002,
2.886336976996997E+009,2.878000105709034E-002,
2.891321842242242E+009,2.763705261234382E-002,
2.896306707487487E+009,2.693449333093315E-002,
2.901291572732733E+009,2.595299641923902E-002,
2.906276437977978E+009,2.473820121296071E-002,
2.911261303223223E+009,2.445561605217863E-002,
2.916246168468469E+009,2.440368941300988E-002,
2.921231033713714E+009,2.379030412152063E-002,
2.926215898958959E+009,2.405904876557510E-002,
2.931200764204204E+009,2.418442612385566E-002,
2.936185629449450E+009,2.464945702768260E-002,
2.941170494694695E+009,2.473392595293409E-002,
2.946155359939940E+009,2.572067530719702E-002,
2.951140225185185E+009,2.669655590469439E-002,
2.956125090430430E+009,2.695040779454526E-002,
2.961109955675676E+009,2.768170422651053E-002,
2.966094820920921E+009,2.794833970216104E-002,
2.971079686166166E+009,2.881308300538881E-002,
2.976064551411411E+009,2.883754707483091E-002,
2.981049416656657E+009,2.913885843723113E-002,
2.986034281901902E+009,2.911972863969234E-002,
2.991019147147147E+009,2.954104618802306E-002,
2.996004012392393E+009,2.895342449522937E-002,
3.000988877637638E+009,2.832381858591616E-002,
3.005973742882883E+009,2.774008385521928E-002,
3.010958608128128E+009,2.688417007437662E-002,
3.015943473373374E+009,2.696753120574062E-002,
3.020928338618619E+009,2.644108799102308E-002,
3.025913203863864E+009,2.627020038097516E-002,
3.030898069109109E+009,2.625522511529337E-002,
3.035882934354354E+009,2.663551068389859E-002,
3.040867799599600E+009,2.671199208211169E-002,
3.045852664844845E+009,2.710074755217664E-002,
3.050837530090090E+009,2.780148121202678E-002,
3.055822395335335E+009,2.807594982262828E-002,
3.060807260580581E+009,2.816070596463964E-002,
3.065792125825826E+009,2.891476187516351E-002,
3.070776991071071E+009,2.919343856280273E-002,
3.075761856316316E+009,2.890348216206865E-002,
3.080746721561562E+009,2.858968427502035E-002,
3.085731586806807E+009,2.785035197365851E-002,
3.090716452052052E+009,2.695766393863121E-002,
3.095701317297298E+009,2.533095582252783E-002,
3.100686182542543E+009,2.470375427999791E-002,
3.105671047787788E+009,2.352097369113388E-002,
3.110655913033033E+009,2.318285707503604E-002,
3.115640778278278E+009,2.202742976892973E-002,
3.120625643523523E+009,2.241859842309439E-002,
3.125610508768769E+009,2.211650633399886E-002,
3.130595374014014E+009,2.148194589108065E-002,
3.135580239259259E+009,2.241960107452720E-002,
3.140565104504505E+009,2.281095678630787E-002,
3.145549969749750E+009,2.299919625618514E-002,
3.150534834994995E+009,2.371332302862264E-002,
3.155519700240240E+009,2.406511044710282E-002,
3.160504565485486E+009,2.497528681714924E-002,
3.165489430730731E+009,2.585595647290774E-002,
3.170474295975976E+009,2.650224413413134E-002,
3.175459161221221E+009,2.685120394303250E-002,
3.180444026466466E+009,2.683188724968978E-002,
3.185428891711712E+009,2.621431037755236E-002,
3.190413756956957E+009,2.634438121258790E-002,
3.195398622202202E+009,2.536368419493685E-002,
3.200383487447447E+009,2.447266541050455E-002,
3.205368352692693E+009,2.349721110928064E-002,
3.210353217937938E+009,2.279498297391508E-002,
3.215338083183183E+009,2.228106306968370E-002,
3.220322948428429E+009,2.134759199769003E-002,
3.225307813673674E+009,2.137984368731508E-002,
3.230292678918919E+009,2.023653353801663E-002,
3.235277544164164E+009,1.930870270253070E-002,
3.240262409409410E+009,1.879531639972078E-002,
3.245247274654655E+009,1.808859718482341E-002,
3.250232139899900E+009,1.770347935369560E-002,
3.255217005145145E+009,1.730673711711278E-002,
3.260201870390390E+009,1.631848424349819E-002,
3.265186735635636E+009,1.601198709104498E-002,
3.270171600880881E+009,1.510800900465998E-002,
3.275156466126126E+009,1.479003321855894E-002,
3.280141331371371E+009,1.370372660234027E-002,
3.285126196616617E+009,1.364121535021684E-002,
3.290111061861862E+009,1.306137241829941E-002,
3.295095927107107E+009,1.258471290608575E-002,
3.300080792352352E+009,1.214248990323361E-002,
3.305065657597598E+009,1.162519662128091E-002,
3.310050522842843E+009,1.113224686185908E-002,
3.315035388088088E+009,1.072621146253147E-002,
3.320020253333334E+009,1.035319339143176E-002,
3.325005118578579E+009,1.032715835233589E-002,
3.329989983823824E+009,1.037440183314304E-002,
3.334974849069069E+009,1.048911815435709E-002,
3.339959714314314E+009,1.060584107251938E-002,
3.344944579559560E+009,1.064551307687993E-002,
3.349929444804805E+009,1.061992794339405E-002,
3.354914310050050E+009,1.065365719907646E-002,
3.359899175295295E+009,1.078916097018721E-002,
3.364884040540541E+009,1.088976471554927E-002,
3.369868905785786E+009,1.105635180609997E-002,
3.374853771031031E+009,1.127579142881080E-002,
3.379838636276276E+009,1.155633974497031E-002,
3.384823501521522E+009,1.184275369789912E-002,
3.389808366766767E+009,1.194799233898121E-002,
3.394793232012012E+009,1.199750499427196E-002,
3.399778097257258E+009,1.195908150582345E-002,
3.404762962502502E+009,1.186236204797219E-002,
3.409747827747748E+009,1.168239602314827E-002,
3.414732692992993E+009,1.145133652782601E-002,
3.419717558238238E+009,1.127678356849636E-002,
3.424702423483483E+009,1.122180228363511E-002,
3.429687288728729E+009,1.114831213466722E-002,
3.434672153973974E+009,1.104797530031002E-002,
3.439657019219219E+009,1.075001785335428E-002,
3.444641884464465E+009,1.038406175116759E-002,
3.449626749709710E+009,9.920301191898429E-003,
3.454611614954955E+009,9.571274543034651E-003,
3.459596480200200E+009,9.223614073089914E-003,
3.464581345445446E+009,8.965520983530111E-003,
3.469566210690691E+009,8.605976516458086E-003,
3.474551075935936E+009,8.295209414582025E-003,
3.479535941181181E+009,7.946449350089205E-003,
3.484520806426426E+009,7.477654499608718E-003,
3.489505671671672E+009,7.078015869957902E-003,
3.494490536916917E+009,6.670158057581903E-003,
3.499475402162162E+009,6.352965843405526E-003,
3.504460267407407E+009,6.031622232741830E-003,
3.509445132652653E+009,5.761403639778831E-003,
3.514429997897898E+009,5.399698893770172E-003,
3.519414863143143E+009,4.950005197971390E-003,
3.524399728388389E+009,4.637847161432378E-003,
3.529384593633634E+009,4.578241317424299E-003,
3.534369458878879E+009,4.467138006743762E-003,
3.539354324124124E+009,4.571239794627774E-003,
3.544339189369370E+009,4.472130712353560E-003,
3.549324054614615E+009,4.497843563541835E-003,
3.554308919859860E+009,4.273555166843124E-003,
3.559293785105105E+009,4.179983429088116E-003,
3.564278650350350E+009,4.202110629189952E-003,
3.569263515595596E+009,4.233952180304858E-003,
3.574248380840841E+009,4.414055186784336E-003,
3.579233246086086E+009,4.617806241248487E-003,
3.584218111331331E+009,4.709305387809332E-003,
3.589202976576577E+009,4.875254983351305E-003,
3.594187841821822E+009,5.135798546213865E-003,
3.599172707067067E+009,5.414910897432768E-003,
3.604157572312312E+009,5.733717313111291E-003,
3.609142437557558E+009,6.195239357590102E-003,
3.614127302802803E+009,6.278045741302181E-003,
3.619112168048048E+009,6.472860734663265E-003,
3.624097033293294E+009,6.605597566900610E-003,
3.629081898538539E+009,6.690463920690750E-003,
3.634066763783784E+009,6.982901945801653E-003,
3.639051629029029E+009,7.242482074900058E-003,
3.644036494274274E+009,7.465078178728496E-003,
3.649021359519519E+009,7.665373076144624E-003,
3.654006224764765E+009,7.940906242257828E-003,
3.658991090010010E+009,8.273205918809506E-003,
3.663975955255255E+009,8.619872063500433E-003,
3.668960820500501E+009,8.818955450236013E-003,
3.673945685745746E+009,8.998859701435387E-003,
3.678930550990991E+009,9.310255732552016E-003,
3.683915416236236E+009,9.684506495004101E-003,
3.688900281481482E+009,1.018216124534690E-002,
3.693885146726727E+009,1.051467844731770E-002,
3.698870011971972E+009,1.070574254242590E-002,
3.703854877217217E+009,1.083042929196810E-002,
3.708839742462462E+009,1.100127402340095E-002,
3.713824607707708E+009,1.099780718111654E-002,
3.718809472952953E+009,1.104096346561363E-002,
3.723794338198198E+009,1.104272036424222E-002,
3.728779203443443E+009,1.099736210610257E-002,
3.733764068688689E+009,1.105848103805522E-002,
3.738748933933934E+009,1.097880752117619E-002,
3.743733799179179E+009,1.093569235434164E-002,
3.748718664424425E+009,1.087949248340895E-002,
3.753703529669670E+009,1.076454396480628E-002,
3.758688394914915E+009,1.086336513305569E-002,
3.763673260160160E+009,1.085775425026217E-002,
3.768658125405406E+009,1.092186610348566E-002,
3.773642990650651E+009,1.111585673423269E-002,
3.778627855895896E+009,1.127869283748478E-002,
3.783612721141141E+009,1.135018660530032E-002,
3.788597586386386E+009,1.147537784811613E-002,
3.793582451631632E+009,1.164215037674937E-002,
3.798567316876877E+009,1.169464283969000E-002,
3.803552182122122E+009,1.171762285149117E-002,
3.808537047367367E+009,1.163866359677242E-002,
3.813521912612613E+009,1.173926775536833E-002,
3.818506777857858E+009,1.175071259492464E-002,
3.823491643103103E+009,1.178861397678154E-002,
3.828476508348349E+009,1.178945972878579E-002,
3.833461373593594E+009,1.180646354752858E-002,
3.838446238838839E+009,1.168099018782480E-002,
3.843431104084084E+009,1.179666658016754E-002,
3.848415969329330E+009,1.201544716230040E-002,
3.853400834574575E+009,1.230610361021940E-002,
3.858385699819820E+009,1.286142736612982E-002,
3.863370565065065E+009,1.353696735896743E-002,
3.868355430310310E+009,1.410708728382699E-002,
3.873340295555556E+009,1.471612356336491E-002,
3.878325160800801E+009,1.498120379962916E-002,
3.883310026046046E+009,1.529146166746871E-002,
3.888294891291291E+009,1.549121303921411E-002,
3.893279756536537E+009,1.552800984591346E-002,
3.898264621781782E+009,1.541128478450986E-002,
3.903249487027027E+009,1.515271860865619E-002,
3.908234352272272E+009,1.499362127923273E-002,
3.913219217517518E+009,1.479482247313736E-002,
3.918204082762763E+009,1.466097225644906E-002,
3.923188948008008E+009,1.458746865776247E-002,
3.928173813253254E+009,1.454081155436583E-002,
3.933158678498498E+009,1.443391963610519E-002,
3.938143543743744E+009,1.448457663634347E-002,
3.943128408988989E+009,1.446359248007116E-002,
3.948113274234234E+009,1.452650472260562E-002,
3.953098139479479E+009,1.467907603775173E-002,
3.958083004724725E+009,1.472589073118036E-002,
3.963067869969970E+009,1.492339724646598E-002,
3.968052735215215E+009,1.495179894658280E-002,
3.973037600460461E+009,1.502220103767165E-002,
3.978022465705706E+009,1.499356429632515E-002,
3.983007330950951E+009,1.490170969199534E-002,
3.987992196196196E+009,1.481129795846960E-002,
3.992977061441442E+009,1.465026224326784E-002,
3.997961926686687E+009,1.428326575179977E-002,
4.002946791931932E+009,1.387713466811769E-002,
4.007931657177177E+009,1.321075363834564E-002,
4.012916522422422E+009,1.252938390084093E-002,
4.017901387667668E+009,1.179981816399610E-002,
4.022886252912913E+009,1.133443098657716E-002,
4.027871118158158E+009,1.114167543299093E-002,
4.032855983403403E+009,1.121115145876934E-002,
4.037840848648649E+009,1.144154919479101E-002,
4.042825713893894E+009,1.175642127281922E-002,
4.047810579139139E+009,1.192128228005571E-002,
4.052795444384385E+009,1.218820707789106E-002,
4.057780309629630E+009,1.243713501100282E-002,
4.062765174874875E+009,1.266921455487400E-002,
4.067750040120120E+009,1.275775849101525E-002,
4.072734905365366E+009,1.271253903823993E-002,
4.077719770610611E+009,1.270654011283415E-002,
4.082704635855856E+009,1.266037677238152E-002,
4.087689501101101E+009,1.256588248799331E-002,
4.092674366346346E+009,1.226353284177341E-002,
4.097659231591592E+009,1.181813696750915E-002,
4.102644096836837E+009,1.138289896592697E-002,
4.107628962082082E+009,1.098501959736219E-002,
4.112613827327327E+009,1.074978122803777E-002,
4.117598692572573E+009,1.043263532694611E-002,
4.122583557817818E+009,1.034110710299384E-002,
4.127568423063063E+009,1.023404571359581E-002,
4.132553288308308E+009,1.019178744921249E-002,
4.137538153553554E+009,1.013887323437611E-002,
4.142523018798799E+009,1.003832852450819E-002,
4.147507884044044E+009,1.018135188135945E-002,
4.152492749289290E+009,1.025914646007117E-002,
4.157477614534535E+009,1.039347850740892E-002,
4.162462479779780E+009,1.047042262677613E-002,
4.167447345025025E+009,1.066026226562551E-002,
4.172432210270270E+009,1.075265574619277E-002,
4.177417075515515E+009,1.070054091152808E-002,
4.182401940760761E+009,1.058634161998222E-002,
4.187386806006006E+009,1.041868265378892E-002,
4.192371671251251E+009,1.014632706326367E-002,
4.197356536496497E+009,9.726127393670039E-003,
4.202341401741742E+009,9.450678956939301E-003,
4.207326266986987E+009,9.134360300198617E-003,
4.212311132232232E+009,8.862488328026457E-003,
4.217295997477478E+009,8.519880111848125E-003,
4.222280862722723E+009,8.457903701965853E-003,
4.227265727967968E+009,8.359358102717407E-003,
4.232250593213213E+009,8.457936944953438E-003,
4.237235458458458E+009,8.447371860802350E-003,
4.242220323703704E+009,8.599424521390581E-003,
4.247205188948949E+009,8.676563635996958E-003,
4.252190054194194E+009,8.847858735464668E-003,
4.257174919439439E+009,8.945298133936370E-003,
4.262159784684685E+009,9.006967935995140E-003,
4.267144649929930E+009,9.096505709241037E-003,
4.272129515175175E+009,9.221524261698217E-003,
4.277114380420421E+009,9.380518807940061E-003,
4.282099245665666E+009,9.505984096758251E-003,
4.287084110910911E+009,9.741289961172028E-003,
4.292068976156156E+009,9.755537903275022E-003,
4.297053841401402E+009,9.939993516425516E-003,
4.302038706646647E+009,1.001327616254585E-002,
4.307023571891892E+009,1.010775161565052E-002,
4.312008437137137E+009,1.013265986748495E-002,
4.316993302382382E+009,1.008490272388223E-002,
4.321978167627627E+009,1.011607342059499E-002,
4.326963032872873E+009,1.009180720259413E-002,
4.331947898118118E+009,1.018173713618396E-002,
4.336932763363363E+009,1.019846735865848E-002,
4.341917628608608E+009,1.030696749829146E-002,
4.346902493853854E+009,1.029424794505119E-002,
4.351887359099099E+009,1.042097849774864E-002,
4.356872224344344E+009,1.052985532687514E-002,
4.361857089589590E+009,1.076917593251011E-002,
4.366841954834835E+009,1.113365432624498E-002,
4.371826820080080E+009,1.152801203595085E-002,
4.376811685325325E+009,1.185143422108670E-002,
4.381796550570571E+009,1.219739803074164E-002,
4.386781415815816E+009,1.254112340096964E-002,
4.391766281061061E+009,1.278970916442871E-002,
4.396751146306306E+009,1.302725187163491E-002,
4.401736011551552E+009,1.319465930726786E-002,
4.406720876796797E+009,1.326411073554857E-002,
4.411705742042042E+009,1.326397447975749E-002,
4.416690607287288E+009,1.306349019654942E-002,
4.421675472532533E+009,1.289981075314145E-002,
4.426660337777778E+009,1.281351686283033E-002,
4.431645203023023E+009,1.255778185364780E-002,
4.436630068268269E+009,1.235825777565452E-002,
4.441614933513514E+009,1.209383694424891E-002,
4.446599798758759E+009,1.197357544393900E-002,
4.451584664004005E+009,1.196814180671888E-002,
4.456569529249250E+009,1.199087571685484E-002,
4.461554394494494E+009,1.182411700498330E-002,
4.466539259739739E+009,1.198338930654934E-002,
4.471524124984985E+009,1.202936686240881E-002,
4.476508990230230E+009,1.231117708588446E-002,
4.481493855475475E+009,1.271515621659212E-002,
4.486478720720720E+009,1.320456276932992E-002,
4.491463585965966E+009,1.363862991798526E-002,
4.496448451211211E+009,1.403813796072594E-002,
4.501433316456456E+009,1.444659096071900E-002,
4.506418181701702E+009,1.473995336943695E-002,
4.511403046946947E+009,1.489479501594169E-002,
4.516387912192192E+009,1.498736227067123E-002,
4.521372777437437E+009,1.480826306821739E-002,
4.526357642682683E+009,1.464204960791951E-002,
4.531342507927928E+009,1.403879957729084E-002,
4.536327373173173E+009,1.352387464638957E-002,
4.541312238418419E+009,1.300002597898555E-002,
4.546297103663664E+009,1.245949005543199E-002,
4.551281968908909E+009,1.219270076813026E-002,
4.556266834154154E+009,1.201884445787920E-002,
4.561251699399400E+009,1.202332264425087E-002,
4.566236564644645E+009,1.213940919725696E-002,
4.571221429889890E+009,1.236174205799259E-002,
4.576206295135135E+009,1.263271196716639E-002,
4.581191160380381E+009,1.279710085779273E-002,
4.586176025625626E+009,1.293265077229183E-002,
4.591160890870871E+009,1.291960648123341E-002,
4.596145756116117E+009,1.327965762074619E-002,
4.601130621361362E+009,1.333789454091271E-002,
4.606115486606607E+009,1.334027803611043E-002,
4.611100351851852E+009,1.335936120396382E-002,
4.616085217097097E+009,1.335530257947802E-002,
4.621070082342342E+009,1.320452465127197E-002,
4.626054947587587E+009,1.300920365904297E-002,
4.631039812832833E+009,1.271468891801976E-002,
4.636024678078078E+009,1.227534294155673E-002,
4.641009543323323E+009,1.187558126905842E-002,
4.645994408568568E+009,1.151628650055600E-002,
4.650979273813814E+009,1.121873247675373E-002,
4.655964139059059E+009,1.102621052570234E-002,
4.660949004304304E+009,1.081835543739261E-002,
4.665933869549550E+009,1.082058250494296E-002,
4.670918734794795E+009,1.071255000572091E-002,
4.675903600040040E+009,1.096278833952489E-002,
4.680888465285285E+009,1.106470916136957E-002,
4.685873330530531E+009,1.115220440941815E-002,
4.690858195775776E+009,1.134718785060943E-002,
4.695843061021021E+009,1.145166755899918E-002,
4.700827926266266E+009,1.165923202362220E-002,
4.705812791511512E+009,1.183822878243196E-002,
4.710797656756757E+009,1.208682707791406E-002,
4.715782522002002E+009,1.210928743008357E-002,
4.720767387247248E+009,1.203382530581991E-002,
4.725752252492493E+009,1.185284266760880E-002,
4.730737117737738E+009,1.143901121935522E-002,
4.735721982982983E+009,1.090736458832792E-002,
4.740706848228229E+009,1.034946612069831E-002,
4.745691713473474E+009,9.808467245129248E-003,
4.750676578718719E+009,9.328688565520736E-003,
4.755661443963965E+009,8.753744539593133E-003,
4.760646309209209E+009,8.316691572815151E-003,
4.765631174454454E+009,8.138446681305785E-003,
4.770616039699699E+009,7.953792870032318E-003,
4.775600904944945E+009,7.849152044619664E-003,
4.780585770190190E+009,8.002737747775796E-003,
4.785570635435435E+009,8.171857770094743E-003,
4.790555500680680E+009,8.390560497659710E-003,
4.795540365925926E+009,8.633755900921717E-003,
4.800525231171171E+009,8.865169908973658E-003,
4.805510096416416E+009,9.167470247804654E-003,
4.810494961661662E+009,9.374923066679926E-003,
4.815479826906907E+009,9.353256218448231E-003,
4.820464692152152E+009,9.383720392463416E-003,
4.825449557397397E+009,9.249827623633265E-003,
4.830434422642643E+009,9.042768791972760E-003,
4.835419287887888E+009,8.735136338966127E-003,
4.840404153133133E+009,8.406380794286534E-003,
4.845389018378379E+009,8.036840737227454E-003,
4.850373883623624E+009,7.660722024965089E-003,
4.855358748868869E+009,7.537299558049829E-003,
4.860343614114114E+009,7.320904912535127E-003,
4.865328479359360E+009,7.229358845606049E-003,
4.870313344604605E+009,7.147483240120301E-003,
4.875298209849850E+009,7.134324380215167E-003,
4.880283075095095E+009,7.371687527210675E-003,
4.885267940340341E+009,7.514215161466534E-003,
4.890252805585586E+009,7.866518636491397E-003,
4.895237670830831E+009,8.211318053245582E-003,
4.900222536076077E+009,8.660305954274160E-003,
4.905207401321322E+009,8.958682762170022E-003,
4.910192266566567E+009,9.231837841414721E-003,
4.915177131811811E+009,9.496466007531674E-003,
4.920161997057057E+009,9.428803601433937E-003,
4.925146862302302E+009,9.572463300172496E-003,
4.930131727547547E+009,9.555007674408323E-003,
4.935116592792793E+009,9.445348613680359E-003,
4.940101458038038E+009,9.326134486733180E-003,
4.945086323283283E+009,9.212033888886920E-003,
4.950071188528528E+009,9.117588165078678E-003,
4.955056053773774E+009,8.908679042548500E-003,
4.960040919019019E+009,8.612227275020444E-003,
4.965025784264264E+009,8.570043053300102E-003,
4.970010649509509E+009,8.455132956563203E-003,
4.974995514754755E+009,8.351356425426011E-003,
4.979980380000000E+009,8.194322334406676E-003,
