% Version 1.00
%
% Ref Impedances: Z01: 50, Z02: 50
% 
%freq[Hz];Trc1_S21[U];
1.000000000000000E+005,4.117695087877622E-005,
5.084865245245245E+006,1.562706979342601E-004,
1.006973049049049E+007,9.222208600581244E-004,
1.505459573573574E+007,1.849160087212376E-003,
2.003946098098098E+007,2.388440118963722E-003,
2.502432622622623E+007,3.371851159463830E-003,
3.000919147147147E+007,4.734220679010555E-003,
3.499405671671671E+007,8.148722458337119E-003,
3.997892196196196E+007,1.638166192472827E-002,
4.496378720720721E+007,7.747477221837408E-002,
4.994865245245245E+007,4.016817838840075E-002,
5.493351769769770E+007,2.324979012790602E-002,
5.991838294294295E+007,1.898617294996014E-002,
6.490324818818819E+007,1.336544174927848E-002,
6.988811343343343E+007,1.145443273983165E-002,
7.487297867867868E+007,1.012480770098910E-002,
7.985784392392393E+007,9.738040272521313E-003,
8.484270916916917E+007,1.006616558843003E-002,
8.982757441441442E+007,1.117912648290009E-002,
9.481243965965965E+007,1.200345090825307E-002,
9.979730490490490E+007,1.377885020442002E-002,
1.047821701501502E+008,1.582099462555535E-002,
1.097670353953954E+008,1.844234624213834E-002,
1.147519006406407E+008,2.180409170235928E-002,
1.197367658858859E+008,2.561390402898309E-002,
1.247216311311311E+008,3.081812610453226E-002,
1.297064963763764E+008,3.837786693259979E-002,
1.346913616216216E+008,5.059520617788205E-002,
1.396762268668669E+008,7.190695469145088E-002,
1.446610921121121E+008,1.131376171337921E-001,
1.496459573573574E+008,2.005854495704509E-001,
1.546308226026026E+008,2.114488897325274E-001,
1.596156878478479E+008,1.367623700992087E-001,
1.646005530930931E+008,1.053659750294986E-001,
1.695854183383384E+008,9.145248570538660E-002,
1.745702835835836E+008,7.378019816798853E-002,
1.795551488288288E+008,4.364470412487358E-002,
1.845400140740741E+008,2.528343444878486E-002,
1.895248793193193E+008,1.808585626990826E-002,
1.945097445645646E+008,1.578024464304195E-002,
1.994946098098098E+008,1.401833191753030E-002,
2.044794750550551E+008,1.229198913252996E-002,
2.094643403003003E+008,1.022835255942377E-002,
2.144492055455456E+008,8.950933493627205E-003,
2.194340707907908E+008,7.794750740664993E-003,
2.244189360360360E+008,6.916461307013229E-003,
2.294038012812813E+008,5.839493295374419E-003,
2.343886665265265E+008,4.930059893911242E-003,
2.393735317717718E+008,4.797938635488890E-003,
2.443583970170170E+008,6.586775231892278E-003,
2.493432622622623E+008,1.117370057188792E-002,
2.543281275075075E+008,1.922465648750397E-002,
2.593129927527528E+008,3.363145612244536E-002,
2.642978579979980E+008,6.359252225761626E-002,
2.692827232432432E+008,1.236258632202429E-001,
2.742675884884885E+008,1.321684842362445E-001,
2.792524537337337E+008,8.792894408334818E-002,
2.842373189789790E+008,6.208490047174239E-002,
2.892221842242242E+008,4.827910810935766E-002,
2.942070494694695E+008,3.956525188203571E-002,
2.991919147147147E+008,3.373126775447516E-002,
3.041767799599600E+008,2.857339991079996E-002,
3.091616452052052E+008,2.496677025277535E-002,
3.141465104504505E+008,2.158325718492076E-002,
3.191313756956957E+008,1.802550798487846E-002,
3.241162409409409E+008,1.554571790337726E-002,
3.291011061861862E+008,1.292802991869888E-002,
3.340859714314314E+008,1.084766416543859E-002,
3.390708366766767E+008,7.760454165280431E-003,
3.440557019219219E+008,6.070530981479594E-003,
3.490405671671672E+008,4.320391003053099E-003,
3.540254324124124E+008,2.757462222952219E-003,
3.590102976576577E+008,1.322639716287661E-003,
3.639951629029029E+008,2.351392937040962E-004,
3.689800281481482E+008,1.180100907805190E-003,
3.739648933933934E+008,2.448806096494106E-003,
3.789497586386386E+008,3.605984996481894E-003,
3.839346238838839E+008,4.566317491686072E-003,
3.889194891291291E+008,5.430866417952312E-003,
3.939043543743744E+008,6.111364699795530E-003,
3.988892196196196E+008,6.436801242497075E-003,
4.038740848648649E+008,6.916384394435319E-003,
4.088589501101101E+008,8.418236231843269E-003,
4.138438153553554E+008,1.047501221752526E-002,
4.188286806006006E+008,1.397462935168060E-002,
4.238135458458459E+008,1.679711665500202E-002,
4.287984110910911E+008,1.815434157659546E-002,
4.337832763363363E+008,1.796171315384618E-002,
4.387681415815816E+008,1.763941724849041E-002,
4.437530068268268E+008,1.800590262006190E-002,
4.487378720720721E+008,1.839766074734098E-002,
4.537227373173173E+008,1.901016172222133E-002,
4.587076025625626E+008,2.017680231165602E-002,
4.636924678078078E+008,2.109728426341972E-002,
4.686773330530531E+008,2.197623283132977E-002,
4.736621982982983E+008,2.379816490357414E-002,
4.786470635435436E+008,2.526584039741785E-002,
4.836319287887888E+008,2.723875211883545E-002,
4.886167940340340E+008,2.923968075464900E-002,
4.936016592792793E+008,3.065733705177810E-002,
4.985865245245245E+008,3.213780895654581E-002,
5.035713897697698E+008,3.248730022806429E-002,
5.085562550150150E+008,3.330743606818024E-002,
5.135411202602603E+008,3.363782846194357E-002,
5.185259855055055E+008,3.422570241766774E-002,
5.235108507507508E+008,3.491175893875301E-002,
5.284957159959960E+008,3.523452499364214E-002,
5.334805812412412E+008,3.648333420382173E-002,
5.384654464864864E+008,3.807029949594857E-002,
5.434503117317318E+008,4.079946916575209E-002,
5.484351769769770E+008,4.346994297560794E-002,
5.534200422222222E+008,4.661754591443337E-002,
5.584049074674674E+008,4.984572364768344E-002,
5.633897727127128E+008,5.306122080373692E-002,
5.683746379579580E+008,5.674439280088955E-002,
5.733595032032032E+008,5.992621827857932E-002,
5.783443684484484E+008,6.249444751452646E-002,
5.833292336936938E+008,6.498381168659513E-002,
5.883140989389390E+008,6.684934685465724E-002,
5.932989641841842E+008,6.824511895246814E-002,
5.982838294294294E+008,6.914557114228023E-002,
6.032686946746746E+008,6.887155627416294E-002,
6.082535599199200E+008,6.954795661322694E-002,
6.132384251651652E+008,6.943085618913103E-002,
6.182232904104104E+008,6.969787126793343E-002,
6.232081556556556E+008,6.970018234237901E-002,
6.281930209009010E+008,6.989478186004286E-002,
6.331778861461462E+008,6.914929632053882E-002,
6.381627513913914E+008,6.859769456472156E-002,
6.431476166366366E+008,6.824807589129751E-002,
6.481324818818818E+008,6.855215841882258E-002,
6.531173471271272E+008,6.828633828542410E-002,
6.581022123723724E+008,6.828459641317665E-002,
6.630870776176176E+008,6.963182413471721E-002,
6.680719428628628E+008,7.022911876796571E-002,
6.730568081081082E+008,7.251010536835545E-002,
6.780416733533534E+008,7.554670642688319E-002,
6.830265385985986E+008,7.689497306259371E-002,
6.880114038438438E+008,7.955857746261523E-002,
6.929962690890890E+008,8.268602110195319E-002,
6.979811343343344E+008,8.553973633237438E-002,
7.029659995795796E+008,9.063370844498683E-002,
7.079508648248248E+008,9.609494889717332E-002,
7.129357300700700E+008,9.982943912604490E-002,
7.179205953153154E+008,1.018852723835537E-001,
7.229054605605606E+008,1.045740050594693E-001,
7.278903258058058E+008,1.080424596069578E-001,
7.328751910510510E+008,1.128802894333829E-001,
7.378600562962964E+008,1.171823218459879E-001,
7.428449215415416E+008,1.232293946032815E-001,
7.478297867867868E+008,1.290793732006390E-001,
7.528146520320320E+008,1.347185206868305E-001,
7.577995172772772E+008,1.408429200324855E-001,
7.627843825225226E+008,1.474483671368990E-001,
7.677692477677678E+008,1.539681805629922E-001,
7.727541130130130E+008,1.593332545066661E-001,
7.777389782582582E+008,1.631793244737487E-001,
7.827238435035036E+008,1.642876648194100E-001,
7.877087087487488E+008,1.616650689758981E-001,
7.926935739939940E+008,1.577160687896198E-001,
7.976784392392392E+008,1.531240336472991E-001,
8.026633044844844E+008,1.499208364222771E-001,
8.076481697297298E+008,1.460323341150741E-001,
8.126330349749750E+008,1.416106716601157E-001,
8.176179002202202E+008,1.390738153448304E-001,
8.226027654654654E+008,1.388880543260743E-001,
8.275876307107108E+008,1.394566320605755E-001,
8.325724959559560E+008,1.418472268039608E-001,
8.375573612012012E+008,1.430484241490658E-001,
8.425422264464464E+008,1.448311305880923E-001,
8.475270916916918E+008,1.473181700724164E-001,
8.525119569369370E+008,1.494527844827883E-001,
8.574968221821822E+008,1.493298354423472E-001,
8.624816874274274E+008,1.479361101215014E-001,
8.674665526726726E+008,1.465182919232952E-001,
8.724514179179180E+008,1.420016521913707E-001,
8.774362831631632E+008,1.359341787063549E-001,
8.824211484084084E+008,1.307244922671251E-001,
8.874060136536536E+008,1.294178622028470E-001,
8.923908788988990E+008,1.306920548273969E-001,
8.973757441441442E+008,1.319715905828250E-001,
9.023606093893894E+008,1.323947326545621E-001,
9.073454746346346E+008,1.338581235255330E-001,
9.123303398798798E+008,1.384520723166176E-001,
9.173152051251252E+008,1.422082724304357E-001,
9.223000703703704E+008,1.467392236938969E-001,
9.272849356156156E+008,1.486827791907883E-001,
9.322698008608608E+008,1.498896076818413E-001,
9.372546661061062E+008,1.494289416959891E-001,
9.422395313513514E+008,1.488095884160094E-001,
9.472243965965966E+008,1.491037124805404E-001,
9.522092618418418E+008,1.478501131800539E-001,
9.571941270870872E+008,1.464727548645209E-001,
9.621789923323324E+008,1.437061875266405E-001,
9.671638575775776E+008,1.398233607862419E-001,
9.721487228228228E+008,1.355014890492675E-001,
9.771335880680680E+008,1.296179600929455E-001,
9.821184533133134E+008,1.233389931652376E-001,
9.871033185585586E+008,1.185377198981394E-001,
9.920881838038038E+008,1.150856759904569E-001,
9.970730490490490E+008,1.114106805373828E-001,
1.002057914294294E+009,1.088309171374666E-001,
1.007042779539540E+009,1.058645238989930E-001,
1.012027644784785E+009,1.046711339179070E-001,
1.017012510030030E+009,1.038657283545999E-001,
1.021997375275275E+009,1.043049533395786E-001,
1.026982240520521E+009,1.046200233848128E-001,
1.031967105765766E+009,1.032101849819093E-001,
1.036951971011011E+009,1.014922345116474E-001,
1.041936836256256E+009,1.004221375842338E-001,
1.046921701501502E+009,1.007893840784708E-001,
1.051906566746747E+009,1.012336941753871E-001,
1.056891431991992E+009,1.018918053266436E-001,
1.061876297237237E+009,1.033332828244528E-001,
1.066861162482482E+009,1.056700266808777E-001,
1.071846027727728E+009,1.088897559179979E-001,
1.076830892972973E+009,1.129501309902733E-001,
1.081815758218218E+009,1.171609983312639E-001,
1.086800623463464E+009,1.217720019679951E-001,
1.091785488708709E+009,1.247176609700214E-001,
1.096770353953954E+009,1.276159244812333E-001,
1.101755219199199E+009,1.304249557247015E-001,
1.106740084444444E+009,1.321423779055452E-001,
1.111724949689690E+009,1.330871088570687E-001,
1.116709814934935E+009,1.344564835602257E-001,
1.121694680180180E+009,1.355379188527322E-001,
1.126679545425426E+009,1.339370198167903E-001,
1.131664410670671E+009,1.321938883606495E-001,
1.136649275915916E+009,1.288721862974106E-001,
1.141634141161161E+009,1.237883319787532E-001,
1.146619006406406E+009,1.174132848081720E-001,
1.151603871651652E+009,1.107408668044722E-001,
1.156588736896897E+009,1.028922117473173E-001,
1.161573602142142E+009,9.574244982183880E-002,
1.166558467387388E+009,9.025458706862423E-002,
1.171543332632633E+009,8.620133632837319E-002,
1.176528197877878E+009,8.419982087479373E-002,
1.181513063123123E+009,8.422944305217324E-002,
1.186497928368368E+009,8.505257436105000E-002,
1.191482793613614E+009,8.640304932245173E-002,
1.196467658858859E+009,8.772848201747367E-002,
1.201452524104104E+009,8.673362041206501E-002,
1.206437389349349E+009,8.560435561372673E-002,
1.211422254594595E+009,8.311744784612130E-002,
1.216407119839840E+009,8.040129135099144E-002,
1.221391985085085E+009,7.756285127764599E-002,
1.226376850330330E+009,7.560707461161118E-002,
1.231361715575576E+009,7.369980537560640E-002,
1.236346580820821E+009,7.196391021228958E-002,
1.241331446066066E+009,7.116575494515232E-002,
1.246316311311311E+009,7.159833696351721E-002,
1.251301176556557E+009,7.339759264891414E-002,
1.256286041801802E+009,7.561416988827668E-002,
1.261270907047047E+009,7.759000179761404E-002,
1.266255772292292E+009,7.999679693160608E-002,
1.271240637537538E+009,8.128973074824900E-002,
1.276225502782783E+009,8.284131764226191E-002,
1.281210368028028E+009,8.431854364942175E-002,
1.286195233273273E+009,8.504428219727112E-002,
1.291180098518518E+009,8.551808413252901E-002,
1.296164963763764E+009,8.610099612297596E-002,
1.301149829009009E+009,8.600447601965665E-002,
1.306134694254254E+009,8.512453955046299E-002,
1.311119559499500E+009,8.339843291760486E-002,
1.316104424744745E+009,8.081891529109644E-002,
1.321089289989990E+009,7.708841034475272E-002,
1.326074155235235E+009,7.407844898033675E-002,
1.331059020480480E+009,7.107758454045852E-002,
1.336043885725726E+009,6.911215121985591E-002,
1.341028750970971E+009,6.816861507258082E-002,
1.346013616216216E+009,6.713713718704105E-002,
1.350998481461462E+009,6.601763431947097E-002,
1.355983346706707E+009,6.552489872046138E-002,
1.360968211951952E+009,6.579175159962986E-002,
1.365953077197197E+009,6.489626561676934E-002,
1.370937942442442E+009,6.388219286129998E-002,
1.375922807687688E+009,6.279902897309674E-002,
1.380907672932933E+009,6.304702023389383E-002,
1.385892538178178E+009,6.329160224249410E-002,
1.390877403423424E+009,6.359724785863569E-002,
1.395862268668669E+009,6.342223410221592E-002,
1.400847133913914E+009,6.379879461320503E-002,
1.405831999159159E+009,6.401174466694447E-002,
1.410816864404404E+009,6.257704536713973E-002,
1.415801729649650E+009,6.137363569528342E-002,
1.420786594894895E+009,5.934929367473596E-002,
1.425771460140140E+009,5.759663191260139E-002,
1.430756325385386E+009,5.570943017640891E-002,
1.435741190630631E+009,5.444793857407172E-002,
1.440726055875876E+009,5.279779026173271E-002,
1.445710921121121E+009,5.159155974319585E-002,
1.450695786366366E+009,5.111716084855299E-002,
1.455680651611612E+009,5.135210334794775E-002,
1.460665516856857E+009,5.186325458690867E-002,
1.465650382102102E+009,5.281869365651831E-002,
1.470635247347347E+009,5.481547665664865E-002,
1.475620112592593E+009,5.663005851847237E-002,
1.480604977837838E+009,5.798504854911515E-002,
1.485589843083083E+009,5.845759985086696E-002,
1.490574708328328E+009,5.750620248014671E-002,
1.495559573573574E+009,5.649638649896617E-002,
1.500544438818819E+009,5.502993329178942E-002,
1.505529304064064E+009,5.385325057064327E-002,
1.510514169309309E+009,5.318067708351339E-002,
1.515499034554555E+009,5.248539433625817E-002,
1.520483899799800E+009,5.264138466675851E-002,
1.525468765045045E+009,5.368966582637332E-002,
1.530453630290290E+009,5.545533388569898E-002,
1.535438495535536E+009,5.705757299272666E-002,
1.540423360780781E+009,5.824004526115787E-002,
1.545408226026026E+009,5.858091387481182E-002,
1.550393091271271E+009,5.943289982041742E-002,
1.555377956516516E+009,6.060898910726629E-002,
1.560362821761762E+009,6.257126450623121E-002,
1.565347687007007E+009,6.463431799277136E-002,
1.570332552252252E+009,6.667518654036146E-002,
1.575317417497498E+009,6.825562900155043E-002,
1.580302282742743E+009,6.895072142569589E-002,
1.585287147987988E+009,6.928284898201227E-002,
1.590272013233233E+009,6.923663460525521E-002,
1.595256878478478E+009,6.866845143124727E-002,
1.600241743723724E+009,6.748332204271131E-002,
1.605226608968969E+009,6.629909423420244E-002,
1.610211474214214E+009,6.526774048551085E-002,
1.615196339459460E+009,6.425535334164091E-002,
1.620181204704705E+009,6.319197608169462E-002,
1.625166069949950E+009,6.212226788978016E-002,
1.630150935195195E+009,6.114425210112279E-002,
1.635135800440440E+009,6.029399213429490E-002,
1.640120665685686E+009,5.890898922116749E-002,
1.645105530930931E+009,5.688086739532363E-002,
1.650090396176176E+009,5.388607594136236E-002,
1.655075261421422E+009,5.092864648293103E-002,
1.660060126666667E+009,4.825278928564700E-002,
1.665044991911912E+009,4.564187830076300E-002,
1.670029857157157E+009,4.212046671361109E-002,
1.675014722402402E+009,3.874036796172150E-002,
1.679999587647648E+009,3.575706605903577E-002,
1.684984452892893E+009,3.277916672632134E-002,
1.689969318138138E+009,2.990073488560900E-002,
1.694954183383384E+009,2.670159695298148E-002,
1.699939048628629E+009,2.309008983323669E-002,
1.704923913873874E+009,2.023942871447075E-002,
1.709908779119119E+009,1.716931138204373E-002,
1.714893644364364E+009,1.571300105015902E-002,
1.719878509609610E+009,1.497701288831379E-002,
1.724863374854855E+009,1.474086878472679E-002,
1.729848240100100E+009,1.487434051696636E-002,
1.734833105345345E+009,1.550274728013762E-002,
1.739817970590591E+009,1.646358229121394E-002,
1.744802835835836E+009,1.768364797556590E-002,
1.749787701081081E+009,1.929743566083936E-002,
1.754772566326326E+009,2.079626177633105E-002,
1.759757431571572E+009,2.261766646377747E-002,
1.764742296816817E+009,2.459423313249018E-002,
1.769727162062062E+009,2.546463172794488E-002,
1.774712027307307E+009,2.528535288961548E-002,
1.779696892552553E+009,2.463428160831700E-002,
1.784681757797798E+009,2.381280289046785E-002,
1.789666623043043E+009,2.215473571082752E-002,
1.794651488288288E+009,2.037083367825431E-002,
1.799636353533534E+009,1.884220645364012E-002,
1.804621218778779E+009,1.796309294539823E-002,
1.809606084024024E+009,1.632361237210594E-002,
1.814590949269269E+009,1.541891266471868E-002,
1.819575814514514E+009,1.374267050242732E-002,
1.824560679759760E+009,1.233410344661508E-002,
1.829545545005005E+009,1.096734175815660E-002,
1.834530410250250E+009,1.078375210113318E-002,
1.839515275495496E+009,1.079185409119217E-002,
1.844500140740741E+009,1.052848222120734E-002,
1.849485005985986E+009,9.403863950719937E-003,
1.854469871231231E+009,8.356240834324683E-003,
1.859454736476476E+009,7.606608421310369E-003,
1.864439601721722E+009,7.975795853645188E-003,
1.869424466966967E+009,8.411444647935492E-003,
1.874409332212212E+009,9.557236019883260E-003,
1.879394197457458E+009,1.064186769145191E-002,
1.884379062702703E+009,1.210606661906899E-002,
1.889363927947948E+009,1.315569062385172E-002,
1.894348793193193E+009,1.428624202759910E-002,
1.899333658438438E+009,1.535720518937776E-002,
1.904318523683684E+009,1.644631194420113E-002,
1.909303388928929E+009,1.702677246772740E-002,
1.914288254174174E+009,1.773333986425575E-002,
1.919273119419420E+009,1.836446708364830E-002,
1.924257984664665E+009,1.838310482979822E-002,
1.929242849909910E+009,1.808083505391003E-002,
1.934227715155155E+009,1.776189717029960E-002,
1.939212580400400E+009,1.800574028886487E-002,
1.944197445645646E+009,1.829304181908253E-002,
1.949182310890891E+009,1.896453884528129E-002,
1.954167176136136E+009,1.978920960681803E-002,
1.959152041381382E+009,2.055230407718620E-002,
1.964136906626627E+009,2.061322011583951E-002,
1.969121771871872E+009,2.076651483382326E-002,
1.974106637117117E+009,2.103915566614888E-002,
1.979091502362362E+009,2.201324584614812E-002,
1.984076367607608E+009,2.193193527260189E-002,
1.989061232852853E+009,2.297650631156957E-002,
1.994046098098098E+009,2.359261075996895E-002,
1.999030963343343E+009,2.389148274389139E-002,
2.004015828588589E+009,2.339859555370271E-002,
2.009000693833834E+009,2.318115408063612E-002,
2.013985559079079E+009,2.287958955725243E-002,
2.018970424324324E+009,2.298021776085874E-002,
2.023955289569570E+009,2.248598960256736E-002,
2.028940154814815E+009,2.212425638112531E-002,
2.033925020060060E+009,2.164527070345708E-002,
2.038909885305305E+009,2.133129235055202E-002,
2.043894750550551E+009,1.993695467808808E-002,
2.048879615795796E+009,1.932276402252959E-002,
2.053864481041041E+009,1.929848181049468E-002,
2.058849346286286E+009,1.891184144654813E-002,
2.063834211531532E+009,1.838579877370031E-002,
2.068819076776777E+009,1.755896426389502E-002,
2.073803942022022E+009,1.666576596496542E-002,
2.078788807267267E+009,1.620098374890628E-002,
2.083773672512512E+009,1.569443887192182E-002,
2.088758537757758E+009,1.527553820320906E-002,
2.093743403003003E+009,1.537241123554332E-002,
2.098728268248248E+009,1.543669695175652E-002,
2.103713133493494E+009,1.590531210846927E-002,
2.108697998738739E+009,1.795032286657964E-002,
2.113682863983984E+009,2.001860408992576E-002,
2.118667729229229E+009,2.167777057088121E-002,
2.123652594474474E+009,2.375794717292169E-002,
2.128637459719720E+009,2.495175403317583E-002,
2.133622324964965E+009,2.537586983889654E-002,
2.138607190210210E+009,2.575062257899908E-002,
2.143592055455456E+009,2.572345403731255E-002,
2.148576920700701E+009,2.595317681903311E-002,
2.153561785945946E+009,2.591426050078248E-002,
2.158546651191191E+009,2.543314245137215E-002,
2.163531516436437E+009,2.512531069435469E-002,
2.168516381681682E+009,2.483038437369247E-002,
2.173501246926927E+009,2.513955956800130E-002,
2.178486112172172E+009,2.581670593036372E-002,
2.183470977417418E+009,2.649027249823907E-002,
2.188455842662663E+009,2.693209113091704E-002,
2.193440707907908E+009,2.716956804724037E-002,
2.198425573153153E+009,2.728834110289151E-002,
2.203410438398398E+009,2.767098468245918E-002,
2.208395303643644E+009,2.784187943119354E-002,
2.213380168888889E+009,2.821424176368664E-002,
2.218365034134134E+009,2.925925910006747E-002,
2.223349899379379E+009,2.959265957203336E-002,
2.228334764624625E+009,2.997631072757806E-002,
2.233319629869870E+009,3.004411860919406E-002,
2.238304495115115E+009,2.927877382353622E-002,
2.243289360360360E+009,2.819829878488435E-002,
2.248274225605606E+009,2.774012410102721E-002,
2.253259090850851E+009,2.771292440012306E-002,
2.258243956096096E+009,2.704943005453168E-002,
2.263228821341342E+009,2.692487727705754E-002,
2.268213686586587E+009,2.684163793761659E-002,
2.273198551831832E+009,2.665111936787806E-002,
2.278183417077077E+009,2.677846292016809E-002,
2.283168282322322E+009,2.715468929487447E-002,
2.288153147567567E+009,2.754175123395836E-002,
2.293138012812813E+009,2.801769407230371E-002,
2.298122878058058E+009,2.878303760144535E-002,
2.303107743303303E+009,2.923065939390623E-002,
2.308092608548549E+009,2.915621017806462E-002,
2.313077473793794E+009,2.891955413087009E-002,
2.318062339039039E+009,2.805633441979161E-002,
2.323047204284284E+009,2.638997749253982E-002,
2.328032069529530E+009,2.414858227548859E-002,
2.333016934774775E+009,2.159208010961715E-002,
2.338001800020020E+009,1.866999118733156E-002,
2.342986665265266E+009,1.676346666195233E-002,
2.347971530510510E+009,1.390640414645984E-002,
2.352956395755756E+009,1.239508261809551E-002,
2.357941261001001E+009,9.362869153446625E-003,
2.362926126246246E+009,7.549122751117968E-003,
2.367910991491491E+009,5.754139990516992E-003,
2.372895856736737E+009,4.889277631786834E-003,
2.377880721981982E+009,4.943716822131041E-003,
2.382865587227227E+009,5.146475471612400E-003,
2.387850452472473E+009,5.257220423095814E-003,
2.392835317717718E+009,5.140423203088708E-003,
2.397820182962963E+009,5.483943659244748E-003,
2.402805048208208E+009,6.234371581828552E-003,
2.407789913453454E+009,7.108247528190115E-003,
2.412774778698699E+009,7.716355513248592E-003,
2.417759643943944E+009,8.090444742368091E-003,
2.422744509189189E+009,8.251857882163986E-003,
2.427729374434434E+009,8.444296381912030E-003,
2.432714239679680E+009,8.617032709093838E-003,
2.437699104924925E+009,8.698061967565575E-003,
2.442683970170170E+009,8.517186437009510E-003,
2.447668835415415E+009,7.936740410306632E-003,
2.452653700660661E+009,7.394658923528723E-003,
2.457638565905906E+009,6.900152766995745E-003,
2.462623431151151E+009,6.658020342447233E-003,
2.467608296396397E+009,6.521068736246380E-003,
2.472593161641642E+009,6.638750431025119E-003,
2.477578026886887E+009,6.841424772990780E-003,
2.482562892132132E+009,7.107611722766135E-003,
2.487547757377378E+009,7.385082055699865E-003,
2.492532622622623E+009,7.642938067616621E-003,
2.497517487867868E+009,8.152171352834242E-003,
2.502502353113113E+009,8.583973823764832E-003,
2.507487218358358E+009,9.248414590506000E-003,
2.512472083603604E+009,1.012941445267804E-002,
2.517456948848849E+009,1.104406287543690E-002,
2.522441814094094E+009,1.184464500008407E-002,
2.527426679339339E+009,1.267385113130882E-002,
2.532411544584585E+009,1.369423697793233E-002,
2.537396409829830E+009,1.436070857399525E-002,
2.542381275075075E+009,1.453095059705318E-002,
2.547366140320320E+009,1.430984719587918E-002,
2.552351005565566E+009,1.492833656175617E-002,
2.557335870810811E+009,1.514820895766711E-002,
2.562320736056056E+009,1.537821449705042E-002,
2.567305601301302E+009,1.525947479260723E-002,
2.572290466546547E+009,1.580079873921602E-002,
2.577275331791792E+009,1.491843577220113E-002,
2.582260197037037E+009,1.463320794016547E-002,
2.587245062282282E+009,1.438832212851157E-002,
2.592229927527527E+009,1.416515501916318E-002,
2.597214792772773E+009,1.423571737406027E-002,
2.602199658018018E+009,1.497661879604287E-002,
2.607184523263263E+009,1.423715430832109E-002,
2.612169388508509E+009,1.392069801768925E-002,
2.617154253753754E+009,1.393961878773630E-002,
2.622139118998999E+009,1.514927181960456E-002,
2.627123984244244E+009,1.598665970896020E-002,
2.632108849489490E+009,1.666111931445668E-002,
2.637093714734735E+009,1.800051279832501E-002,
2.642078579979980E+009,1.885435241156160E-002,
2.647063445225225E+009,1.922762301298158E-002,
2.652048310470470E+009,2.036251923291498E-002,
2.657033175715716E+009,2.116981137417662E-002,
2.662018040960961E+009,2.261371630846256E-002,
2.667002906206206E+009,2.338501249244169E-002,
2.671987771451451E+009,2.390228533089037E-002,
2.676972636696697E+009,2.500937779755771E-002,
2.681957501941942E+009,2.415882492452545E-002,
2.686942367187187E+009,2.500100483519597E-002,
2.691927232432433E+009,2.489243388939001E-002,
2.696912097677678E+009,2.560380219223612E-002,
2.701896962922923E+009,2.592094919361916E-002,
2.706881828168168E+009,2.645904232184743E-002,
2.711866693413414E+009,2.651640279370976E-002,
2.716851558658659E+009,2.706045330352034E-002,
2.721836423903904E+009,2.656135561977575E-002,
2.726821289149149E+009,2.632560033582074E-002,
2.731806154394394E+009,2.591453193213968E-002,
2.736791019639640E+009,2.567943972192579E-002,
2.741775884884885E+009,2.512840703042974E-002,
2.746760750130130E+009,2.584368441571962E-002,
2.751745615375375E+009,2.608565547573993E-002,
2.756730480620621E+009,2.540200804539977E-002,
2.761715345865866E+009,2.521435826990398E-002,
2.766700211111111E+009,2.500522558617946E-002,
2.771685076356356E+009,2.411879018653888E-002,
2.776669941601602E+009,2.297341564330463E-002,
2.781654806846847E+009,2.227205999273743E-002,
2.786639672092092E+009,2.215487443943935E-002,
2.791624537337338E+009,2.176390303621529E-002,
2.796609402582583E+009,1.991044495156553E-002,
2.801594267827828E+009,2.028541337402079E-002,
2.806579133073073E+009,1.932733501249708E-002,
2.811563998318318E+009,1.945475176795652E-002,
2.816548863563564E+009,1.984945843825820E-002,
2.821533728808809E+009,1.936977210467475E-002,
2.826518594054054E+009,1.930204765974102E-002,
2.831503459299299E+009,1.919310377942533E-002,
2.836488324544545E+009,1.973565937142470E-002,
2.841473189789790E+009,2.064730445682230E-002,
2.846458055035035E+009,2.149966920706353E-002,
2.851442920280280E+009,2.282319590528164E-002,
2.856427785525526E+009,2.383879496594630E-002,
2.861412650770771E+009,2.477216662504862E-002,
2.866397516016016E+009,2.559467774993449E-002,
2.871382381261262E+009,2.569550285498154E-002,
2.876367246506506E+009,2.584991413791199E-002,
2.881352111751752E+009,2.584683195194694E-002,
2.886336976996997E+009,2.643659630845745E-002,
2.891321842242242E+009,2.614078940255160E-002,
2.896306707487487E+009,2.631360260051744E-002,
2.901291572732733E+009,2.550203877343626E-002,
2.906276437977978E+009,2.395440535654501E-002,
2.911261303223223E+009,2.299128529192256E-002,
2.916246168468469E+009,2.167270636813799E-002,
2.921231033713714E+009,2.153182148499260E-002,
2.926215898958959E+009,2.078293120757139E-002,
2.931200764204204E+009,2.023646863637963E-002,
2.936185629449450E+009,1.961918357744681E-002,
2.941170494694695E+009,1.927524020255901E-002,
2.946155359939940E+009,1.923967096265632E-002,
2.951140225185185E+009,1.872158461347130E-002,
2.956125090430430E+009,1.860678209906008E-002,
2.961109955675676E+009,1.838252819460152E-002,
2.966094820920921E+009,1.748785726876201E-002,
2.971079686166166E+009,1.777767702583796E-002,
2.976064551411411E+009,1.733362357574785E-002,
2.981049416656657E+009,1.696746451447734E-002,
2.986034281901902E+009,1.665504774716001E-002,
2.991019147147147E+009,1.594264496914417E-002,
2.996004012392393E+009,1.551778031387211E-002,
3.000988877637638E+009,1.581727437275637E-002,
3.005973742882883E+009,1.568566452401760E-002,
3.010958608128128E+009,1.551814388202722E-002,
3.015943473373374E+009,1.663737638591910E-002,
3.020928338618619E+009,1.656867086288610E-002,
3.025913203863864E+009,1.866110256270541E-002,
3.030898069109109E+009,1.809401408888363E-002,
3.035882934354354E+009,1.896124166627514E-002,
3.040867799599600E+009,1.973389715969283E-002,
3.045852664844845E+009,2.084306846010346E-002,
3.050837530090090E+009,2.242613554190795E-002,
3.055822395335335E+009,2.224018397251202E-002,
3.060807260580581E+009,2.426805724065376E-002,
3.065792125825826E+009,2.515845944094809E-002,
3.070776991071071E+009,2.670213969256090E-002,
3.075761856316316E+009,2.651772938244363E-002,
3.080746721561562E+009,2.615234796446418E-002,
3.085731586806807E+009,2.627328109431391E-002,
3.090716452052052E+009,2.504144496943859E-002,
3.095701317297298E+009,2.439566968965928E-002,
3.100686182542543E+009,2.390899762165684E-002,
3.105671047787788E+009,2.245785587966515E-002,
3.110655913033033E+009,2.155520885053345E-002,
3.115640778278278E+009,2.100823677142069E-002,
3.120625643523523E+009,2.095334521662719E-002,
3.125610508768769E+009,2.037096206917422E-002,
3.130595374014014E+009,2.033284279247606E-002,
3.135580239259259E+009,1.951877288083232E-002,
3.140565104504505E+009,1.996259125641140E-002,
3.145549969749750E+009,1.920049700949973E-002,
3.150534834994995E+009,1.992063370717505E-002,
3.155519700240240E+009,1.945040650807395E-002,
3.160504565485486E+009,1.946346265634618E-002,
3.165489430730731E+009,1.985515055412315E-002,
3.170474295975976E+009,2.037441234494787E-002,
3.175459161221221E+009,2.005263083110172E-002,
3.180444026466466E+009,2.047299631012289E-002,
3.185428891711712E+009,2.072773012608145E-002,
3.190413756956957E+009,2.030337554248650E-002,
3.195398622202202E+009,2.039016818168862E-002,
3.200383487447447E+009,1.982678400039673E-002,
3.205368352692693E+009,1.919076960383877E-002,
3.210353217937938E+009,1.980796322006843E-002,
3.215338083183183E+009,2.036655337216179E-002,
3.220322948428429E+009,2.093979354973697E-002,
3.225307813673674E+009,2.071593471314805E-002,
3.230292678918919E+009,2.136877767550839E-002,
3.235277544164164E+009,2.129264151955281E-002,
3.240262409409410E+009,2.164162957114931E-002,
3.245247274654655E+009,2.202280410788203E-002,
3.250232139899900E+009,2.258433610683837E-002,
3.255217005145145E+009,2.323776339177950E-002,
3.260201870390390E+009,2.321452898013514E-002,
3.265186735635636E+009,2.368754995585815E-002,
3.270171600880881E+009,2.405304586832765E-002,
3.275156466126126E+009,2.336640853693339E-002,
3.280141331371371E+009,2.353532953193964E-002,
3.285126196616617E+009,2.377508803247346E-002,
3.290111061861862E+009,2.405253448259814E-002,
3.295095927107107E+009,2.336736377458577E-002,
3.300080792352352E+009,2.249574452305010E-002,
3.305065657597598E+009,2.213878380619022E-002,
3.310050522842843E+009,2.106077011460773E-002,
3.315035388088088E+009,2.046204535305534E-002,
3.320020253333334E+009,1.947882204528451E-002,
3.325005118578579E+009,1.944139674624500E-002,
3.329989983823824E+009,1.913183496746553E-002,
3.334974849069069E+009,1.894980599911380E-002,
3.339959714314314E+009,1.918419332522035E-002,
3.344944579559560E+009,1.854344070319730E-002,
3.349929444804805E+009,1.810744448785624E-002,
3.354914310050050E+009,1.712742779413586E-002,
3.359899175295295E+009,1.754354645984830E-002,
3.364884040540541E+009,1.724400356958859E-002,
3.369868905785786E+009,1.730582691352384E-002,
3.374853771031031E+009,1.647259666256627E-002,
3.379838636276276E+009,1.659879542570608E-002,
3.384823501521522E+009,1.639045508163502E-002,
3.389808366766767E+009,1.641478374589923E-002,
3.394793232012012E+009,1.610275846695036E-002,
3.399778097257258E+009,1.616358840757945E-002,
3.404762962502502E+009,1.546447672457863E-002,
3.409747827747748E+009,1.543909469154089E-002,
3.414732692992993E+009,1.545255070699308E-002,
3.419717558238238E+009,1.558585834176117E-002,
3.424702423483483E+009,1.475443643326709E-002,
3.429687288728729E+009,1.432190810715796E-002,
3.434672153973974E+009,1.400405714006027E-002,
3.439657019219219E+009,1.367663104953457E-002,
3.444641884464465E+009,1.338582102546888E-002,
3.449626749709710E+009,1.321375828602383E-002,
3.454611614954955E+009,1.289871798341620E-002,
3.459596480200200E+009,1.267187481428041E-002,
3.464581345445446E+009,1.255759908212221E-002,
3.469566210690691E+009,1.240410183373956E-002,
3.474551075935936E+009,1.230613121963104E-002,
3.479535941181181E+009,1.214073127688949E-002,
3.484520806426426E+009,1.181282628190516E-002,
3.489505671671672E+009,1.150157411308383E-002,
3.494490536916917E+009,1.139336099302750E-002,
3.499475402162162E+009,1.114725537992638E-002,
3.504460267407407E+009,1.089597095679403E-002,
3.509445132652653E+009,1.068177219046727E-002,
3.514429997897898E+009,1.031053123240025E-002,
3.519414863143143E+009,9.916829722096572E-003,
3.524399728388389E+009,9.421055448562496E-003,
3.529384593633634E+009,9.248816914529747E-003,
3.534369458878879E+009,9.029024946491375E-003,
3.539354324124124E+009,8.756162070292414E-003,
3.544339189369370E+009,8.397824414982569E-003,
3.549324054614615E+009,8.130964846211803E-003,
3.554308919859860E+009,7.989605372019875E-003,
3.559293785105105E+009,7.813159623235567E-003,
3.564278650350350E+009,7.663361704713259E-003,
3.569263515595596E+009,7.660196073538243E-003,
3.574248380840841E+009,7.455391466585611E-003,
3.579233246086086E+009,7.177019683582911E-003,
3.584218111331331E+009,6.856678068934440E-003,
3.589202976576577E+009,6.574597056882821E-003,
3.594187841821822E+009,6.618158684047843E-003,
3.599172707067067E+009,6.780369145995019E-003,
3.604157572312312E+009,6.919602463011800E-003,
3.609142437557558E+009,7.036280908569449E-003,
3.614127302802803E+009,7.103493705112842E-003,
3.619112168048048E+009,7.071821579846175E-003,
3.624097033293294E+009,7.008599176001232E-003,
3.629081898538539E+009,7.038316099531523E-003,
3.634066763783784E+009,7.041914753358384E-003,
3.639051629029029E+009,6.959776230602986E-003,
3.644036494274274E+009,6.962022121982063E-003,
3.649021359519519E+009,7.009424977599195E-003,
3.654006224764765E+009,7.071758626972605E-003,
3.658991090010010E+009,7.085982609723474E-003,
3.663975955255255E+009,7.229708517346307E-003,
3.668960820500501E+009,7.318272734134112E-003,
3.673945685745746E+009,7.565656721678434E-003,
3.678930550990991E+009,7.703594965069280E-003,
3.683915416236236E+009,7.976550087606164E-003,
3.688900281481482E+009,8.287332368115121E-003,
3.693885146726727E+009,8.478613758818948E-003,
3.698870011971972E+009,8.595283669992439E-003,
3.703854877217217E+009,8.616165801211393E-003,
3.708839742462462E+009,8.489966577435152E-003,
3.713824607707708E+009,8.549225640275078E-003,
3.718809472952953E+009,8.419712187487393E-003,
3.723794338198198E+009,8.394771708510605E-003,
3.728779203443443E+009,8.236194626302198E-003,
3.733764068688689E+009,7.922328553932960E-003,
3.738748933933934E+009,7.702822622512858E-003,
3.743733799179179E+009,7.280236895278537E-003,
3.748718664424425E+009,7.002495796737676E-003,
3.753703529669670E+009,6.880861717879674E-003,
3.758688394914915E+009,6.705607964417412E-003,
3.763673260160160E+009,6.679799464304251E-003,
3.768658125405406E+009,6.854873622948975E-003,
3.773642990650651E+009,6.868063151557980E-003,
3.778627855895896E+009,7.047908213286697E-003,
3.783612721141141E+009,6.941115376381753E-003,
3.788597586386386E+009,6.802312581665308E-003,
3.793582451631632E+009,6.761517650295917E-003,
3.798567316876877E+009,6.608533178731162E-003,
3.803552182122122E+009,6.612844627432564E-003,
3.808537047367367E+009,6.711109586867191E-003,
3.813521912612613E+009,6.803944652436822E-003,
3.818506777857858E+009,6.835949404795981E-003,
3.823491643103103E+009,7.040875989669457E-003,
3.828476508348349E+009,7.257050534470994E-003,
3.833461373593594E+009,7.303620900430549E-003,
3.838446238838839E+009,7.207878853708430E-003,
3.843431104084084E+009,7.229792833081655E-003,
3.848415969329330E+009,7.373447001432542E-003,
3.853400834574575E+009,7.600454306576357E-003,
3.858385699819820E+009,7.997010599224001E-003,
3.863370565065065E+009,8.418318277767931E-003,
3.868355430310310E+009,8.775676153702812E-003,
3.873340295555556E+009,9.160566769312281E-003,
3.878325160800801E+009,9.444047636061768E-003,
3.883310026046046E+009,9.719553010518064E-003,
3.888294891291291E+009,9.997741769555838E-003,
3.893279756536537E+009,1.020026242896118E-002,
3.898264621781782E+009,1.033035034309985E-002,
3.903249487027027E+009,1.045176776001839E-002,
3.908234352272272E+009,1.041839992953068E-002,
3.913219217517518E+009,1.037891933620637E-002,
3.918204082762763E+009,1.027770113044413E-002,
3.923188948008008E+009,1.014073821472595E-002,
3.928173813253254E+009,9.969722975730863E-003,
3.933158678498498E+009,9.881119000377896E-003,
3.938143543743744E+009,1.004552270971528E-002,
3.943128408988989E+009,1.024587007686647E-002,
3.948113274234234E+009,1.049379855428578E-002,
3.953098139479479E+009,1.068087555226701E-002,
3.958083004724725E+009,1.071727275780766E-002,
3.963067869969970E+009,1.066638932589121E-002,
3.968052735215215E+009,1.056794177275005E-002,
3.973037600460461E+009,1.058764562772762E-002,
3.978022465705706E+009,1.063234181173322E-002,
3.983007330950951E+009,1.081535702598693E-002,
3.987992196196196E+009,1.096157283941064E-002,
3.992977061441442E+009,1.096935560807493E-002,
3.997961926686687E+009,1.071382861491921E-002,
4.002946791931932E+009,1.030946892966565E-002,
4.007931657177177E+009,9.826080682619004E-003,
4.012916522422422E+009,9.632884363012765E-003,
4.017901387667668E+009,9.525495234925067E-003,
4.022886252912913E+009,9.561182214525415E-003,
4.027871118158158E+009,9.775182628021548E-003,
4.032855983403403E+009,9.927431343315835E-003,
4.037840848648649E+009,1.003514809239681E-002,
4.042825713893894E+009,1.021239367753306E-002,
4.047810579139139E+009,1.033343821659521E-002,
4.052795444384385E+009,1.057817147173062E-002,
4.057780309629630E+009,1.094914888167329E-002,
4.062765174874875E+009,1.123651097114493E-002,
4.067750040120120E+009,1.167435600052964E-002,
4.072734905365366E+009,1.197616493661760E-002,
4.077719770610611E+009,1.200810186623929E-002,
4.082704635855856E+009,1.199772202815654E-002,
4.087689501101101E+009,1.187862449017185E-002,
4.092674366346346E+009,1.158628768790908E-002,
4.097659231591592E+009,1.114173242003717E-002,
4.102644096836837E+009,1.072534894307211E-002,
4.107628962082082E+009,1.036845089140489E-002,
4.112613827327327E+009,1.015986087831180E-002,
4.117598692572573E+009,9.968882888320523E-003,
4.122583557817818E+009,9.870255205314404E-003,
4.127568423063063E+009,9.798243444354949E-003,
4.132553288308308E+009,9.776475295136739E-003,
4.137538153553554E+009,9.829944437111859E-003,
4.142523018798799E+009,9.914854901664426E-003,
4.147507884044044E+009,1.010896489458858E-002,
4.152492749289290E+009,1.015394597141323E-002,
4.157477614534535E+009,1.019797887520289E-002,
4.162462479779780E+009,1.037962328936871E-002,
4.167447345025025E+009,1.046151571469348E-002,
4.172432210270270E+009,1.045271108864765E-002,
4.177417075515515E+009,1.052644049283290E-002,
4.182401940760761E+009,1.045378472802413E-002,
4.187386806006006E+009,1.023834430024641E-002,
4.192371671251251E+009,1.002827665129795E-002,
4.197356536496497E+009,9.805580634260798E-003,
4.202341401741742E+009,9.530046768521769E-003,
4.207326266986987E+009,9.184025927902533E-003,
4.212311132232232E+009,8.905767164229649E-003,
4.217295997477478E+009,8.664579154867258E-003,
4.222280862722723E+009,8.489497922050534E-003,
4.227265727967968E+009,8.228643725308833E-003,
4.232250593213213E+009,8.078901587449274E-003,
4.237235458458458E+009,7.911838231974864E-003,
4.242220323703704E+009,7.828279873640483E-003,
4.247205188948949E+009,8.021490445258702E-003,
4.252190054194194E+009,8.295598442889806E-003,
4.257174919439439E+009,8.567089997801078E-003,
4.262159784684685E+009,8.879498228985641E-003,
4.267144649929930E+009,9.090834576890675E-003,
4.272129515175175E+009,9.348785247810791E-003,
4.277114380420421E+009,9.497926439305041E-003,
4.282099245665666E+009,9.618773990116720E-003,
4.287084110910911E+009,9.741725901128902E-003,
4.292068976156156E+009,9.705810531085444E-003,
4.297053841401402E+009,9.632715677649560E-003,
4.302038706646647E+009,9.638610346519470E-003,
4.307023571891892E+009,9.566496343056220E-003,
4.312008437137137E+009,9.558997191021863E-003,
4.316993302382382E+009,9.598577743508977E-003,
4.321978167627627E+009,9.649396405637101E-003,
4.326963032872873E+009,9.612254697414106E-003,
4.331947898118118E+009,9.685575280475155E-003,
4.336932763363363E+009,9.744094792970923E-003,
4.341917628608608E+009,9.903972828379530E-003,
4.346902493853854E+009,1.000380749516038E-002,
4.351887359099099E+009,1.006978436344884E-002,
4.356872224344344E+009,1.021687704134139E-002,
4.361857089589590E+009,1.046574420271310E-002,
4.366841954834835E+009,1.062315677372380E-002,
4.371826820080080E+009,1.074550762357192E-002,
4.376811685325325E+009,1.093096871085942E-002,
4.381796550570571E+009,1.103520910392580E-002,
4.386781415815816E+009,1.129758542678807E-002,
4.391766281061061E+009,1.149691228586226E-002,
4.396751146306306E+009,1.151492590151287E-002,
4.401736011551552E+009,1.155949929436219E-002,
4.406720876796797E+009,1.140244457017540E-002,
4.411705742042042E+009,1.130266049007855E-002,
4.416690607287288E+009,1.118321717558209E-002,
4.421675472532533E+009,1.121498979679811E-002,
4.426660337777778E+009,1.105233094666924E-002,
4.431645203023023E+009,1.101575345888484E-002,
4.436630068268269E+009,1.103769229781209E-002,
4.441614933513514E+009,1.108817273019005E-002,
4.446599798758759E+009,1.096977835841519E-002,
4.451584664004005E+009,1.092329331007092E-002,
4.456569529249250E+009,1.086157874187749E-002,
4.461554394494494E+009,1.077945639117244E-002,
4.466539259739739E+009,1.086718494167288E-002,
4.471524124984985E+009,1.105917450674629E-002,
4.476508990230230E+009,1.138447794467139E-002,
4.481493855475475E+009,1.167691743519812E-002,
4.486478720720720E+009,1.205403616970456E-002,
4.491463585965966E+009,1.241728921581194E-002,
4.496448451211211E+009,1.274762717573942E-002,
4.501433316456456E+009,1.304706559102875E-002,
4.506418181701702E+009,1.347010052497443E-002,
4.511403046946947E+009,1.385562479983544E-002,
4.516387912192192E+009,1.412445678558910E-002,
4.521372777437437E+009,1.444728982759801E-002,
4.526357642682683E+009,1.441412419162772E-002,
4.531342507927928E+009,1.429546805767552E-002,
4.536327373173173E+009,1.407051952214677E-002,
4.541312238418419E+009,1.365043026483069E-002,
4.546297103663664E+009,1.328120739023646E-002,
4.551281968908909E+009,1.285601435446862E-002,
4.556266834154154E+009,1.246557082227663E-002,
4.561251699399400E+009,1.244555557404262E-002,
4.566236564644645E+009,1.237295899797634E-002,
4.571221429889890E+009,1.255249836956684E-002,
4.576206295135135E+009,1.288155036161029E-002,
4.581191160380381E+009,1.310052313317644E-002,
4.586176025625626E+009,1.354023139043812E-002,
4.591160890870871E+009,1.394302441088661E-002,
4.596145756116117E+009,1.420330568773237E-002,
4.601130621361362E+009,1.457871294673465E-002,
4.606115486606607E+009,1.484603604278389E-002,
4.611100351851852E+009,1.506301854740462E-002,
4.616085217097097E+009,1.495530118365566E-002,
4.621070082342342E+009,1.470428810940390E-002,
4.626054947587587E+009,1.428309366079522E-002,
4.631039812832833E+009,1.361515002081539E-002,
4.636024678078078E+009,1.305666279166325E-002,
4.641009543323323E+009,1.221624425594560E-002,
4.645994408568568E+009,1.154688772321113E-002,
4.650979273813814E+009,1.092666728413406E-002,
4.655964139059059E+009,1.058096550453680E-002,
4.660949004304304E+009,1.026487060847700E-002,
4.665933869549550E+009,1.006967825602284E-002,
4.670918734794795E+009,1.017987776503342E-002,
4.675903600040040E+009,1.028140801957264E-002,
4.680888465285285E+009,1.049513688476295E-002,
4.685873330530531E+009,1.065713534313627E-002,
4.690858195775776E+009,1.097030643757276E-002,
4.695843061021021E+009,1.147382586128841E-002,
4.700827926266266E+009,1.173777077975615E-002,
4.705812791511512E+009,1.190177395935800E-002,
4.710797656756757E+009,1.211611064838090E-002,
4.715782522002002E+009,1.211361285096476E-002,
4.720767387247248E+009,1.192735901991308E-002,
4.725752252492493E+009,1.162061673336556E-002,
4.730737117737738E+009,1.119072744544334E-002,
4.735721982982983E+009,1.063795309742215E-002,
4.740706848228229E+009,1.010511358295263E-002,
4.745691713473474E+009,9.705934030083482E-003,
4.750676578718719E+009,9.402541707134475E-003,
4.755661443963965E+009,9.005964865009595E-003,
4.760646309209209E+009,8.682533323629159E-003,
4.765631174454454E+009,8.536286869016587E-003,
4.770616039699699E+009,8.555943981704868E-003,
4.775600904944945E+009,8.740993533226698E-003,
4.780585770190190E+009,8.825166533079564E-003,
4.785570635435435E+009,9.098512485050730E-003,
4.790555500680680E+009,9.306772878074573E-003,
4.795540365925926E+009,9.432537172555334E-003,
4.800525231171171E+009,9.697393738039456E-003,
4.805510096416416E+009,9.881736182383678E-003,
4.810494961661662E+009,9.932897583817574E-003,
4.815479826906907E+009,9.901551941706048E-003,
4.820464692152152E+009,9.874905143390613E-003,
4.825449557397397E+009,9.720866147350436E-003,
4.830434422642643E+009,9.368024094196971E-003,
4.835419287887888E+009,9.121334756032990E-003,
4.840404153133133E+009,8.978118092001428E-003,
4.845389018378379E+009,8.668076130995303E-003,
4.850373883623624E+009,8.352869821285270E-003,
4.855358748868869E+009,8.092049229144187E-003,
4.860343614114114E+009,7.884454779810649E-003,
4.865328479359360E+009,7.735714095674326E-003,
4.870313344604605E+009,7.734128270335659E-003,
4.875298209849850E+009,7.734801315242831E-003,
4.880283075095095E+009,8.049454864643353E-003,
4.885267940340341E+009,8.132794909368120E-003,
4.890252805585586E+009,8.521244456051407E-003,
4.895237670830831E+009,8.836349871247156E-003,
4.900222536076077E+009,8.951064170209749E-003,
4.905207401321322E+009,9.152923527507047E-003,
4.910192266566567E+009,9.272415564938255E-003,
4.915177131811811E+009,9.356118024884098E-003,
4.920161997057057E+009,9.427080938687072E-003,
4.925146862302302E+009,9.407121589671563E-003,
4.930131727547547E+009,9.404953506015047E-003,
4.935116592792793E+009,9.394079142317314E-003,
4.940101458038038E+009,9.197140429319645E-003,
4.945086323283283E+009,9.089955060676825E-003,
4.950071188528528E+009,9.015067145741565E-003,
4.955056053773774E+009,8.799803206960818E-003,
4.960040919019019E+009,8.504300713630337E-003,
4.965025784264264E+009,8.185766155274081E-003,
4.970010649509509E+009,8.024986449250374E-003,
4.974995514754755E+009,7.727495714022644E-003,
4.979980380000000E+009,7.847262018172770E-003,
