% Version 1.00
%
% Ref Impedances: Z01: 50, Z02: 50
% 
%freq[Hz];Trc1_S21[U];
1.000000000000000E+005,2.520569799273617E-005,
5.084865245245245E+006,4.584590089885006E-004,
1.006973049049049E+007,9.041255227932757E-004,
1.505459573573574E+007,1.807567926321558E-003,
2.003946098098098E+007,2.377435313094140E-003,
2.502432622622623E+007,3.416205744115630E-003,
3.000919147147147E+007,4.696134770796007E-003,
3.499405671671671E+007,8.303533084732098E-003,
3.997892196196196E+007,1.526691174892310E-002,
4.496378720720721E+007,4.555260476777791E-002,
4.994865245245245E+007,7.558138341083150E-002,
5.493351769769770E+007,3.019604776721314E-002,
5.991838294294295E+007,2.332423545128882E-002,
6.490324818818819E+007,1.618541823770071E-002,
6.988811343343343E+007,1.237473416780973E-002,
7.487297867867868E+007,9.897931674651797E-003,
7.985784392392393E+007,8.306444458131836E-003,
8.484270916916917E+007,8.484316819376248E-003,
8.982757441441442E+007,9.399005602411512E-003,
9.481243965965965E+007,9.483665471426636E-003,
9.979730490490490E+007,1.111388623518021E-002,
1.047821701501502E+008,1.272164571430832E-002,
1.097670353953954E+008,1.503550626167231E-002,
1.147519006406407E+008,1.736935048850717E-002,
1.197367658858859E+008,2.026172051013219E-002,
1.247216311311311E+008,2.438141517111103E-002,
1.297064963763764E+008,3.011574940881381E-002,
1.346913616216216E+008,3.985236774635526E-002,
1.396762268668669E+008,5.603841969369614E-002,
1.446610921121121E+008,8.667656017790791E-002,
1.496459573573574E+008,1.573007437948598E-001,
1.546308226026026E+008,2.042202875308880E-001,
1.596156878478479E+008,1.331454416512047E-001,
1.646005530930931E+008,1.017426613670371E-001,
1.695854183383384E+008,8.770043394477435E-002,
1.745702835835836E+008,6.844337247041428E-002,
1.795551488288288E+008,4.210232731771153E-002,
1.845400140740741E+008,2.507361383106112E-002,
1.895248793193193E+008,1.675159639146680E-002,
1.945097445645646E+008,1.278153775657357E-002,
1.994946098098098E+008,1.153878990788084E-002,
2.044794750550551E+008,9.765318150326840E-003,
2.094643403003003E+008,8.809454381863013E-003,
2.144492055455456E+008,7.371910824983201E-003,
2.194340707907908E+008,6.918518963727098E-003,
2.244189360360360E+008,6.296359888768250E-003,
2.294038012812813E+008,6.307232536896641E-003,
2.343886665265265E+008,6.817583557575743E-003,
2.393735317717718E+008,8.001377798925383E-003,
2.443583970170170E+008,9.557925851375411E-003,
2.493432622622623E+008,1.218857955236912E-002,
2.543281275075075E+008,1.609021818203715E-002,
2.593129927527528E+008,2.159270827152159E-002,
2.642978579979980E+008,2.995839704368124E-002,
2.692827232432432E+008,4.266720938972118E-002,
2.742675884884885E+008,6.400591876655512E-002,
2.792524537337337E+008,1.055720018009081E-001,
2.842373189789790E+008,1.799883387764197E-001,
2.892221842242242E+008,1.511371968801398E-001,
2.942070494694695E+008,9.181285379803927E-002,
2.991919147147147E+008,6.232048669683474E-002,
3.041767799599600E+008,4.622203710662296E-002,
3.091616452052052E+008,3.709599231699796E-002,
3.141465104504505E+008,2.985375268215615E-002,
3.191313756956957E+008,2.426334152638945E-002,
3.241162409409409E+008,1.974613361133169E-002,
3.291011061861862E+008,1.659632825754733E-002,
3.340859714314314E+008,1.347813616231257E-002,
3.390708366766767E+008,1.026584807487965E-002,
3.440557019219219E+008,8.116739182972853E-003,
3.490405671671672E+008,6.746491327812820E-003,
3.540254324124124E+008,5.645107429345683E-003,
3.590102976576577E+008,5.100244796046680E-003,
3.639951629029029E+008,4.931864865460076E-003,
3.689800281481482E+008,5.215392161139496E-003,
3.739648933933934E+008,6.130218776448269E-003,
3.789497586386386E+008,7.482951293706642E-003,
3.839346238838839E+008,8.816157808995853E-003,
3.889194891291291E+008,1.046352087026471E-002,
3.939043543743744E+008,1.139026201551282E-002,
3.988892196196196E+008,1.268625582618039E-002,
4.038740848648649E+008,1.413500008396713E-002,
4.088589501101101E+008,1.631572864653568E-002,
4.138438153553554E+008,1.773778706620070E-002,
4.188286806006006E+008,1.915462088734098E-002,
4.238135458458459E+008,1.961862371774319E-002,
4.287984110910911E+008,1.930113276402798E-002,
4.337832763363363E+008,1.822154926784355E-002,
4.387681415815816E+008,1.714108081438637E-002,
4.437530068268268E+008,1.692342637020122E-002,
4.487378720720721E+008,1.657136015581642E-002,
4.537227373173173E+008,1.706792059217913E-002,
4.587076025625626E+008,1.756856833487483E-002,
4.636924678078078E+008,1.849641025862400E-002,
4.686773330530531E+008,1.930654784964659E-002,
4.736621982982983E+008,2.088912562876230E-002,
4.786470635435436E+008,2.271160796597573E-002,
4.836319287887888E+008,2.499144510625236E-002,
4.886167940340340E+008,2.708005067021874E-002,
4.936016592792793E+008,2.917698944806848E-002,
4.985865245245245E+008,3.101416967672277E-002,
5.035713897697698E+008,3.308922745168154E-002,
5.085562550150150E+008,3.448288247925396E-002,
5.135411202602603E+008,3.624825417947344E-002,
5.185259855055055E+008,3.760276426619181E-002,
5.235108507507508E+008,3.863355602251510E-002,
5.284957159959960E+008,3.941994470675708E-002,
5.334805812412412E+008,3.993611961709829E-002,
5.384654464864864E+008,4.101215180787875E-002,
5.434503117317318E+008,4.331379068238139E-002,
5.484351769769770E+008,4.611497608713174E-002,
5.534200422222222E+008,4.887190164071665E-002,
5.584049074674674E+008,5.133215138641701E-002,
5.633897727127128E+008,5.386214695303328E-002,
5.683746379579580E+008,5.674686752601264E-002,
5.733595032032032E+008,5.934650676499755E-002,
5.783443684484484E+008,6.077196951450828E-002,
5.833292336936938E+008,6.209908113603551E-002,
5.883140989389390E+008,6.268749065025132E-002,
5.932989641841842E+008,6.299059513054352E-002,
5.982838294294294E+008,6.332164216966191E-002,
6.032686946746746E+008,6.293994708417054E-002,
6.082535599199200E+008,6.274327870073730E-002,
6.132384251651652E+008,6.231845069964026E-002,
6.182232904104104E+008,6.320209296314229E-002,
6.232081556556556E+008,6.411964202565004E-002,
6.281930209009010E+008,6.549851991360407E-002,
6.331778861461462E+008,6.594844123715642E-002,
6.381627513913914E+008,6.688959059947366E-002,
6.431476166366366E+008,6.805787756960048E-002,
6.481324818818818E+008,7.053279840060790E-002,
6.531173471271272E+008,7.327847831765495E-002,
6.581022123723724E+008,7.721780890881853E-002,
6.630870776176176E+008,7.987800372618968E-002,
6.680719428628628E+008,8.296669541925744E-002,
6.730568081081082E+008,8.825372491586767E-002,
6.780416733533534E+008,9.207249241360926E-002,
6.830265385985986E+008,9.326075809071475E-002,
6.880114038438438E+008,9.664766344886762E-002,
6.929962690890890E+008,1.011358886269977E-001,
6.979811343343344E+008,1.048885508922769E-001,
7.029659995795796E+008,1.106750086545272E-001,
7.079508648248248E+008,1.165452007029972E-001,
7.129357300700700E+008,1.198945250331321E-001,
7.179205953153154E+008,1.211984032545080E-001,
7.229054605605606E+008,1.220838688558689E-001,
7.278903258058058E+008,1.234761855065227E-001,
7.328751910510510E+008,1.262871641804713E-001,
7.378600562962964E+008,1.282491509452510E-001,
7.428449215415416E+008,1.312286574217543E-001,
7.478297867867868E+008,1.347290914004994E-001,
7.528146520320320E+008,1.404157916078150E-001,
7.577995172772772E+008,1.451104014094533E-001,
7.627843825225226E+008,1.489962680265038E-001,
7.677692477677678E+008,1.502900680851786E-001,
7.727541130130130E+008,1.488223402720516E-001,
7.777389782582582E+008,1.450833089052959E-001,
7.827238435035036E+008,1.407054984303231E-001,
7.877087087487488E+008,1.357640890656501E-001,
7.926935739939940E+008,1.301968796704986E-001,
7.976784392392392E+008,1.248433577912585E-001,
8.026633044844844E+008,1.212741397213470E-001,
8.076481697297298E+008,1.207280980386109E-001,
8.126330349749750E+008,1.222523407817158E-001,
8.176179002202202E+008,1.255319936701328E-001,
8.226027654654654E+008,1.279438914964306E-001,
8.275876307107108E+008,1.341056996846990E-001,
8.325724959559560E+008,1.398844637947031E-001,
8.375573612012012E+008,1.482885742717776E-001,
8.425422264464464E+008,1.562534785073525E-001,
8.475270916916918E+008,1.630119590845801E-001,
8.525119569369370E+008,1.670335917026417E-001,
8.574968221821822E+008,1.706940920031983E-001,
8.624816874274274E+008,1.717182527055528E-001,
8.674665526726726E+008,1.685159424089685E-001,
8.724514179179180E+008,1.629325742622259E-001,
8.774362831631632E+008,1.584303380955918E-001,
8.824211484084084E+008,1.550497792514350E-001,
8.874060136536536E+008,1.518058410013846E-001,
8.923908788988990E+008,1.487659725029146E-001,
8.973757441441442E+008,1.455840183861010E-001,
9.023606093893894E+008,1.442632196142405E-001,
9.073454746346346E+008,1.432239476049067E-001,
9.123303398798798E+008,1.417334272351167E-001,
9.173152051251252E+008,1.410047398442691E-001,
9.223000703703704E+008,1.409963495882563E-001,
9.272849356156156E+008,1.388506819685683E-001,
9.322698008608608E+008,1.367204010476167E-001,
9.372546661061062E+008,1.334550897030588E-001,
9.422395313513514E+008,1.300663327750579E-001,
9.472243965965966E+008,1.258529674186636E-001,
9.522092618418418E+008,1.204062597963493E-001,
9.571941270870872E+008,1.170290902868561E-001,
9.621789923323324E+008,1.126236183751822E-001,
9.671638575775776E+008,1.091383452891560E-001,
9.721487228228228E+008,1.062572285908651E-001,
9.771335880680680E+008,1.041518476024838E-001,
9.821184533133134E+008,1.020841566739056E-001,
9.871033185585586E+008,1.009629832320165E-001,
9.920881838038038E+008,1.021461725847137E-001,
9.970730490490490E+008,1.051161067833868E-001,
1.002057914294294E+009,1.085346561498079E-001,
1.007042779539540E+009,1.131340368751413E-001,
1.012027644784785E+009,1.162427887855601E-001,
1.017012510030030E+009,1.192909760892910E-001,
1.021997375275275E+009,1.202142764091041E-001,
1.026982240520521E+009,1.205375995095524E-001,
1.031967105765766E+009,1.204040001910737E-001,
1.036951971011011E+009,1.196000151757903E-001,
1.041936836256256E+009,1.187110438807485E-001,
1.046921701501502E+009,1.181822654097628E-001,
1.051906566746747E+009,1.173475973855187E-001,
1.056891431991992E+009,1.154917307611191E-001,
1.061876297237237E+009,1.129376140110374E-001,
1.066861162482482E+009,1.098761984326831E-001,
1.071846027727728E+009,1.072454788520471E-001,
1.076830892972973E+009,1.051382663749043E-001,
1.081815758218218E+009,1.034657131530657E-001,
1.086800623463464E+009,1.020166266497497E-001,
1.091785488708709E+009,1.023193012904888E-001,
1.096770353953954E+009,1.044403025418862E-001,
1.101755219199199E+009,1.076535671622054E-001,
1.106740084444444E+009,1.104385741915831E-001,
1.111724949689690E+009,1.127573871432731E-001,
1.116709814934935E+009,1.143445696295934E-001,
1.121694680180180E+009,1.145098415438966E-001,
1.126679545425426E+009,1.129256328111458E-001,
1.131664410670671E+009,1.104373565953065E-001,
1.136649275915916E+009,1.069999293643926E-001,
1.141634141161161E+009,1.033820515345519E-001,
1.146619006406406E+009,1.002383507258827E-001,
1.151603871651652E+009,9.693203191045945E-002,
1.156588736896897E+009,9.718254467001951E-002,
1.161573602142142E+009,9.837959964687648E-002,
1.166558467387388E+009,1.002021850150488E-001,
1.171543332632633E+009,1.017610944769146E-001,
1.176528197877878E+009,1.036364301376393E-001,
1.181513063123123E+009,1.054435230259198E-001,
1.186497928368368E+009,1.072414789203041E-001,
1.191482793613614E+009,1.089331757117923E-001,
1.196467658858859E+009,1.102151953424093E-001,
1.201452524104104E+009,1.099687546036143E-001,
1.206437389349349E+009,1.093522768617655E-001,
1.211422254594595E+009,1.082235181266960E-001,
1.216407119839840E+009,1.070955797999036E-001,
1.221391985085085E+009,1.057468021736844E-001,
1.226376850330330E+009,1.033976830159661E-001,
1.231361715575576E+009,9.967355953099655E-002,
1.236346580820821E+009,9.619792285081796E-002,
1.241331446066066E+009,9.301633821623113E-002,
1.246316311311311E+009,9.039018548093393E-002,
1.251301176556557E+009,8.823129908448253E-002,
1.256286041801802E+009,8.597253482613573E-002,
1.261270907047047E+009,8.402062705176915E-002,
1.266255772292292E+009,8.252621189437887E-002,
1.271240637537538E+009,8.145443223136419E-002,
1.276225502782783E+009,8.016043986788547E-002,
1.281210368028028E+009,8.009025767471156E-002,
1.286195233273273E+009,8.052998021359466E-002,
1.291180098518518E+009,8.061081066559026E-002,
1.296164963763764E+009,8.039004299951671E-002,
1.301149829009009E+009,8.010606924203945E-002,
1.306134694254254E+009,7.903071080974859E-002,
1.311119559499500E+009,7.898080792486252E-002,
1.316104424744745E+009,7.926305361262391E-002,
1.321089289989990E+009,7.884917183378801E-002,
1.326074155235235E+009,7.787096648601312E-002,
1.331059020480480E+009,7.650289268926802E-002,
1.336043885725726E+009,7.482406634892458E-002,
1.341028750970971E+009,7.164171374730841E-002,
1.346013616216216E+009,6.946198712954303E-002,
1.350998481461462E+009,6.768598422527834E-002,
1.355983346706707E+009,6.669211773433072E-002,
1.360968211951952E+009,6.494658407544765E-002,
1.365953077197197E+009,6.337805858858389E-002,
1.370937942442442E+009,6.321271410175897E-002,
1.375922807687688E+009,6.359016368077503E-002,
1.380907672932933E+009,6.485096258440434E-002,
1.385892538178178E+009,6.551342432731901E-002,
1.390877403423424E+009,6.573608038454300E-002,
1.395862268668669E+009,6.466175819811429E-002,
1.400847133913914E+009,6.339918290222318E-002,
1.405831999159159E+009,6.208592305305657E-002,
1.410816864404404E+009,6.088602079307432E-002,
1.415801729649650E+009,5.996443561078255E-002,
1.420786594894895E+009,5.735198685760943E-002,
1.425771460140140E+009,5.533338084324771E-002,
1.430756325385386E+009,5.350775975409564E-002,
1.435741190630631E+009,5.095750281613951E-002,
1.440726055875876E+009,4.930170566205667E-002,
1.445710921121121E+009,4.917765715426965E-002,
1.450695786366366E+009,4.927300359502729E-002,
1.455680651611612E+009,4.940365763081409E-002,
1.460665516856857E+009,5.007097148127621E-002,
1.465650382102102E+009,5.124061947925887E-002,
1.470635247347347E+009,5.249680426699706E-002,
1.475620112592593E+009,5.178742108690217E-002,
1.480604977837838E+009,5.049010637191249E-002,
1.485589843083083E+009,4.868772479630047E-002,
1.490574708328328E+009,4.681177683015871E-002,
1.495559573573574E+009,4.463330144660365E-002,
1.500544438818819E+009,4.397089369157921E-002,
1.505529304064064E+009,4.433217373604667E-002,
1.510514169309309E+009,4.540022096992945E-002,
1.515499034554555E+009,4.658274271246031E-002,
1.520483899799800E+009,4.731713975212225E-002,
1.525468765045045E+009,4.777384486046100E-002,
1.530453630290290E+009,4.827349458794362E-002,
1.535438495535536E+009,4.843447110166345E-002,
1.540423360780781E+009,4.866439169087803E-002,
1.545408226026026E+009,4.972608161720638E-002,
1.550393091271271E+009,5.163139412641567E-002,
1.555377956516516E+009,5.418142002523420E-002,
1.560362821761762E+009,5.735612578530705E-002,
1.565347687007007E+009,6.003489164523550E-002,
1.570332552252252E+009,6.290125835265806E-002,
1.575317417497498E+009,6.454949419368329E-002,
1.580302282742743E+009,6.503257157065687E-002,
1.585287147987988E+009,6.517470273454795E-002,
1.590272013233233E+009,6.462979402748945E-002,
1.595256878478478E+009,6.415895278511496E-002,
1.600241743723724E+009,6.338742390313659E-002,
1.605226608968969E+009,6.264291475140439E-002,
1.610211474214214E+009,6.168092529220112E-002,
1.615196339459460E+009,6.124741927316234E-002,
1.620181204704705E+009,6.045494526749434E-002,
1.625166069949950E+009,6.008022671391853E-002,
1.630150935195195E+009,5.880156305325320E-002,
1.635135800440440E+009,5.784139442317148E-002,
1.640120665685686E+009,5.636487193909342E-002,
1.645105530930931E+009,5.560444574206099E-002,
1.650090396176176E+009,5.554352096867087E-002,
1.655075261421422E+009,5.519997534721087E-002,
1.660060126666667E+009,5.434775190728570E-002,
1.665044991911912E+009,5.405288937799807E-002,
1.670029857157157E+009,5.345395536374771E-002,
1.675014722402402E+009,5.255244992345803E-002,
1.679999587647648E+009,5.056150564158202E-002,
1.684984452892893E+009,4.854949915385434E-002,
1.689969318138138E+009,4.636424388914702E-002,
1.694954183383384E+009,4.444270222150611E-002,
1.699939048628629E+009,4.218199769852627E-002,
1.704923913873874E+009,4.067850743319251E-002,
1.709908779119119E+009,3.945433012771945E-002,
1.714893644364364E+009,3.792267673516546E-002,
1.719878509609610E+009,3.614375254100900E-002,
1.724863374854855E+009,3.450612899642907E-002,
1.729848240100100E+009,3.278006072051854E-002,
1.734833105345345E+009,3.116979708546483E-002,
1.739817970590591E+009,2.950167144110686E-002,
1.744802835835836E+009,2.780408719428516E-002,
1.749787701081081E+009,2.685109521702874E-002,
1.754772566326326E+009,2.581270689319204E-002,
1.759757431571572E+009,2.538378761973976E-002,
1.764742296816817E+009,2.487635499364897E-002,
1.769727162062062E+009,2.482667579186269E-002,
1.774712027307307E+009,2.342698528993304E-002,
1.779696892552553E+009,2.324026088193940E-002,
1.784681757797798E+009,2.218045430176083E-002,
1.789666623043043E+009,2.162508750125720E-002,
1.794651488288288E+009,2.046588398783965E-002,
1.799636353533534E+009,1.847398499653846E-002,
1.804621218778779E+009,1.645469065482109E-002,
1.809606084024024E+009,1.498397664701020E-002,
1.814590949269269E+009,1.344536878285755E-002,
1.819575814514514E+009,1.196558051674934E-002,
1.824560679759760E+009,9.975161814045222E-003,
1.829545545005005E+009,8.181097440064240E-003,
1.834530410250250E+009,6.427412813414344E-003,
1.839515275495496E+009,4.866470293496181E-003,
1.844500140740741E+009,4.191117378362376E-003,
1.849485005985986E+009,4.449543846166402E-003,
1.854469871231231E+009,5.137607333289236E-003,
1.859454736476476E+009,6.364460882842646E-003,
1.864439601721722E+009,7.936132239210157E-003,
1.869424466966967E+009,1.018187113696134E-002,
1.874409332212212E+009,1.161550206103666E-002,
1.879394197457458E+009,1.266137289430709E-002,
1.884379062702703E+009,1.453793805787261E-002,
1.889363927947948E+009,1.606308485186305E-002,
1.894348793193193E+009,1.766824485792758E-002,
1.899333658438438E+009,1.901178438700387E-002,
1.904318523683684E+009,2.004547131474616E-002,
1.909303388928929E+009,2.062761131687614E-002,
1.914288254174174E+009,2.144352984948376E-002,
1.919273119419420E+009,2.218156677779496E-002,
1.924257984664665E+009,2.301853714377249E-002,
1.929242849909910E+009,2.351201112498549E-002,
1.934227715155155E+009,2.450935899036711E-002,
1.939212580400400E+009,2.532696001032274E-002,
1.944197445645646E+009,2.671271293730899E-002,
1.949182310890891E+009,2.760204528311691E-002,
1.954167176136136E+009,2.887677874872294E-002,
1.959152041381382E+009,2.922931633000920E-002,
1.964136906626627E+009,2.946733614711649E-002,
1.969121771871872E+009,2.882711871149368E-002,
1.974106637117117E+009,2.801931749593597E-002,
1.979091502362362E+009,2.709137487314648E-002,
1.984076367607608E+009,2.702591741197997E-002,
1.989061232852853E+009,2.722568972362032E-002,
1.994046098098098E+009,2.740347732728613E-002,
1.999030963343343E+009,2.729679865119623E-002,
2.004015828588589E+009,2.774380921035345E-002,
2.009000693833834E+009,2.756695541302412E-002,
2.013985559079079E+009,2.785605657733081E-002,
2.018970424324324E+009,2.752561287126215E-002,
2.023955289569570E+009,2.791087247024144E-002,
2.028940154814815E+009,2.851259945347892E-002,
2.033925020060060E+009,2.822790716701466E-002,
2.038909885305305E+009,2.941427882044849E-002,
2.043894750550551E+009,2.946022650607983E-002,
2.048879615795796E+009,2.996056827345720E-002,
2.053864481041041E+009,3.054738051270406E-002,
2.058849346286286E+009,3.030702776528947E-002,
2.063834211531532E+009,3.033482479453760E-002,
2.068819076776777E+009,3.001348235541341E-002,
2.073803942022022E+009,2.964847251784844E-002,
2.078788807267267E+009,2.935504923417736E-002,
2.083773672512512E+009,2.887209094116304E-002,
2.088758537757758E+009,2.851450669499767E-002,
2.093743403003003E+009,2.849217728109470E-002,
2.098728268248248E+009,2.770295623593336E-002,
2.103713133493494E+009,2.800437110566068E-002,
2.108697998738739E+009,2.881320079752636E-002,
2.113682863983984E+009,2.981963052797609E-002,
2.118667729229229E+009,2.988065895582397E-002,
2.123652594474474E+009,3.046110670174717E-002,
2.128637459719720E+009,3.014686217124548E-002,
2.133622324964965E+009,2.987273925596319E-002,
2.138607190210210E+009,2.950879814300741E-002,
2.143592055455456E+009,2.862291745625731E-002,
2.148576920700701E+009,2.747409997253290E-002,
2.153561785945946E+009,2.672143141201643E-002,
2.158546651191191E+009,2.545462421402681E-002,
2.163531516436437E+009,2.482069522966560E-002,
2.168516381681682E+009,2.343453503424343E-002,
2.173501246926927E+009,2.291664913077531E-002,
2.178486112172172E+009,2.289924011133610E-002,
2.183470977417418E+009,2.248019028355497E-002,
2.188455842662663E+009,2.272433834409307E-002,
2.193440707907908E+009,2.277291698779598E-002,
2.198425573153153E+009,2.302289949063336E-002,
2.203410438398398E+009,2.345461298311360E-002,
2.208395303643644E+009,2.398846851967317E-002,
2.213380168888889E+009,2.494437125589226E-002,
2.218365034134134E+009,2.544115080262197E-002,
2.223349899379379E+009,2.627632739925159E-002,
2.228334764624625E+009,2.646527798673632E-002,
2.233319629869870E+009,2.619362429568046E-002,
2.238304495115115E+009,2.592925609554341E-002,
2.243289360360360E+009,2.513051598969935E-002,
2.248274225605606E+009,2.478396064048959E-002,
2.253259090850851E+009,2.394892298633864E-002,
2.258243956096096E+009,2.358374810750349E-002,
2.263228821341342E+009,2.349779845625316E-002,
2.268213686586587E+009,2.317542090876462E-002,
2.273198551831832E+009,2.317737832579174E-002,
2.278183417077077E+009,2.330551586723767E-002,
2.283168282322322E+009,2.347119669864356E-002,
2.288153147567567E+009,2.390459438171833E-002,
2.293138012812813E+009,2.463390824287135E-002,
2.298122878058058E+009,2.558792085237929E-002,
2.303107743303303E+009,2.589355959764897E-002,
2.308092608548549E+009,2.581292427412393E-002,
2.313077473793794E+009,2.506081425737925E-002,
2.318062339039039E+009,2.425855998326413E-002,
2.323047204284284E+009,2.322600100702665E-002,
2.328032069529530E+009,2.129278394929952E-002,
2.333016934774775E+009,1.943893479122711E-002,
2.338001800020020E+009,1.785834178901839E-002,
2.342986665265266E+009,1.600837954103402E-002,
2.347971530510510E+009,1.399166007061918E-002,
2.352956395755756E+009,1.281564857264007E-002,
2.357941261001001E+009,1.080653215877965E-002,
2.362926126246246E+009,8.550544511097366E-003,
2.367910991491491E+009,6.624413073634450E-003,
2.372895856736737E+009,5.064478275761874E-003,
2.377880721981982E+009,3.582739838994738E-003,
2.382865587227227E+009,2.418048655740569E-003,
2.387850452472473E+009,1.232067500806849E-003,
2.392835317717718E+009,5.207431293528948E-004,
2.397820182962963E+009,1.431839479356741E-003,
2.402805048208208E+009,2.557245444131033E-003,
2.407789913453454E+009,3.678361044922160E-003,
2.412774778698699E+009,4.605297286566423E-003,
2.417759643943944E+009,5.310008638210415E-003,
2.422744509189189E+009,5.675031733460337E-003,
2.427729374434434E+009,6.119130464204745E-003,
2.432714239679680E+009,6.580697166891828E-003,
2.437699104924925E+009,7.098202816844811E-003,
2.442683970170170E+009,7.390737549614210E-003,
2.447668835415415E+009,7.391101942072645E-003,
2.452653700660661E+009,7.351803997736638E-003,
2.457638565905906E+009,7.342791233534611E-003,
2.462623431151151E+009,7.302106802109147E-003,
2.467608296396397E+009,7.284454584428798E-003,
2.472593161641642E+009,7.481250946298325E-003,
2.477578026886887E+009,7.386936509123087E-003,
2.482562892132132E+009,7.183315688683525E-003,
2.487547757377378E+009,7.058380261476077E-003,
2.492532622622623E+009,7.051251238814900E-003,
2.497517487867868E+009,7.029188872867728E-003,
2.502502353113113E+009,7.122575954389321E-003,
2.507487218358358E+009,7.405386270561283E-003,
2.512472083603604E+009,7.827339075178325E-003,
2.517456948848849E+009,7.986210071273881E-003,
2.522441814094094E+009,8.238637049257530E-003,
2.527426679339339E+009,8.856225219105472E-003,
2.532411544584585E+009,9.548000730385179E-003,
2.537396409829830E+009,1.022912949717462E-002,
2.542381275075075E+009,1.059124635332759E-002,
2.547366140320320E+009,1.101049910848308E-002,
2.552351005565566E+009,1.151270701669032E-002,
2.557335870810811E+009,1.191804876284306E-002,
2.562320736056056E+009,1.236002258826296E-002,
2.567305601301302E+009,1.217480041829699E-002,
2.572290466546547E+009,1.219255024003078E-002,
2.577275331791792E+009,1.266090591592201E-002,
2.582260197037037E+009,1.327613564663324E-002,
2.587245062282282E+009,1.375832010076514E-002,
2.592229927527527E+009,1.477784134762148E-002,
2.597214792772773E+009,1.532328168195910E-002,
2.602199658018018E+009,1.605787664258566E-002,
2.607184523263263E+009,1.607785884626183E-002,
2.612169388508509E+009,1.638203996503461E-002,
2.617154253753754E+009,1.723906735414426E-002,
2.622139118998999E+009,1.798700340466867E-002,
2.627123984244244E+009,1.829758476306223E-002,
2.632108849489490E+009,1.942259859608707E-002,
2.637093714734735E+009,2.030886031715654E-002,
2.642078579979980E+009,2.166908815452149E-002,
2.647063445225225E+009,2.289153088467015E-002,
2.652048310470470E+009,2.374495752159292E-002,
2.657033175715716E+009,2.510872662034935E-002,
2.662018040960961E+009,2.613806607177976E-002,
2.667002906206206E+009,2.646786244009054E-002,
2.671987771451451E+009,2.708043657528400E-002,
2.676972636696697E+009,2.787014474533001E-002,
2.681957501941942E+009,2.823612666349445E-002,
2.686942367187187E+009,2.887321157180400E-002,
2.691927232432433E+009,2.891525928148649E-002,
2.696912097677678E+009,2.944829721712018E-002,
2.701896962922923E+009,2.924466656058768E-002,
2.706881828168168E+009,3.004546507698237E-002,
2.711866693413414E+009,3.072882387657008E-002,
2.716851558658659E+009,3.095276066841527E-002,
2.721836423903904E+009,3.067475485447276E-002,
2.726821289149149E+009,3.055377963463668E-002,
2.731806154394394E+009,3.042524781901072E-002,
2.736791019639640E+009,3.140575684551113E-002,
2.741775884884885E+009,3.115930826600192E-002,
2.746760750130130E+009,3.154804431991135E-002,
2.751745615375375E+009,3.296826991075485E-002,
2.756730480620621E+009,3.322723314375473E-002,
2.761715345865866E+009,3.346084815709229E-002,
2.766700211111111E+009,3.361084349924890E-002,
2.771685076356356E+009,3.410678833855788E-002,
2.776669941601602E+009,3.336355463227464E-002,
2.781654806846847E+009,3.335574198041951E-002,
2.786639672092092E+009,3.294935751017989E-002,
2.791624537337338E+009,3.266233413624062E-002,
2.796609402582583E+009,3.246219011023546E-002,
2.801594267827828E+009,3.296514136850063E-002,
2.806579133073073E+009,3.274121228172886E-002,
2.811563998318318E+009,3.293977282141966E-002,
2.816548863563564E+009,3.264329317715488E-002,
2.821533728808809E+009,3.268836657403544E-002,
2.826518594054054E+009,3.192138646343430E-002,
2.831503459299299E+009,3.220705976503891E-002,
2.836488324544545E+009,3.254858196348269E-002,
2.841473189789790E+009,3.279232729387908E-002,
2.846458055035035E+009,3.393212001756397E-002,
2.851442920280280E+009,3.404288950426353E-002,
2.856427785525526E+009,3.531759716406661E-002,
2.861412650770771E+009,3.632120085606777E-002,
2.866397516016016E+009,3.687003444163237E-002,
2.871382381261262E+009,3.660305792094056E-002,
2.876367246506506E+009,3.714861470049186E-002,
2.881352111751752E+009,3.723816344497209E-002,
2.886336976996997E+009,3.642554250538835E-002,
2.891321842242242E+009,3.550871182624390E-002,
2.896306707487487E+009,3.418546675783348E-002,
2.901291572732733E+009,3.312346650897769E-002,
2.906276437977978E+009,3.148763644529883E-002,
2.911261303223223E+009,3.034535494330537E-002,
2.916246168468469E+009,2.985899423568252E-002,
2.921231033713714E+009,2.992432237416684E-002,
2.926215898958959E+009,2.928387197345261E-002,
2.931200764204204E+009,2.907327283482733E-002,
2.936185629449450E+009,2.836950196504820E-002,
2.941170494694695E+009,2.880812398308335E-002,
2.946155359939940E+009,2.810183953725353E-002,
2.951140225185185E+009,2.779588251872461E-002,
2.956125090430430E+009,2.786968409335737E-002,
2.961109955675676E+009,2.765248152310664E-002,
2.966094820920921E+009,2.694108897248593E-002,
2.971079686166166E+009,2.790886303117591E-002,
2.976064551411411E+009,2.690199897045857E-002,
2.981049416656657E+009,2.587272016744718E-002,
2.986034281901902E+009,2.523356401591696E-002,
2.991019147147147E+009,2.426356590016493E-002,
2.996004012392393E+009,2.305840599778532E-002,
3.000988877637638E+009,2.145249605809035E-002,
3.005973742882883E+009,2.072181940876735E-002,
3.010958608128128E+009,1.968418642263062E-002,
3.015943473373374E+009,1.964605465551795E-002,
3.020928338618619E+009,1.925916611695986E-002,
3.025913203863864E+009,1.977657269934921E-002,
3.030898069109109E+009,1.921426829991988E-002,
3.035882934354354E+009,1.979722307471229E-002,
3.040867799599600E+009,2.060134690178613E-002,
3.045852664844845E+009,2.049936829302254E-002,
3.050837530090090E+009,2.069737254006942E-002,
3.055822395335335E+009,2.077282885685637E-002,
3.060807260580581E+009,2.087608388144725E-002,
3.065792125825826E+009,2.140507291516448E-002,
3.070776991071071E+009,2.078321590975255E-002,
3.075761856316316E+009,2.073017169069583E-002,
3.080746721561562E+009,2.078890459685710E-002,
3.085731586806807E+009,1.957842137262286E-002,
3.090716452052052E+009,1.868351298922488E-002,
3.095701317297298E+009,1.755478397589646E-002,
3.100686182542543E+009,1.700483305764972E-002,
3.105671047787788E+009,1.481158039344275E-002,
3.110655913033033E+009,1.455904387220394E-002,
3.115640778278278E+009,1.355131099825559E-002,
3.120625643523523E+009,1.288268877744255E-002,
3.125610508768769E+009,1.256767567887337E-002,
3.130595374014014E+009,1.258423146419068E-002,
3.135580239259259E+009,1.232284997826805E-002,
3.140565104504505E+009,1.159571396290750E-002,
3.145549969749750E+009,1.143053248490696E-002,
3.150534834994995E+009,1.123976310671310E-002,
3.155519700240240E+009,1.100406606297162E-002,
3.160504565485486E+009,1.078665243919785E-002,
3.165489430730731E+009,1.092046468389245E-002,
3.170474295975976E+009,1.129067637532266E-002,
3.175459161221221E+009,1.160743866644127E-002,
3.180444026466466E+009,1.182512575264801E-002,
3.185428891711712E+009,1.181461102688405E-002,
3.190413756956957E+009,1.181143552354162E-002,
3.195398622202202E+009,1.181488563265892E-002,
3.200383487447447E+009,1.183413631113058E-002,
3.205368352692693E+009,1.189584999147170E-002,
3.210353217937938E+009,1.194743056312123E-002,
3.215338083183183E+009,1.202148038101954E-002,
3.220322948428429E+009,1.186748615284091E-002,
3.225307813673674E+009,1.187057564305223E-002,
3.230292678918919E+009,1.184983338992696E-002,
3.235277544164164E+009,1.197644055717269E-002,
3.240262409409410E+009,1.214068598926226E-002,
3.245247274654655E+009,1.256685365140975E-002,
3.250232139899900E+009,1.287335188253748E-002,
3.255217005145145E+009,1.296694139933361E-002,
3.260201870390390E+009,1.294127786141084E-002,
3.265186735635636E+009,1.288713334611472E-002,
3.270171600880881E+009,1.273728602329156E-002,
3.275156466126126E+009,1.265746105688305E-002,
3.280141331371371E+009,1.253621215318679E-002,
3.285126196616617E+009,1.258922192994548E-002,
3.290111061861862E+009,1.263534837033336E-002,
3.295095927107107E+009,1.267455956429062E-002,
3.300080792352352E+009,1.242748345045006E-002,
3.305065657597598E+009,1.204217297489251E-002,
3.310050522842843E+009,1.173203105501914E-002,
3.315035388088088E+009,1.145146311445854E-002,
3.320020253333334E+009,1.106691756553814E-002,
3.325005118578579E+009,1.079819326436294E-002,
3.329989983823824E+009,1.045389907238318E-002,
3.334974849069069E+009,1.024264511078147E-002,
3.339959714314314E+009,1.008787320747828E-002,
3.344944579559560E+009,9.988931532340406E-003,
3.349929444804805E+009,9.995431660522192E-003,
3.354914310050050E+009,1.019893518067120E-002,
3.359899175295295E+009,1.036021814904888E-002,
3.364884040540541E+009,1.054064576378573E-002,
3.369868905785786E+009,1.062832695157301E-002,
3.374853771031031E+009,1.059094995577289E-002,
3.379838636276276E+009,1.070514844396212E-002,
3.384823501521522E+009,1.090277565153008E-002,
3.389808366766767E+009,1.106972457139689E-002,
3.394793232012012E+009,1.140587442286236E-002,
3.399778097257258E+009,1.148782822012562E-002,
3.404762962502502E+009,1.162605010982869E-002,
3.409747827747748E+009,1.148412982948157E-002,
3.414732692992993E+009,1.128957019490205E-002,
3.419717558238238E+009,1.122739599226081E-002,
3.424702423483483E+009,1.096385111185139E-002,
3.429687288728729E+009,1.079235600323061E-002,
3.434672153973974E+009,1.067664257376614E-002,
3.439657019219219E+009,1.038905225850144E-002,
3.444641884464465E+009,1.026741153370437E-002,
3.449626749709710E+009,1.006756311569958E-002,
3.454611614954955E+009,9.926583681721982E-003,
3.459596480200200E+009,9.745369202253872E-003,
3.464581345445446E+009,9.417755446662537E-003,
3.469566210690691E+009,9.175890362848802E-003,
3.474551075935936E+009,8.923733028599929E-003,
3.479535941181181E+009,8.668013401837029E-003,
3.484520806426426E+009,8.386341381945415E-003,
3.489505671671672E+009,7.896228325776142E-003,
3.494490536916917E+009,7.581212426951677E-003,
3.499475402162162E+009,7.287677827610707E-003,
3.504460267407407E+009,6.987634618557366E-003,
3.509445132652653E+009,6.873361223209373E-003,
3.514429997897898E+009,6.645250573806489E-003,
3.519414863143143E+009,6.500508415684530E-003,
3.524399728388389E+009,6.172432141256102E-003,
3.529384593633634E+009,5.705123705244679E-003,
3.534369458878879E+009,5.286350691574564E-003,
3.539354324124124E+009,4.922723658552513E-003,
3.544339189369370E+009,4.678968604288309E-003,
3.549324054614615E+009,4.612466978698515E-003,
3.554308919859860E+009,4.719813549204232E-003,
3.559293785105105E+009,4.692530673996374E-003,
3.564278650350350E+009,4.649517816434714E-003,
3.569263515595596E+009,4.694350256544654E-003,
3.574248380840841E+009,4.731987371044666E-003,
3.579233246086086E+009,4.656219235096901E-003,
3.584218111331331E+009,4.652124729642972E-003,
3.589202976576577E+009,4.713366177142131E-003,
3.594187841821822E+009,4.743511492527394E-003,
3.599172707067067E+009,4.828998467802237E-003,
3.604157572312312E+009,5.052000009462688E-003,
3.609142437557558E+009,5.309726421787221E-003,
3.614127302802803E+009,5.583087953548695E-003,
3.619112168048048E+009,5.850463991138042E-003,
3.624097033293294E+009,6.120206975069380E-003,
3.629081898538539E+009,6.428656532348795E-003,
3.634066763783784E+009,6.562422041144531E-003,
3.639051629029029E+009,6.751442697955429E-003,
3.644036494274274E+009,7.023803366796480E-003,
3.649021359519519E+009,7.256675729555956E-003,
3.654006224764765E+009,7.405968793973635E-003,
3.658991090010010E+009,7.724905150061504E-003,
3.663975955255255E+009,7.870446458708380E-003,
3.668960820500501E+009,8.033556251523704E-003,
3.673945685745746E+009,8.118609564454203E-003,
3.678930550990991E+009,8.380544239403416E-003,
3.683915416236236E+009,8.680492129065232E-003,
3.688900281481482E+009,8.957732907304009E-003,
3.693885146726727E+009,9.181209923010298E-003,
3.698870011971972E+009,9.436182732695159E-003,
3.703854877217217E+009,9.595995052834323E-003,
3.708839742462462E+009,9.635341362200088E-003,
3.713824607707708E+009,9.853100697016653E-003,
3.718809472952953E+009,9.797580553823852E-003,
3.723794338198198E+009,9.758434364143353E-003,
3.728779203443443E+009,9.706806269367310E-003,
3.733764068688689E+009,9.744465384242746E-003,
3.738748933933934E+009,9.927161588887500E-003,
3.743733799179179E+009,1.001281878807860E-002,
3.748718664424425E+009,1.012437683086802E-002,
3.753703529669670E+009,1.007919521103618E-002,
3.758688394914915E+009,1.007307277226938E-002,
3.763673260160160E+009,1.008608647745755E-002,
3.768658125405406E+009,1.012310064411563E-002,
3.773642990650651E+009,1.030264197393243E-002,
3.778627855895896E+009,1.060667279855413E-002,
3.783612721141141E+009,1.084716823474375E-002,
3.788597586386386E+009,1.111011486250286E-002,
3.793582451631632E+009,1.146689573974534E-002,
3.798567316876877E+009,1.151951859920944E-002,
3.803552182122122E+009,1.169232377500536E-002,
3.808537047367367E+009,1.170806787524792E-002,
3.813521912612613E+009,1.162856125971603E-002,
3.818506777857858E+009,1.161731274689973E-002,
3.823491643103103E+009,1.180295457885072E-002,
3.828476508348349E+009,1.192332404246190E-002,
3.833461373593594E+009,1.189603320877920E-002,
3.838446238838839E+009,1.181442443913732E-002,
3.843431104084084E+009,1.179946649031870E-002,
3.848415969329330E+009,1.180394160687175E-002,
3.853400834574575E+009,1.203967704698812E-002,
3.858385699819820E+009,1.239170424777732E-002,
3.863370565065065E+009,1.274691858340670E-002,
3.868355430310310E+009,1.322636010923782E-002,
3.873340295555556E+009,1.354506665244155E-002,
3.878325160800801E+009,1.379590626068131E-002,
3.883310026046046E+009,1.402634322206683E-002,
3.888294891291291E+009,1.403191924950237E-002,
3.893279756536537E+009,1.389217828666724E-002,
3.898264621781782E+009,1.383881380918112E-002,
3.903249487027027E+009,1.368516324744677E-002,
3.908234352272272E+009,1.368861155014169E-002,
3.913219217517518E+009,1.368811100162995E-002,
3.918204082762763E+009,1.357800629271561E-002,
3.923188948008008E+009,1.339744717466097E-002,
3.928173813253254E+009,1.309639628187828E-002,
3.933158678498498E+009,1.275276094370590E-002,
3.938143543743744E+009,1.234619604741299E-002,
3.943128408988989E+009,1.212295302058698E-002,
3.948113274234234E+009,1.203692091088659E-002,
3.953098139479479E+009,1.206165187869958E-002,
3.958083004724725E+009,1.224210015364200E-002,
3.963067869969970E+009,1.212980318473879E-002,
3.968052735215215E+009,1.210509002130941E-002,
3.973037600460461E+009,1.185999424132376E-002,
3.978022465705706E+009,1.155158701868497E-002,
3.983007330950951E+009,1.126593975933063E-002,
3.987992196196196E+009,1.091024050806553E-002,
3.992977061441442E+009,1.055006473162739E-002,
3.997961926686687E+009,1.009683910261994E-002,
4.002946791931932E+009,9.683236478566080E-003,
4.007931657177177E+009,9.047500642143415E-003,
4.012916522422422E+009,8.463017124558814E-003,
4.017901387667668E+009,8.156810276629180E-003,
4.022886252912913E+009,7.879021757579176E-003,
4.027871118158158E+009,7.757111527359981E-003,
4.032855983403403E+009,7.694226318220425E-003,
4.037840848648649E+009,7.551663923615449E-003,
4.042825713893894E+009,7.307536711314934E-003,
4.047810579139139E+009,7.210847357287395E-003,
4.052795444384385E+009,6.952723604417361E-003,
4.057780309629630E+009,6.711659676964972E-003,
4.062765174874875E+009,6.483958742198611E-003,
4.067750040120120E+009,6.222703059134531E-003,
4.072734905365366E+009,6.007864757302569E-003,
4.077719770610611E+009,5.657988411018662E-003,
4.082704635855856E+009,5.244905488984221E-003,
4.087689501101101E+009,4.939186870130501E-003,
4.092674366346346E+009,4.445341102572067E-003,
4.097659231591592E+009,4.046487570069812E-003,
4.102644096836837E+009,3.822236848628067E-003,
4.107628962082082E+009,3.596610670264984E-003,
4.112613827327327E+009,3.406818512737071E-003,
4.117598692572573E+009,3.080736821115662E-003,
4.122583557817818E+009,2.750942295945660E-003,
4.127568423063063E+009,2.598764562309886E-003,
4.132553288308308E+009,2.605711668804502E-003,
4.137538153553554E+009,2.582925718181095E-003,
4.142523018798799E+009,2.535285795948714E-003,
4.147507884044044E+009,2.467208753031887E-003,
4.152492749289290E+009,2.308694232109556E-003,
4.157477614534535E+009,2.057519419976282E-003,
4.162462479779780E+009,1.919158010742577E-003,
4.167447345025025E+009,1.778489492515686E-003,
4.172432210270270E+009,1.650515418272756E-003,
4.177417075515515E+009,1.714279872081965E-003,
4.182401940760761E+009,1.893403717790851E-003,
4.187386806006006E+009,1.959746057497333E-003,
4.192371671251251E+009,1.949132359810458E-003,
4.197356536496497E+009,2.007494600275707E-003,
4.202341401741742E+009,1.900337282569931E-003,
4.207326266986987E+009,1.936736697665441E-003,
4.212311132232232E+009,1.839704324411536E-003,
4.217295997477478E+009,1.806396035725370E-003,
4.222280862722723E+009,1.893151490917208E-003,
4.227265727967968E+009,1.959636091252508E-003,
4.232250593213213E+009,1.952872818573515E-003,
4.237235458458458E+009,1.950815574037572E-003,
4.242220323703704E+009,1.989563628819435E-003,
4.247205188948949E+009,2.141410196932604E-003,
4.252190054194194E+009,2.199706708263164E-003,
4.257174919439439E+009,2.391413484151869E-003,
4.262159784684685E+009,2.327172644428862E-003,
4.267144649929930E+009,2.388057154103341E-003,
4.272129515175175E+009,2.418308184855728E-003,
4.277114380420421E+009,2.406752545015352E-003,
4.282099245665666E+009,2.606531267365228E-003,
4.287084110910911E+009,2.655626974330730E-003,
4.292068976156156E+009,2.791458338680989E-003,
4.297053841401402E+009,2.740617637067256E-003,
4.302038706646647E+009,2.702579657363463E-003,
4.307023571891892E+009,2.720535472541810E-003,
4.312008437137137E+009,2.827830784831758E-003,
4.316993302382382E+009,2.891194585371079E-003,
4.321978167627627E+009,3.076315720355322E-003,
4.326963032872873E+009,3.312231036868832E-003,
4.331947898118118E+009,3.533983358971878E-003,
4.336932763363363E+009,3.871580664431788E-003,
4.341917628608608E+009,4.046368940547063E-003,
4.346902493853854E+009,4.357915555678951E-003,
4.351887359099099E+009,4.739349249256803E-003,
4.356872224344344E+009,4.997457133687541E-003,
4.361857089589590E+009,5.439702496933920E-003,
4.366841954834835E+009,5.788653131663906E-003,
4.371826820080080E+009,5.984845463402351E-003,
4.376811685325325E+009,6.272786614409381E-003,
4.381796550570571E+009,6.473597402833863E-003,
4.386781415815816E+009,6.681441892344929E-003,
4.391766281061061E+009,7.080058616441703E-003,
4.396751146306306E+009,7.535554686987025E-003,
4.401736011551552E+009,7.982622190755370E-003,
4.406720876796797E+009,8.383538080630098E-003,
4.411705742042042E+009,8.656787426714113E-003,
4.416690607287288E+009,8.903674158525055E-003,
4.421675472532533E+009,8.888500339072181E-003,
4.426660337777778E+009,9.053067786336839E-003,
4.431645203023023E+009,9.088964960875726E-003,
4.436630068268269E+009,9.248442054752910E-003,
4.441614933513514E+009,9.316806192827168E-003,
4.446599798758759E+009,9.345715917784809E-003,
4.451584664004005E+009,9.403913602309921E-003,
4.456569529249250E+009,9.609264116620397E-003,
4.461554394494494E+009,9.981241622965776E-003,
4.466539259739739E+009,1.034387687012284E-002,
4.471524124984985E+009,1.072705664312212E-002,
4.476508990230230E+009,1.119800325894744E-002,
4.481493855475475E+009,1.170387256268291E-002,
4.486478720720720E+009,1.227411663770504E-002,
4.491463585965966E+009,1.283264016015923E-002,
4.496448451211211E+009,1.319890059776855E-002,
4.501433316456456E+009,1.370799143080564E-002,
4.506418181701702E+009,1.415338026470774E-002,
4.511403046946947E+009,1.451977056800561E-002,
4.516387912192192E+009,1.488745661867439E-002,
4.521372777437437E+009,1.503003244589064E-002,
4.526357642682683E+009,1.499871020530497E-002,
4.531342507927928E+009,1.481745632216080E-002,
4.536327373173173E+009,1.448135333645289E-002,
4.541312238418419E+009,1.445509101517713E-002,
4.546297103663664E+009,1.428609874829913E-002,
4.551281968908909E+009,1.420383336448052E-002,
4.556266834154154E+009,1.406686538829056E-002,
4.561251699399400E+009,1.410275468649662E-002,
4.566236564644645E+009,1.402528485015835E-002,
4.571221429889890E+009,1.423559677059355E-002,
4.576206295135135E+009,1.439408367023959E-002,
4.581191160380381E+009,1.474127552441106E-002,
4.586176025625626E+009,1.513816398164256E-002,
4.591160890870871E+009,1.559713989932978E-002,
4.596145756116117E+009,1.623020439168320E-002,
4.601130621361362E+009,1.679880147182622E-002,
4.606115486606607E+009,1.728479392302102E-002,
4.611100351851852E+009,1.753718141453365E-002,
4.616085217097097E+009,1.761587570852724E-002,
4.621070082342342E+009,1.753264994408546E-002,
4.626054947587587E+009,1.716774734092058E-002,
4.631039812832833E+009,1.673606777840132E-002,
4.636024678078078E+009,1.618478473570314E-002,
4.641009543323323E+009,1.555368575974384E-002,
4.645994408568568E+009,1.492956146449089E-002,
4.650979273813814E+009,1.438294331587950E-002,
4.655964139059059E+009,1.389268910434514E-002,
4.660949004304304E+009,1.359634195092437E-002,
4.665933869549550E+009,1.331396839912989E-002,
4.670918734794795E+009,1.328432273403366E-002,
4.675903600040040E+009,1.343190297642176E-002,
4.680888465285285E+009,1.365166110485376E-002,
4.685873330530531E+009,1.406502781192760E-002,
4.690858195775776E+009,1.453578582066563E-002,
4.695843061021021E+009,1.497591344011029E-002,
4.700827926266266E+009,1.534891506047444E-002,
4.705812791511512E+009,1.548033855651334E-002,
4.710797656756757E+009,1.550274296239335E-002,
4.715782522002002E+009,1.533256460035606E-002,
4.720767387247248E+009,1.479140057947439E-002,
4.725752252492493E+009,1.427952460683537E-002,
4.730737117737738E+009,1.364380663219704E-002,
4.735721982982983E+009,1.288619183061743E-002,
4.740706848228229E+009,1.217842187851630E-002,
4.745691713473474E+009,1.146029566235493E-002,
4.750676578718719E+009,1.075314769371243E-002,
4.755661443963965E+009,1.012520976015062E-002,
4.760646309209209E+009,9.867652622645828E-003,
4.765631174454454E+009,9.664945378800931E-003,
4.770616039699699E+009,9.520307203073238E-003,
4.775600904944945E+009,9.535767870067673E-003,
4.780585770190190E+009,9.574810550149474E-003,
4.785570635435435E+009,9.612169083047299E-003,
4.790555500680680E+009,9.626788176316875E-003,
4.795540365925926E+009,9.794107539864256E-003,
4.800525231171171E+009,9.875747640313608E-003,
4.805510096416416E+009,9.922841179763912E-003,
4.810494961661662E+009,9.900392606962835E-003,
4.815479826906907E+009,9.777999966912679E-003,
4.820464692152152E+009,9.654717505150600E-003,
4.825449557397397E+009,9.371886431340109E-003,
4.830434422642643E+009,9.026735385696844E-003,
4.835419287887888E+009,8.500141033514827E-003,
4.840404153133133E+009,7.997018341003907E-003,
4.845389018378379E+009,7.388929658580161E-003,
4.850373883623624E+009,6.975988859684330E-003,
4.855358748868869E+009,6.641887358647716E-003,
4.860343614114114E+009,6.374412539259699E-003,
4.865328479359360E+009,6.108138426033127E-003,
4.870313344604605E+009,5.843217395233628E-003,
4.875298209849850E+009,5.594167965887058E-003,
4.880283075095095E+009,5.504838892085712E-003,
4.885267940340341E+009,5.417046323215605E-003,
4.890252805585586E+009,5.449235678808351E-003,
4.895237670830831E+009,5.557705174086471E-003,
4.900222536076077E+009,5.483305474504790E-003,
4.905207401321322E+009,5.444453217888784E-003,
4.910192266566567E+009,5.399538702703008E-003,
4.915177131811811E+009,5.342054034567094E-003,
4.920161997057057E+009,5.302019434887421E-003,
4.925146862302302E+009,5.107569642695250E-003,
4.930131727547547E+009,4.919138052569410E-003,
4.935116592792793E+009,4.559733090553702E-003,
4.940101458038038E+009,4.286856912007145E-003,
4.945086323283283E+009,4.106812093812104E-003,
4.950071188528528E+009,3.601205947716091E-003,
4.955056053773774E+009,3.476847092225604E-003,
4.960040919019019E+009,3.213777709416846E-003,
4.965025784264264E+009,3.082729495750463E-003,
4.970010649509509E+009,3.030554305874966E-003,
4.974995514754755E+009,2.795486638607084E-003,
4.979980380000000E+009,2.646513734171592E-003,
