% Version 1.00
%
% Ref Impedances: Z01: 50, Z02: 50
% 
%freq[Hz];Trc1_S21[U];
1.000000000000000E+005,1.673143761378784E-005,
5.084865245245245E+006,4.635527530534201E-004,
1.006973049049049E+007,9.111722217019829E-004,
1.505459573573574E+007,1.791707517078300E-003,
2.003946098098098E+007,2.391956567307391E-003,
2.502432622622623E+007,3.393021538136433E-003,
3.000919147147147E+007,4.774764319607527E-003,
3.499405671671671E+007,8.339437998473261E-003,
3.997892196196196E+007,1.506960533089470E-002,
4.496378720720721E+007,4.534495601402674E-002,
4.994865245245245E+007,7.731573496436479E-002,
5.493351769769770E+007,3.067547200613714E-002,
5.991838294294295E+007,2.393124477993289E-002,
6.490324818818819E+007,1.626601209787932E-002,
6.988811343343343E+007,1.277465658075342E-002,
7.487297867867868E+007,1.009901827767487E-002,
7.985784392392393E+007,8.690465838506517E-003,
8.484270916916917E+007,8.819497974831246E-003,
8.982757441441442E+007,9.091540243184270E-003,
9.481243965965965E+007,9.672592315184782E-003,
9.979730490490490E+007,1.059998205347071E-002,
1.047821701501502E+008,1.217881920326233E-002,
1.097670353953954E+008,1.448349792736581E-002,
1.147519006406407E+008,1.704708426017142E-002,
1.197367658858859E+008,1.947212541588361E-002,
1.247216311311311E+008,2.390333084825386E-002,
1.297064963763764E+008,2.953529312340295E-002,
1.346913616216216E+008,3.841704464416370E-002,
1.396762268668669E+008,5.437716378016939E-002,
1.446610921121121E+008,8.457447336299369E-002,
1.496459573573574E+008,1.539396788526157E-001,
1.546308226026026E+008,2.004739370748622E-001,
1.596156878478479E+008,1.326078447967266E-001,
1.646005530930931E+008,1.018865361009795E-001,
1.695854183383384E+008,8.852481121356015E-002,
1.745702835835836E+008,6.884081903270675E-002,
1.795551488288288E+008,4.118607688769509E-002,
1.845400140740741E+008,2.454459185765702E-002,
1.895248793193193E+008,1.634840325810730E-002,
1.945097445645646E+008,1.251134471637430E-002,
1.994946098098098E+008,1.071007790316253E-002,
2.044794750550551E+008,9.386208739289425E-003,
2.094643403003003E+008,7.924942630542145E-003,
2.144492055455456E+008,7.127086807944032E-003,
2.194340707907908E+008,6.838229545888635E-003,
2.244189360360360E+008,6.662514484453117E-003,
2.294038012812813E+008,6.761434491928105E-003,
2.343886665265265E+008,7.473084889525910E-003,
2.393735317717718E+008,8.548339903879621E-003,
2.443583970170170E+008,1.015838571953812E-002,
2.493432622622623E+008,1.278166151169269E-002,
2.543281275075075E+008,1.636038142239915E-002,
2.593129927527528E+008,2.146945134167201E-002,
2.642978579979980E+008,2.827138438577709E-002,
2.692827232432432E+008,3.952880138034482E-002,
2.742675884884885E+008,5.666985721902566E-002,
2.792524537337337E+008,8.925132438851523E-002,
2.842373189789790E+008,1.580913764365124E-001,
2.892221842242242E+008,1.915860518612056E-001,
2.942070494694695E+008,1.145636904251572E-001,
2.991919147147147E+008,7.248526413126467E-002,
3.041767799599600E+008,5.198288129967241E-002,
3.091616452052052E+008,4.057899017763397E-002,
3.141465104504505E+008,3.215284051572696E-002,
3.191313756956957E+008,2.540639867920446E-002,
3.241162409409409E+008,2.086824519642617E-002,
3.291011061861862E+008,1.689680302350888E-002,
3.340859714314314E+008,1.340169478279401E-002,
3.390708366766767E+008,1.036800292397446E-002,
3.440557019219219E+008,8.427213004763496E-003,
3.490405671671672E+008,6.928615474948544E-003,
3.540254324124124E+008,5.646997312670529E-003,
3.590102976576577E+008,5.419762639545516E-003,
3.639951629029029E+008,5.317298734728491E-003,
3.689800281481482E+008,5.749133464733038E-003,
3.739648933933934E+008,6.819307096921906E-003,
3.789497586386386E+008,8.323941613174532E-003,
3.839346238838839E+008,1.004424255932024E-002,
3.889194891291291E+008,1.211388362517635E-002,
3.939043543743744E+008,1.333261967490551E-002,
3.988892196196196E+008,1.472103932418118E-002,
4.038740848648649E+008,1.639823926419642E-002,
4.088589501101101E+008,1.869099428294165E-002,
4.138438153553554E+008,1.983547471349560E-002,
4.188286806006006E+008,2.036034027490720E-002,
4.238135458458459E+008,1.987215210375867E-002,
4.287984110910911E+008,1.898631206759136E-002,
4.337832763363363E+008,1.790086289169368E-002,
4.387681415815816E+008,1.674082192315828E-002,
4.437530068268268E+008,1.676435476032980E-002,
4.487378720720721E+008,1.649176181861510E-002,
4.537227373173173E+008,1.702728045788690E-002,
4.587076025625626E+008,1.761044331953666E-002,
4.636924678078078E+008,1.856871115838018E-002,
4.686773330530531E+008,1.939342333704268E-002,
4.736621982982983E+008,2.095428352207050E-002,
4.786470635435436E+008,2.296539764557957E-002,
4.836319287887888E+008,2.494848984614725E-002,
4.886167940340340E+008,2.773465683947290E-002,
4.936016592792793E+008,3.003379052397893E-002,
4.985865245245245E+008,3.216040461163251E-002,
5.035713897697698E+008,3.390604667404391E-002,
5.085562550150150E+008,3.603237336002225E-002,
5.135411202602603E+008,3.748877537257939E-002,
5.185259855055055E+008,3.872649969743811E-002,
5.235108507507508E+008,3.949698944533442E-002,
5.284957159959960E+008,4.023582346869704E-002,
5.334805812412412E+008,4.045361498107768E-002,
5.384654464864864E+008,4.120777397497138E-002,
5.434503117317318E+008,4.359851853075990E-002,
5.484351769769770E+008,4.547326194300481E-002,
5.534200422222222E+008,4.783794642366137E-002,
5.584049074674674E+008,5.023056573981070E-002,
5.633897727127128E+008,5.265981675865412E-002,
5.683746379579580E+008,5.542451188211114E-002,
5.733595032032032E+008,5.744078519623243E-002,
5.783443684484484E+008,5.910870204919860E-002,
5.833292336936938E+008,6.005806365433730E-002,
5.883140989389390E+008,6.024169923160450E-002,
5.932989641841842E+008,6.084899125121029E-002,
5.982838294294294E+008,6.083983579728688E-002,
6.032686946746746E+008,6.088326696731013E-002,
6.082535599199200E+008,6.106150124583380E-002,
6.132384251651652E+008,6.153937112917009E-002,
6.182232904104104E+008,6.265327151942796E-002,
6.232081556556556E+008,6.427954596350040E-002,
6.281930209009010E+008,6.616036318276845E-002,
6.331778861461462E+008,6.752549107851025E-002,
6.381627513913914E+008,6.869396509046435E-002,
6.431476166366366E+008,6.974067801516871E-002,
6.481324818818818E+008,7.130403839798548E-002,
6.531173471271272E+008,7.382994083730002E-002,
6.581022123723724E+008,7.690452287674374E-002,
6.630870776176176E+008,7.940528973257051E-002,
6.680719428628628E+008,8.278428311673307E-002,
6.730568081081082E+008,8.782291883802040E-002,
6.780416733533534E+008,9.148402366908726E-002,
6.830265385985986E+008,9.379537056307337E-002,
6.880114038438438E+008,9.781433479219621E-002,
6.929962690890890E+008,1.033998265049967E-001,
6.979811343343344E+008,1.082872486913444E-001,
7.029659995795796E+008,1.149923195099252E-001,
7.079508648248248E+008,1.205220269983045E-001,
7.129357300700700E+008,1.231077346700327E-001,
7.179205953153154E+008,1.249830290613472E-001,
7.229054605605606E+008,1.253587678499003E-001,
7.278903258058058E+008,1.264930551123720E-001,
7.328751910510510E+008,1.280498430330665E-001,
7.378600562962964E+008,1.297633716907955E-001,
7.428449215415416E+008,1.319886145609448E-001,
7.478297867867868E+008,1.342750896596966E-001,
7.528146520320320E+008,1.395756527171209E-001,
7.577995172772772E+008,1.443595566699418E-001,
7.627843825225226E+008,1.479419441596619E-001,
7.677692477677678E+008,1.493716900413269E-001,
7.727541130130130E+008,1.479140563998957E-001,
7.777389782582582E+008,1.443885522730587E-001,
7.827238435035036E+008,1.410503707420096E-001,
7.877087087487488E+008,1.378473246695487E-001,
7.926935739939940E+008,1.347468663801059E-001,
7.976784392392392E+008,1.312278215374493E-001,
8.026633044844844E+008,1.287882741918944E-001,
8.076481697297298E+008,1.304993695075638E-001,
8.126330349749750E+008,1.329433348497385E-001,
8.176179002202202E+008,1.356667722070443E-001,
8.226027654654654E+008,1.376589198082306E-001,
8.275876307107108E+008,1.414072491696622E-001,
8.325724959559560E+008,1.440432810607190E-001,
8.375573612012012E+008,1.511843670648175E-001,
8.425422264464464E+008,1.571546611088189E-001,
8.475270916916918E+008,1.620025834960377E-001,
8.525119569369370E+008,1.651273600132852E-001,
8.574968221821822E+008,1.684002595482481E-001,
8.624816874274274E+008,1.677670641559528E-001,
8.674665526726726E+008,1.644459816517569E-001,
8.724514179179180E+008,1.609351497669612E-001,
8.774362831631632E+008,1.580623813078156E-001,
8.824211484084084E+008,1.538991015080947E-001,
8.874060136536536E+008,1.491892341953421E-001,
8.923908788988990E+008,1.434577100625167E-001,
8.973757441441442E+008,1.380348787623501E-001,
9.023606093893894E+008,1.359073056512711E-001,
9.073454746346346E+008,1.341388293578884E-001,
9.123303398798798E+008,1.309204665251021E-001,
9.173152051251252E+008,1.297188222150376E-001,
9.223000703703704E+008,1.289987397474761E-001,
9.272849356156156E+008,1.283166188938035E-001,
9.322698008608608E+008,1.278540117183414E-001,
9.372546661061062E+008,1.271277864610354E-001,
9.422395313513514E+008,1.255284583681126E-001,
9.472243965965966E+008,1.225291304195090E-001,
9.522092618418418E+008,1.198899439132787E-001,
9.571941270870872E+008,1.179760813869174E-001,
9.621789923323324E+008,1.162443112748192E-001,
9.671638575775776E+008,1.149873563131040E-001,
9.721487228228228E+008,1.154155235659279E-001,
9.771335880680680E+008,1.157867149556470E-001,
9.821184533133134E+008,1.165328142547412E-001,
9.871033185585586E+008,1.167069192271417E-001,
9.920881838038038E+008,1.182023303075352E-001,
9.970730490490490E+008,1.209255025219505E-001,
1.002057914294294E+009,1.251420784275706E-001,
1.007042779539540E+009,1.293836737271590E-001,
1.012027644784785E+009,1.318752039932134E-001,
1.017012510030030E+009,1.329016234357471E-001,
1.021997375275275E+009,1.326706290944156E-001,
1.026982240520521E+009,1.312069799825237E-001,
1.031967105765766E+009,1.275166405467592E-001,
1.036951971011011E+009,1.234812010364175E-001,
1.041936836256256E+009,1.199872062424992E-001,
1.046921701501502E+009,1.164503262874254E-001,
1.051906566746747E+009,1.145129401123651E-001,
1.056891431991992E+009,1.126613148593574E-001,
1.061876297237237E+009,1.101814101585648E-001,
1.066861162482482E+009,1.065318342762368E-001,
1.071846027727728E+009,1.028277853414417E-001,
1.076830892972973E+009,9.947667304850005E-002,
1.081815758218218E+009,9.645436129787625E-002,
1.086800623463464E+009,9.404574739025372E-002,
1.091785488708709E+009,9.397785345765261E-002,
1.096770353953954E+009,9.616973710632987E-002,
1.101755219199199E+009,1.008000461877288E-001,
1.106740084444444E+009,1.061433509897082E-001,
1.111724949689690E+009,1.099349744119072E-001,
1.116709814934935E+009,1.136412096311940E-001,
1.121694680180180E+009,1.150333461441263E-001,
1.126679545425426E+009,1.145475784754819E-001,
1.131664410670671E+009,1.138935025871695E-001,
1.136649275915916E+009,1.112253117782144E-001,
1.141634141161161E+009,1.080276350978034E-001,
1.146619006406406E+009,1.047039007721140E-001,
1.151603871651652E+009,1.020776050092646E-001,
1.156588736896897E+009,1.021496255324126E-001,
1.161573602142142E+009,1.032197545754796E-001,
1.166558467387388E+009,1.047637316099775E-001,
1.171543332632633E+009,1.060651282938437E-001,
1.176528197877878E+009,1.067869770545367E-001,
1.181513063123123E+009,1.072297592177178E-001,
1.186497928368368E+009,1.078207359135886E-001,
1.191482793613614E+009,1.077839874886734E-001,
1.196467658858859E+009,1.070024628981453E-001,
1.201452524104104E+009,1.058761290614485E-001,
1.206437389349349E+009,1.051272590816469E-001,
1.211422254594595E+009,1.047982459543683E-001,
1.216407119839840E+009,1.044729593538987E-001,
1.221391985085085E+009,1.029839236870506E-001,
1.226376850330330E+009,1.003255171179285E-001,
1.231361715575576E+009,9.627785222960200E-002,
1.236346580820821E+009,9.210038911209989E-002,
1.241331446066066E+009,8.848249534969156E-002,
1.246316311311311E+009,8.590710555529280E-002,
1.251301176556557E+009,8.318164930205774E-002,
1.256286041801802E+009,8.022304922752485E-002,
1.261270907047047E+009,7.784663965159758E-002,
1.266255772292292E+009,7.617966961337047E-002,
1.271240637537538E+009,7.501644187500894E-002,
1.276225502782783E+009,7.439239465204837E-002,
1.281210368028028E+009,7.433099542288434E-002,
1.286195233273273E+009,7.475136522212753E-002,
1.291180098518518E+009,7.472581299200935E-002,
1.296164963763764E+009,7.519750558519658E-002,
1.301149829009009E+009,7.461101036621547E-002,
1.306134694254254E+009,7.465962275211142E-002,
1.311119559499500E+009,7.482215669293786E-002,
1.316104424744745E+009,7.430535095018316E-002,
1.321089289989990E+009,7.391990259217418E-002,
1.326074155235235E+009,7.422423368240795E-002,
1.331059020480480E+009,7.241284624803870E-002,
1.336043885725726E+009,7.007988665908937E-002,
1.341028750970971E+009,6.771545633592767E-002,
1.346013616216216E+009,6.508738435928430E-002,
1.350998481461462E+009,6.341299507837718E-002,
1.355983346706707E+009,6.170442856507816E-002,
1.360968211951952E+009,6.028997918645404E-002,
1.365953077197197E+009,6.023202930762828E-002,
1.370937942442442E+009,6.094209365725824E-002,
1.375922807687688E+009,6.170962997469649E-002,
1.380907672932933E+009,6.330511820038021E-002,
1.385892538178178E+009,6.424186309718151E-002,
1.390877403423424E+009,6.487771626153734E-002,
1.395862268668669E+009,6.430303498543179E-002,
1.400847133913914E+009,6.311105264774722E-002,
1.405831999159159E+009,6.159084209633413E-002,
1.410816864404404E+009,5.975651008996889E-002,
1.415801729649650E+009,5.834452870746856E-002,
1.420786594894895E+009,5.633731633221405E-002,
1.425771460140140E+009,5.516036905115093E-002,
1.430756325385386E+009,5.352090634234603E-002,
1.435741190630631E+009,5.203351996165361E-002,
1.440726055875876E+009,5.140304220096534E-002,
1.445710921121121E+009,5.118455196176519E-002,
1.450695786366366E+009,5.053080640134886E-002,
1.455680651611612E+009,5.084076705135277E-002,
1.460665516856857E+009,5.159350856380823E-002,
1.465650382102102E+009,5.313396937507034E-002,
1.470635247347347E+009,5.360808308890067E-002,
1.475620112592593E+009,5.355590564022001E-002,
1.480604977837838E+009,5.263435412273048E-002,
1.485589843083083E+009,5.100261875170226E-002,
1.490574708328328E+009,4.937301787380963E-002,
1.495559573573574E+009,4.796371616574227E-002,
1.500544438818819E+009,4.679845697757833E-002,
1.505529304064064E+009,4.699696155138893E-002,
1.510514169309309E+009,4.783788496854571E-002,
1.515499034554555E+009,4.824246941379024E-002,
1.520483899799800E+009,4.939841203363606E-002,
1.525468765045045E+009,4.988614491944922E-002,
1.530453630290290E+009,5.032486244540389E-002,
1.535438495535536E+009,5.011359323316233E-002,
1.540423360780781E+009,5.088618003746501E-002,
1.545408226026026E+009,5.238497843464468E-002,
1.550393091271271E+009,5.377158737951110E-002,
1.555377956516516E+009,5.625335564122339E-002,
1.560362821761762E+009,5.841444298626854E-002,
1.565347687007007E+009,6.064520769090145E-002,
1.570332552252252E+009,6.242270200797146E-002,
1.575317417497498E+009,6.378367992145684E-002,
1.580302282742743E+009,6.470352875486278E-002,
1.585287147987988E+009,6.445582700215700E-002,
1.590272013233233E+009,6.392387561561652E-002,
1.595256878478478E+009,6.311648183316729E-002,
1.600241743723724E+009,6.191615113285394E-002,
1.605226608968969E+009,6.136642704501420E-002,
1.610211474214214E+009,6.082281775329598E-002,
1.615196339459460E+009,6.043502505843935E-002,
1.620181204704705E+009,6.044940441390036E-002,
1.625166069949950E+009,5.995529131432910E-002,
1.630150935195195E+009,6.022992295718039E-002,
1.635135800440440E+009,5.923847063346805E-002,
1.640120665685686E+009,5.842838383838180E-002,
1.645105530930931E+009,5.806442689530176E-002,
1.650090396176176E+009,5.782663263939183E-002,
1.655075261421422E+009,5.742317726034627E-002,
1.660060126666667E+009,5.641643427521902E-002,
1.665044991911912E+009,5.594376057643433E-002,
1.670029857157157E+009,5.491915608552295E-002,
1.675014722402402E+009,5.327662803778709E-002,
1.679999587647648E+009,5.049717784293533E-002,
1.684984452892893E+009,4.758500599873373E-002,
1.689969318138138E+009,4.499530360364286E-002,
1.694954183383384E+009,4.228963001741219E-002,
1.699939048628629E+009,4.021199640839917E-002,
1.704923913873874E+009,3.825627039847700E-002,
1.709908779119119E+009,3.620895500991303E-002,
1.714893644364364E+009,3.400919258180336E-002,
1.719878509609610E+009,3.192572152134424E-002,
1.724863374854855E+009,2.966618386257443E-002,
1.729848240100100E+009,2.815760687622038E-002,
1.734833105345345E+009,2.667819934991180E-002,
1.739817970590591E+009,2.523105494252010E-002,
1.744802835835836E+009,2.398744521150428E-002,
1.749787701081081E+009,2.358947032878723E-002,
1.754772566326326E+009,2.365839505139807E-002,
1.759757431571572E+009,2.459984369940720E-002,
1.764742296816817E+009,2.452749121738710E-002,
1.769727162062062E+009,2.416554431534079E-002,
1.774712027307307E+009,2.345499472610396E-002,
1.779696892552553E+009,2.236641494491821E-002,
1.784681757797798E+009,2.157061899693305E-002,
1.789666623043043E+009,2.066004893891504E-002,
1.794651488288288E+009,1.843883296556364E-002,
1.799636353533534E+009,1.579412984503848E-002,
1.804621218778779E+009,1.348834435366901E-002,
1.809606084024024E+009,1.126781114103189E-002,
1.814590949269269E+009,9.509167505774779E-003,
1.819575814514514E+009,7.685913267800271E-003,
1.824560679759760E+009,5.713972324760693E-003,
1.829545545005005E+009,4.172699923785214E-003,
1.834530410250250E+009,3.714049615085968E-003,
1.839515275495496E+009,4.590624693848624E-003,
1.844500140740741E+009,6.116637817494261E-003,
1.849485005985986E+009,8.254787397489088E-003,
1.854469871231231E+009,1.014070046965246E-002,
1.859454736476476E+009,1.190917732426280E-002,
1.864439601721722E+009,1.342296228122948E-002,
1.869424466966967E+009,1.416040531209154E-002,
1.874409332212212E+009,1.545837642408310E-002,
1.879394197457458E+009,1.676003989225160E-002,
1.884379062702703E+009,1.804512357311738E-002,
1.889363927947948E+009,1.934030711374882E-002,
1.894348793193193E+009,2.158288467289187E-002,
1.899333658438438E+009,2.329390658727283E-002,
1.904318523683684E+009,2.362970452041740E-002,
1.909303388928929E+009,2.446722008118705E-002,
1.914288254174174E+009,2.578800596160328E-002,
1.919273119419420E+009,2.643864579014715E-002,
1.924257984664665E+009,2.727198598265029E-002,
1.929242849909910E+009,2.737234662709762E-002,
1.934227715155155E+009,2.784028087523909E-002,
1.939212580400400E+009,2.804148505665562E-002,
1.944197445645646E+009,2.903730220787818E-002,
1.949182310890891E+009,3.029385314817239E-002,
1.954167176136136E+009,3.157390072469244E-002,
1.959152041381382E+009,3.255510146911157E-002,
1.964136906626627E+009,3.320134809550816E-002,
1.969121771871872E+009,3.331595745863245E-002,
1.974106637117117E+009,3.391833682688226E-002,
1.979091502362362E+009,3.454120886029457E-002,
1.984076367607608E+009,3.431481223041197E-002,
1.989061232852853E+009,3.470591379754483E-002,
1.994046098098098E+009,3.414964150958808E-002,
1.999030963343343E+009,3.407864769332647E-002,
2.004015828588589E+009,3.323876303469489E-002,
2.009000693833834E+009,3.299299907519344E-002,
2.013985559079079E+009,3.239707268202623E-002,
2.018970424324324E+009,3.260391662696006E-002,
2.023955289569570E+009,3.282051365036787E-002,
2.028940154814815E+009,3.278153103027204E-002,
2.033925020060060E+009,3.261297709333178E-002,
2.038909885305305E+009,3.260920244463170E-002,
2.043894750550551E+009,3.256732056324100E-002,
2.048879615795796E+009,3.210282278308373E-002,
2.053864481041041E+009,3.200160347169489E-002,
2.058849346286286E+009,3.117184563370751E-002,
2.063834211531532E+009,3.050777439571414E-002,
2.068819076776777E+009,3.031824042287927E-002,
2.073803942022022E+009,2.994566193610524E-002,
2.078788807267267E+009,2.999189326251742E-002,
2.083773672512512E+009,3.022281661590274E-002,
2.088758537757758E+009,3.024903182968203E-002,
2.093743403003003E+009,3.014004368336392E-002,
2.098728268248248E+009,2.986323845383087E-002,
2.103713133493494E+009,3.003624257482483E-002,
2.108697998738739E+009,3.024549680442005E-002,
2.113682863983984E+009,3.054375846347552E-002,
2.118667729229229E+009,3.019419770307368E-002,
2.123652594474474E+009,2.978355747686181E-002,
2.128637459719720E+009,2.948753928727671E-002,
2.133622324964965E+009,2.885623003483233E-002,
2.138607190210210E+009,2.797360037022930E-002,
2.143592055455456E+009,2.738741560023046E-002,
2.148576920700701E+009,2.594685392833033E-002,
2.153561785945946E+009,2.476678736195833E-002,
2.158546651191191E+009,2.254148494615180E-002,
2.163531516436437E+009,2.044941857647325E-002,
2.168516381681682E+009,1.900573207205719E-002,
2.173501246926927E+009,1.759791850144441E-002,
2.178486112172172E+009,1.651262665536184E-002,
2.183470977417418E+009,1.550497705452334E-002,
2.188455842662663E+009,1.552609621224455E-002,
2.193440707907908E+009,1.532822411908889E-002,
2.198425573153153E+009,1.531356336073264E-002,
2.203410438398398E+009,1.466676460242408E-002,
2.208395303643644E+009,1.451825246347699E-002,
2.213380168888889E+009,1.517625295184822E-002,
2.218365034134134E+009,1.598320950943645E-002,
2.223349899379379E+009,1.683568071929440E-002,
2.228334764624625E+009,1.728616364608440E-002,
2.233319629869870E+009,1.827912000937779E-002,
2.238304495115115E+009,1.883292066081676E-002,
2.243289360360360E+009,1.971255263973630E-002,
2.248274225605606E+009,2.017732050833648E-002,
2.253259090850851E+009,2.084628589903121E-002,
2.258243956096096E+009,2.128765476815527E-002,
2.263228821341342E+009,2.165081372488042E-002,
2.268213686586587E+009,2.179711664009818E-002,
2.273198551831832E+009,2.191613932199839E-002,
2.278183417077077E+009,2.248662979870900E-002,
2.283168282322322E+009,2.273017587068809E-002,
2.288153147567567E+009,2.321911569104867E-002,
2.293138012812813E+009,2.396566401814212E-002,
2.298122878058058E+009,2.505273318537699E-002,
2.303107743303303E+009,2.560642130207569E-002,
2.308092608548549E+009,2.582044378944732E-002,
2.313077473793794E+009,2.615075970363506E-002,
2.318062339039039E+009,2.618016211550354E-002,
2.323047204284284E+009,2.510285991823353E-002,
2.328032069529530E+009,2.391507279278721E-002,
2.333016934774775E+009,2.231486147999912E-002,
2.338001800020020E+009,2.079663923258344E-002,
2.342986665265266E+009,1.867604155808102E-002,
2.347971530510510E+009,1.748550156321013E-002,
2.352956395755756E+009,1.602979607612434E-002,
2.357941261001001E+009,1.498669933809563E-002,
2.362926126246246E+009,1.399204060084294E-002,
2.367910991491491E+009,1.219384946952249E-002,
2.372895856736737E+009,1.128762327553647E-002,
2.377880721981982E+009,1.031657915674367E-002,
2.382865587227227E+009,1.010119624597962E-002,
2.387850452472473E+009,1.047813126860718E-002,
2.392835317717718E+009,1.091082773023013E-002,
2.397820182962963E+009,1.115107016619299E-002,
2.402805048208208E+009,1.179939161250527E-002,
2.407789913453454E+009,1.211291958295630E-002,
2.412774778698699E+009,1.258990453872956E-002,
2.417759643943944E+009,1.268153557568854E-002,
2.422744509189189E+009,1.278340865261261E-002,
2.427729374434434E+009,1.263821173377266E-002,
2.432714239679680E+009,1.263672840038504E-002,
2.437699104924925E+009,1.248834545462775E-002,
2.442683970170170E+009,1.223727500622737E-002,
2.447668835415415E+009,1.250355241946968E-002,
2.452653700660661E+009,1.231784130035671E-002,
2.457638565905906E+009,1.272734097726427E-002,
2.462623431151151E+009,1.230493926809516E-002,
2.467608296396397E+009,1.239433968215145E-002,
2.472593161641642E+009,1.251305252378487E-002,
2.477578026886887E+009,1.186845215073419E-002,
2.482562892132132E+009,1.095241671374296E-002,
2.487547757377378E+009,1.041975426204203E-002,
2.492532622622623E+009,9.998143650804392E-003,
2.497517487867868E+009,9.559270078216721E-003,
2.502502353113113E+009,9.024735492509173E-003,
2.507487218358358E+009,8.831093697321706E-003,
2.512472083603604E+009,8.764632155517566E-003,
2.517456948848849E+009,8.594213686680272E-003,
2.522441814094094E+009,8.289222764291282E-003,
2.527426679339339E+009,7.918360539085460E-003,
2.532411544584585E+009,7.471536153049769E-003,
2.537396409829830E+009,7.111847139691076E-003,
2.542381275075075E+009,6.291068090224374E-003,
2.547366140320320E+009,5.163307581021251E-003,
2.552351005565566E+009,4.600548810274215E-003,
2.557335870810811E+009,4.383873212537359E-003,
2.562320736056056E+009,4.813087290754238E-003,
2.567305601301302E+009,5.582146994596554E-003,
2.572290466546547E+009,6.758547611121142E-003,
2.577275331791792E+009,7.831436238351154E-003,
2.582260197037037E+009,9.108712326682629E-003,
2.587245062282282E+009,1.056320242922315E-002,
2.592229927527527E+009,1.200253916685062E-002,
2.597214792772773E+009,1.327261001668571E-002,
2.602199658018018E+009,1.466782661710680E-002,
2.607184523263263E+009,1.649578544766776E-002,
2.612169388508509E+009,1.804456535080734E-002,
2.617154253753754E+009,1.966501406465071E-002,
2.622139118998999E+009,2.067269878383938E-002,
2.627123984244244E+009,2.271424904017698E-002,
2.632108849489490E+009,2.305148961594087E-002,
2.637093714734735E+009,2.305575702071896E-002,
2.642078579979980E+009,2.405600735225687E-002,
2.647063445225225E+009,2.515793476582990E-002,
2.652048310470470E+009,2.524398690891221E-002,
2.657033175715716E+009,2.510693582067734E-002,
2.662018040960961E+009,2.567876154611771E-002,
2.667002906206206E+009,2.654726718415993E-002,
2.671987771451451E+009,2.671428299690456E-002,
2.676972636696697E+009,2.697274481789613E-002,
2.681957501941942E+009,2.745999963325608E-002,
2.686942367187187E+009,2.762800297593004E-002,
2.691927232432433E+009,2.745176070987459E-002,
2.696912097677678E+009,2.761395907231998E-002,
2.701896962922923E+009,2.784278682008531E-002,
2.706881828168168E+009,2.777064000806994E-002,
2.711866693413414E+009,2.753744983560678E-002,
2.716851558658659E+009,2.843611717657937E-002,
2.721836423903904E+009,2.847337062955414E-002,
2.726821289149149E+009,2.857674516471805E-002,
2.731806154394394E+009,2.885501928791459E-002,
2.736791019639640E+009,2.862578916249688E-002,
2.741775884884885E+009,2.868745943651303E-002,
2.746760750130130E+009,2.914934292989302E-002,
2.751745615375375E+009,2.918283033015827E-002,
2.756730480620621E+009,2.937781424792968E-002,
2.761715345865866E+009,3.025902099895860E-002,
2.766700211111111E+009,3.161092919522608E-002,
2.771685076356356E+009,3.290742568400591E-002,
2.776669941601602E+009,3.404039450557979E-002,
2.781654806846847E+009,3.480539648828741E-002,
2.786639672092092E+009,3.542318278458512E-002,
2.791624537337338E+009,3.666486476236588E-002,
2.796609402582583E+009,3.697996394626413E-002,
2.801594267827828E+009,3.737201194145965E-002,
2.806579133073073E+009,3.750508385087221E-002,
2.811563998318318E+009,3.741194767352154E-002,
2.816548863563564E+009,3.819569160458543E-002,
2.821533728808809E+009,3.850359421094793E-002,
2.826518594054054E+009,3.862201276767556E-002,
2.831503459299299E+009,3.866116411099070E-002,
2.836488324544545E+009,3.858711175964282E-002,
2.841473189789790E+009,3.812638667159563E-002,
2.846458055035035E+009,3.845745463969975E-002,
2.851442920280280E+009,3.945821645444510E-002,
2.856427785525526E+009,3.877497309452276E-002,
2.861412650770771E+009,3.902654061162027E-002,
2.866397516016016E+009,3.857894057665238E-002,
2.871382381261262E+009,3.861842633805537E-002,
2.876367246506506E+009,3.825276013731307E-002,
2.881352111751752E+009,3.746552165020828E-002,
2.886336976996997E+009,3.634106227452370E-002,
2.891321842242242E+009,3.591663612486455E-002,
2.896306707487487E+009,3.415820858964010E-002,
2.901291572732733E+009,3.265565149950935E-002,
2.906276437977978E+009,3.136699409597677E-002,
2.911261303223223E+009,3.050832721958616E-002,
2.916246168468469E+009,2.870087671751839E-002,
2.921231033713714E+009,2.780966564287210E-002,
2.926215898958959E+009,2.779061733542757E-002,
2.931200764204204E+009,2.713946260252786E-002,
2.936185629449450E+009,2.680971920221090E-002,
2.941170494694695E+009,2.626608567863742E-002,
2.946155359939940E+009,2.679820840977588E-002,
2.951140225185185E+009,2.715593368981285E-002,
2.956125090430430E+009,2.730129616541033E-002,
2.961109955675676E+009,2.756391220042362E-002,
2.966094820920921E+009,2.721941512145648E-002,
2.971079686166166E+009,2.716565454491125E-002,
2.976064551411411E+009,2.703903629379626E-002,
2.981049416656657E+009,2.682942353379070E-002,
2.986034281901902E+009,2.641297031923184E-002,
2.991019147147147E+009,2.619784722917333E-002,
2.996004012392393E+009,2.552175909961631E-002,
3.000988877637638E+009,2.425352157274408E-002,
3.005973742882883E+009,2.387717208095109E-002,
3.010958608128128E+009,2.327640280189138E-002,
3.015943473373374E+009,2.179955773792202E-002,
3.020928338618619E+009,2.235074375130688E-002,
3.025913203863864E+009,2.124043024949740E-002,
3.030898069109109E+009,2.099139923840456E-002,
3.035882934354354E+009,2.114037215632699E-002,
3.040867799599600E+009,2.105411623625405E-002,
3.045852664844845E+009,2.127661474932761E-002,
3.050837530090090E+009,2.053226178799735E-002,
3.055822395335335E+009,2.085057407186872E-002,
3.060807260580581E+009,2.000667498238861E-002,
3.065792125825826E+009,2.025494155958823E-002,
3.070776991071071E+009,1.927538838405622E-002,
3.075761856316316E+009,1.829864349178798E-002,
3.080746721561562E+009,1.736208646226505E-002,
3.085731586806807E+009,1.653625426579599E-002,
3.090716452052052E+009,1.528993714336615E-002,
3.095701317297298E+009,1.363821163343941E-002,
3.100686182542543E+009,1.281902638236855E-002,
3.105671047787788E+009,1.155287565089105E-002,
3.110655913033033E+009,1.134766488194215E-002,
3.115640778278278E+009,1.059924707396681E-002,
3.120625643523523E+009,1.002263452619437E-002,
3.125610508768769E+009,9.747002238712891E-003,
3.130595374014014E+009,9.479673272988610E-003,
3.135580239259259E+009,9.580423114709732E-003,
3.140565104504505E+009,9.754193359363656E-003,
3.145549969749750E+009,1.004875034771432E-002,
3.150534834994995E+009,1.024986559246992E-002,
3.155519700240240E+009,1.037253119467644E-002,
3.160504565485486E+009,1.056183912066972E-002,
3.165489430730731E+009,1.071151915164116E-002,
3.170474295975976E+009,1.081872232468671E-002,
3.175459161221221E+009,1.082690433592285E-002,
3.180444026466466E+009,1.057627568206814E-002,
3.185428891711712E+009,1.027079025466648E-002,
3.190413756956957E+009,9.847006840958714E-003,
3.195398622202202E+009,9.406649434015707E-003,
3.200383487447447E+009,9.009798854759702E-003,
3.205368352692693E+009,8.675901994629599E-003,
3.210353217937938E+009,8.361401368279092E-003,
3.215338083183183E+009,7.871692467660061E-003,
3.220322948428429E+009,7.251808905046139E-003,
3.225307813673674E+009,6.808056961735841E-003,
3.230292678918919E+009,6.140284302927353E-003,
3.235277544164164E+009,5.667534465498523E-003,
3.240262409409410E+009,5.279227485373168E-003,
3.245247274654655E+009,5.185151644821417E-003,
3.250232139899900E+009,5.077077293421765E-003,
3.255217005145145E+009,4.855170354189844E-003,
3.260201870390390E+009,4.460089326732199E-003,
3.265186735635636E+009,4.140228767089474E-003,
3.270171600880881E+009,4.087619640252722E-003,
3.275156466126126E+009,4.019871996138471E-003,
3.280141331371371E+009,4.146595228495515E-003,
3.285126196616617E+009,4.598279484242885E-003,
3.290111061861862E+009,5.144271456666075E-003,
3.295095927107107E+009,5.752555142859803E-003,
3.300080792352352E+009,6.276331751204500E-003,
3.305065657597598E+009,6.849745536304447E-003,
3.310050522842843E+009,7.149398457591127E-003,
3.315035388088088E+009,7.367795227047514E-003,
3.320020253333334E+009,7.568121197600869E-003,
3.325005118578579E+009,7.825948053925358E-003,
3.329989983823824E+009,8.048302225626742E-003,
3.334974849069069E+009,8.259017761485380E-003,
3.339959714314314E+009,8.447147018074251E-003,
3.344944579559560E+009,8.623775076542639E-003,
3.349929444804805E+009,8.672208760947556E-003,
3.354914310050050E+009,8.713829965342543E-003,
3.359899175295295E+009,8.785719546904233E-003,
3.364884040540541E+009,8.886197052813915E-003,
3.369868905785786E+009,8.906697850235764E-003,
3.374853771031031E+009,8.684711684080197E-003,
3.379838636276276E+009,8.521337768955119E-003,
3.384823501521522E+009,8.259158990966560E-003,
3.389808366766767E+009,7.893819427730427E-003,
3.394793232012012E+009,7.391552395043046E-003,
3.399778097257258E+009,6.801209688801359E-003,
3.404762962502502E+009,6.302546076925266E-003,
3.409747827747748E+009,5.803472940713947E-003,
3.414732692992993E+009,5.467257593725234E-003,
3.419717558238238E+009,5.014163784235822E-003,
3.424702423483483E+009,4.561734250373514E-003,
3.429687288728729E+009,4.211487207915696E-003,
3.434672153973974E+009,3.770634693582408E-003,
3.439657019219219E+009,3.372482714755075E-003,
3.444641884464465E+009,3.176514874142685E-003,
3.449626749709710E+009,2.871699911159520E-003,
3.454611614954955E+009,2.768460431817102E-003,
3.459596480200200E+009,2.705912156662715E-003,
3.464581345445446E+009,2.550476855691704E-003,
3.469566210690691E+009,2.607032466635841E-003,
3.474551075935936E+009,2.757758302286554E-003,
3.479535941181181E+009,2.831258455709778E-003,
3.484520806426426E+009,2.768573454600641E-003,
3.489505671671672E+009,2.712112938356253E-003,
3.494490536916917E+009,2.820989604851108E-003,
3.499475402162162E+009,2.799402970696341E-003,
3.504460267407407E+009,2.853201076327338E-003,
3.509445132652653E+009,2.917574443989349E-003,
3.514429997897898E+009,3.133367595988370E-003,
3.519414863143143E+009,3.131638846840663E-003,
3.524399728388389E+009,3.292796072616384E-003,
3.529384593633634E+009,3.375001952547425E-003,
3.534369458878879E+009,3.840860055892433E-003,
3.539354324124124E+009,4.122489569383314E-003,
3.544339189369370E+009,4.496471178721170E-003,
3.549324054614615E+009,4.742458330808086E-003,
3.554308919859860E+009,5.024634770342014E-003,
3.559293785105105E+009,5.367760034994585E-003,
3.564278650350350E+009,5.860428543103865E-003,
3.569263515595596E+009,6.152822543455633E-003,
3.574248380840841E+009,6.632578375606828E-003,
3.579233246086086E+009,6.897529225397311E-003,
3.584218111331331E+009,7.308859812372910E-003,
3.589202976576577E+009,7.761233960107903E-003,
3.594187841821822E+009,8.012688001645559E-003,
3.599172707067067E+009,8.262513186814256E-003,
3.604157572312312E+009,8.842733126398543E-003,
3.609142437557558E+009,9.477613859347209E-003,
3.614127302802803E+009,9.955906012567404E-003,
3.619112168048048E+009,1.010558077332131E-002,
3.624097033293294E+009,1.001430843940472E-002,
3.629081898538539E+009,1.000529192050963E-002,
3.634066763783784E+009,9.893662501443639E-003,
3.639051629029029E+009,9.838200081398262E-003,
3.644036494274274E+009,9.890754570482507E-003,
3.649021359519519E+009,9.799076110462900E-003,
3.654006224764765E+009,9.627670185029483E-003,
3.658991090010010E+009,9.621810203176496E-003,
3.663975955255255E+009,9.632976806032628E-003,
3.668960820500501E+009,9.659283607587570E-003,
3.673945685745746E+009,9.691234834900548E-003,
3.678930550990991E+009,9.850530322086500E-003,
3.683915416236236E+009,9.886024945002956E-003,
3.688900281481482E+009,9.985403044733157E-003,
3.693885146726727E+009,1.000867797962380E-002,
3.698870011971972E+009,1.003464767527393E-002,
3.703854877217217E+009,1.025834797895080E-002,
3.708839742462462E+009,1.043179442413433E-002,
3.713824607707708E+009,1.069818509598695E-002,
3.718809472952953E+009,1.102645908529206E-002,
3.723794338198198E+009,1.111291714075421E-002,
3.728779203443443E+009,1.131691519950873E-002,
3.733764068688689E+009,1.165064521014663E-002,
3.738748933933934E+009,1.171458150375811E-002,
3.743733799179179E+009,1.203102521343403E-002,
3.748718664424425E+009,1.239088256736962E-002,
3.753703529669670E+009,1.282084711450299E-002,
3.758688394914915E+009,1.312215001724466E-002,
3.763673260160160E+009,1.349691692927403E-002,
3.768658125405406E+009,1.386330871318422E-002,
3.773642990650651E+009,1.438983851238360E-002,
3.778627855895896E+009,1.469324429380766E-002,
3.783612721141141E+009,1.512436146724116E-002,
3.788597586386386E+009,1.536301702114207E-002,
3.793582451631632E+009,1.550923139375095E-002,
3.798567316876877E+009,1.565661527293070E-002,
3.803552182122122E+009,1.575184940794288E-002,
3.808537047367367E+009,1.558328491826345E-002,
3.813521912612613E+009,1.540791374578358E-002,
3.818506777857858E+009,1.524755087678924E-002,
3.823491643103103E+009,1.503720090615606E-002,
3.828476508348349E+009,1.473365472557071E-002,
3.833461373593594E+009,1.432462122209379E-002,
3.838446238838839E+009,1.403546987937378E-002,
3.843431104084084E+009,1.390672346758106E-002,
3.848415969329330E+009,1.365097413874436E-002,
3.853400834574575E+009,1.354702444093683E-002,
3.858385699819820E+009,1.345629914769349E-002,
3.863370565065065E+009,1.340781066379116E-002,
3.868355430310310E+009,1.350375757817105E-002,
3.873340295555556E+009,1.360982592311644E-002,
3.878325160800801E+009,1.394947665605335E-002,
3.883310026046046E+009,1.420870124969552E-002,
3.888294891291291E+009,1.423298901914972E-002,
3.893279756536537E+009,1.412271450999081E-002,
3.898264621781782E+009,1.397657176680919E-002,
3.903249487027027E+009,1.384189509439294E-002,
3.908234352272272E+009,1.356329388166784E-002,
3.913219217517518E+009,1.342355403177279E-002,
3.918204082762763E+009,1.327214391719624E-002,
3.923188948008008E+009,1.310315245608669E-002,
3.928173813253254E+009,1.303210074846290E-002,
3.933158678498498E+009,1.292377363566742E-002,
3.938143543743744E+009,1.287156016585042E-002,
3.943128408988989E+009,1.298220888163583E-002,
3.948113274234234E+009,1.309672073952866E-002,
3.953098139479479E+009,1.328325059601558E-002,
3.958083004724725E+009,1.321888217451786E-002,
3.963067869969970E+009,1.315552471879611E-002,
3.968052735215215E+009,1.328805646044637E-002,
3.973037600460461E+009,1.314788135361827E-002,
3.978022465705706E+009,1.302582678312277E-002,
3.983007330950951E+009,1.300567462528354E-002,
3.987992196196196E+009,1.292004965316721E-002,
3.992977061441442E+009,1.268415178828721E-002,
3.997961926686687E+009,1.217809348980623E-002,
4.002946791931932E+009,1.160989165992917E-002,
4.007931657177177E+009,1.097324586711516E-002,
4.012916522422422E+009,1.036118944296817E-002,
4.017901387667668E+009,9.790652752529895E-003,
4.022886252912913E+009,9.238656650373524E-003,
4.027871118158158E+009,8.847688034302812E-003,
4.032855983403403E+009,8.487693277258849E-003,
4.037840848648649E+009,8.268116092027692E-003,
4.042825713893894E+009,8.030571723791498E-003,
4.047810579139139E+009,8.051067343401974E-003,
4.052795444384385E+009,8.108757279897193E-003,
4.057780309629630E+009,8.257648213803837E-003,
4.062765174874875E+009,8.352894251098909E-003,
4.067750040120120E+009,8.232047141226403E-003,
4.072734905365366E+009,8.089014648456031E-003,
4.077719770610611E+009,7.782666024547110E-003,
4.082704635855856E+009,7.446542201944106E-003,
4.087689501101101E+009,7.098727313572157E-003,
4.092674366346346E+009,6.696007767170585E-003,
4.097659231591592E+009,6.438699563126051E-003,
4.102644096836837E+009,6.237221942139995E-003,
4.107628962082082E+009,6.107427691307490E-003,
4.112613827327327E+009,6.045113623432348E-003,
4.117598692572573E+009,5.915745030604761E-003,
4.122583557817818E+009,5.786628152587224E-003,
4.127568423063063E+009,5.605132655430882E-003,
4.132553288308308E+009,5.329027640586091E-003,
4.137538153553554E+009,5.349868482223056E-003,
4.142523018798799E+009,5.272093520950751E-003,
4.147507884044044E+009,5.215501833480118E-003,
4.152492749289290E+009,5.063961106173007E-003,
4.157477614534535E+009,5.138521044911564E-003,
4.162462479779780E+009,5.067163544517758E-003,
4.167447345025025E+009,5.199998211108221E-003,
4.172432210270270E+009,5.198732710376143E-003,
4.177417075515515E+009,5.284424962540544E-003,
4.182401940760761E+009,5.249276617448321E-003,
4.187386806006006E+009,5.221423784651879E-003,
4.192371671251251E+009,5.039300720347049E-003,
4.197356536496497E+009,4.899592594024996E-003,
4.202341401741742E+009,4.750409379338796E-003,
4.207326266986987E+009,4.648717618999724E-003,
4.212311132232232E+009,4.616229358803166E-003,
4.217295997477478E+009,4.478246889576155E-003,
4.222280862722723E+009,4.381304636101193E-003,
4.227265727967968E+009,4.255739542829885E-003,
4.232250593213213E+009,4.151988255564064E-003,
4.237235458458458E+009,4.117626456085237E-003,
4.242220323703704E+009,4.137260113935655E-003,
4.247205188948949E+009,4.356717797283146E-003,
4.252190054194194E+009,4.505134338789549E-003,
4.257174919439439E+009,4.854477393834856E-003,
4.262159784684685E+009,5.224794340528900E-003,
4.267144649929930E+009,5.656012630279560E-003,
4.272129515175175E+009,5.943199212829369E-003,
4.277114380420421E+009,6.277912660392545E-003,
4.282099245665666E+009,6.541689152625762E-003,
4.287084110910911E+009,6.782887712244771E-003,
4.292068976156156E+009,6.936454371814372E-003,
4.297053841401402E+009,7.023315429528456E-003,
4.302038706646647E+009,7.303094515942195E-003,
4.307023571891892E+009,7.501529131034899E-003,
4.312008437137137E+009,7.623642163794378E-003,
4.316993302382382E+009,7.809229163595544E-003,
4.321978167627627E+009,8.132495312270409E-003,
4.326963032872873E+009,8.410547218351864E-003,
4.331947898118118E+009,8.705558933162967E-003,
4.336932763363363E+009,9.038878810746515E-003,
4.341917628608608E+009,9.353093564287139E-003,
4.346902493853854E+009,9.616783123837085E-003,
4.351887359099099E+009,9.937057317898774E-003,
4.356872224344344E+009,1.022412216400002E-002,
4.361857089589590E+009,1.049235438907344E-002,
4.366841954834835E+009,1.066598579207373E-002,
4.371826820080080E+009,1.088690203859723E-002,
4.376811685325325E+009,1.103412460929288E-002,
4.381796550570571E+009,1.112262089667845E-002,
4.386781415815816E+009,1.124042287858145E-002,
4.391766281061061E+009,1.145852520231694E-002,
4.396751146306306E+009,1.165247378542079E-002,
4.401736011551552E+009,1.171305650339028E-002,
4.406720876796797E+009,1.193410353753318E-002,
4.411705742042042E+009,1.208390024053201E-002,
4.416690607287288E+009,1.210849296194926E-002,
4.421675472532533E+009,1.215392330678413E-002,
4.426660337777778E+009,1.203479703616541E-002,
4.431645203023023E+009,1.194881285754892E-002,
4.436630068268269E+009,1.178601575551597E-002,
4.441614933513514E+009,1.154835966553218E-002,
4.446599798758759E+009,1.144802399173299E-002,
4.451584664004005E+009,1.141555008101397E-002,
4.456569529249250E+009,1.141253029169043E-002,
4.461554394494494E+009,1.143863602892514E-002,
4.466539259739739E+009,1.163930374864153E-002,
4.471524124984985E+009,1.198933433207886E-002,
4.476508990230230E+009,1.243560034656171E-002,
4.481493855475475E+009,1.307174742975288E-002,
4.486478720720720E+009,1.371199062652929E-002,
4.491463585965966E+009,1.444266874196992E-002,
4.496448451211211E+009,1.510444723608962E-002,
4.501433316456456E+009,1.573065188188149E-002,
4.506418181701702E+009,1.620051843472995E-002,
4.511403046946947E+009,1.657210940043049E-002,
4.516387912192192E+009,1.676722471894367E-002,
4.521372777437437E+009,1.688389913681131E-002,
4.526357642682683E+009,1.666317315647556E-002,
4.531342507927928E+009,1.623709747536878E-002,
4.536327373173173E+009,1.583173495436787E-002,
4.541312238418419E+009,1.545331790342269E-002,
4.546297103663664E+009,1.514107307734445E-002,
4.551281968908909E+009,1.490972321680290E-002,
4.556266834154154E+009,1.450822381422480E-002,
4.561251699399400E+009,1.435188952360920E-002,
4.566236564644645E+009,1.430742505278384E-002,
4.571221429889890E+009,1.437908115613684E-002,
4.576206295135135E+009,1.454349776711147E-002,
4.581191160380381E+009,1.478661843139851E-002,
4.586176025625626E+009,1.500567773403540E-002,
4.591160890870871E+009,1.545329730479158E-002,
4.596145756116117E+009,1.579080910798749E-002,
4.601130621361362E+009,1.624099014045265E-002,
4.606115486606607E+009,1.646904954796037E-002,
4.611100351851852E+009,1.632210844190054E-002,
4.616085217097097E+009,1.637026272574319E-002,
4.621070082342342E+009,1.612991227389140E-002,
4.626054947587587E+009,1.558701597322023E-002,
4.631039812832833E+009,1.482192919743534E-002,
4.636024678078078E+009,1.418602984965615E-002,
4.641009543323323E+009,1.348964562916590E-002,
4.645994408568568E+009,1.275738333685145E-002,
4.650979273813814E+009,1.235806481440892E-002,
4.655964139059059E+009,1.181120862733336E-002,
4.660949004304304E+009,1.155579436408699E-002,
4.665933869549550E+009,1.140390748349342E-002,
4.670918734794795E+009,1.124557326655227E-002,
4.675903600040040E+009,1.127025745047583E-002,
4.680888465285285E+009,1.138219119707795E-002,
4.685873330530531E+009,1.153611597015316E-002,
4.690858195775776E+009,1.178892294249875E-002,
4.695843061021021E+009,1.204512454805202E-002,
4.700827926266266E+009,1.224312994763328E-002,
4.705812791511512E+009,1.232025660317420E-002,
4.710797656756757E+009,1.240037175496194E-002,
4.715782522002002E+009,1.234781994893186E-002,
4.720767387247248E+009,1.202027342024310E-002,
4.725752252492493E+009,1.159096961863116E-002,
4.730737117737738E+009,1.099164079256466E-002,
4.735721982982983E+009,1.028702887610806E-002,
4.740706848228229E+009,9.580188379664709E-003,
4.745691713473474E+009,9.029570475729299E-003,
4.750676578718719E+009,8.654392910613490E-003,
4.755661443963965E+009,8.278497782105217E-003,
4.760646309209209E+009,8.044073811491609E-003,
4.765631174454454E+009,7.832379898239089E-003,
4.770616039699699E+009,7.679849108049758E-003,
4.775600904944945E+009,7.636074914995916E-003,
4.780585770190190E+009,7.543820228808297E-003,
4.785570635435435E+009,7.546917036401316E-003,
4.790555500680680E+009,7.565316090488454E-003,
4.795540365925926E+009,7.618139386306677E-003,
4.800525231171171E+009,7.587022609707438E-003,
4.805510096416416E+009,7.667374827108713E-003,
4.810494961661662E+009,7.616718836001114E-003,
4.815479826906907E+009,7.638308588687651E-003,
4.820464692152152E+009,7.470525575148353E-003,
4.825449557397397E+009,7.229242751625431E-003,
4.830434422642643E+009,6.960863545441410E-003,
4.835419287887888E+009,6.538628639448520E-003,
4.840404153133133E+009,6.142852361801256E-003,
4.845389018378379E+009,5.595987752174941E-003,
4.850373883623624E+009,5.334443695385662E-003,
4.855358748868869E+009,5.005622685458764E-003,
4.860343614114114E+009,4.775228609136062E-003,
4.865328479359360E+009,4.554688572256101E-003,
4.870313344604605E+009,4.387360096632357E-003,
4.875298209849850E+009,4.351400387746286E-003,
4.880283075095095E+009,4.430505890415332E-003,
4.885267940340341E+009,4.487801816410262E-003,
4.890252805585586E+009,4.546251578502085E-003,
4.895237670830831E+009,4.676539757056274E-003,
4.900222536076077E+009,4.622076769612845E-003,
4.905207401321322E+009,4.750172833842518E-003,
4.910192266566567E+009,4.720509891501593E-003,
4.915177131811811E+009,4.719285857500360E-003,
4.920161997057057E+009,4.623490306922847E-003,
4.925146862302302E+009,4.473308687862217E-003,
4.930131727547547E+009,4.424989335518947E-003,
4.935116592792793E+009,4.351711705401626E-003,
4.940101458038038E+009,4.208728856339456E-003,
4.945086323283283E+009,3.975141366534302E-003,
4.950071188528528E+009,3.935393486286788E-003,
4.955056053773774E+009,3.786804330585298E-003,
4.960040919019019E+009,3.660710688682520E-003,
4.965025784264264E+009,3.429749353342073E-003,
4.970010649509509E+009,3.369974121206605E-003,
4.974995514754755E+009,3.217175090748749E-003,
4.979980380000000E+009,3.218409929703497E-003,
