% Version 1.00
%
% Ref Impedances: Z01: 50, Z02: 50
% 
%freq[Hz];Trc1_S21[U];
1.000000000000000E+005,3.362928980028570E-005,
5.084865245245245E+006,1.110614107765388E-004,
1.006973049049049E+007,8.914665452136704E-004,
1.505459573573574E+007,1.798945330253780E-003,
2.003946098098098E+007,2.417088869809144E-003,
2.502432622622623E+007,3.448745445333449E-003,
3.000919147147147E+007,4.767028563303162E-003,
3.499405671671671E+007,8.156464840927807E-003,
3.997892196196196E+007,1.534395457915849E-002,
4.496378720720721E+007,4.498165379819451E-002,
4.994865245245245E+007,8.000766765196829E-002,
5.493351769769770E+007,3.113025573938736E-002,
5.991838294294295E+007,2.474594220655212E-002,
6.490324818818819E+007,1.691218945459480E-002,
6.988811343343343E+007,1.318817873900799E-002,
7.487297867867868E+007,1.000812623201364E-002,
7.985784392392393E+007,8.538486738556946E-003,
8.484270916916917E+007,8.789120028215818E-003,
8.982757441441442E+007,9.028675397785832E-003,
9.481243965965965E+007,9.601968110363702E-003,
9.979730490490490E+007,1.066849461771693E-002,
1.047821701501502E+008,1.215516132293251E-002,
1.097670353953954E+008,1.447600215203694E-002,
1.147519006406407E+008,1.650879018758271E-002,
1.197367658858859E+008,1.923633760442906E-002,
1.247216311311311E+008,2.339127844783414E-002,
1.297064963763764E+008,2.880266655471089E-002,
1.346913616216216E+008,3.726009042477568E-002,
1.396762268668669E+008,5.229676517478550E-002,
1.446610921121121E+008,7.994625749105269E-002,
1.496459573573574E+008,1.445523389358487E-001,
1.546308226026026E+008,2.065217177159585E-001,
1.596156878478479E+008,1.391839701198153E-001,
1.646005530930931E+008,1.040574557460663E-001,
1.695854183383384E+008,8.725291643216467E-002,
1.745702835835836E+008,6.334313735711572E-002,
1.795551488288288E+008,3.800844069185277E-002,
1.845400140740741E+008,2.369552232809984E-002,
1.895248793193193E+008,1.707326941981911E-002,
1.945097445645646E+008,1.304040322108039E-002,
1.994946098098098E+008,1.170001036879192E-002,
2.044794750550551E+008,1.012799166027591E-002,
2.094643403003003E+008,8.961608655190944E-003,
2.144492055455456E+008,7.469223310538928E-003,
2.194340707907908E+008,7.059739599892691E-003,
2.244189360360360E+008,7.125552539308598E-003,
2.294038012812813E+008,6.861435456612840E-003,
2.343886665265265E+008,7.317937854913346E-003,
2.393735317717718E+008,8.043405772673918E-003,
2.443583970170170E+008,9.388814815222987E-003,
2.493432622622623E+008,1.153623294979069E-002,
2.543281275075075E+008,1.495708530194771E-002,
2.593129927527528E+008,1.927475553937240E-002,
2.642978579979980E+008,2.583750063815716E-002,
2.692827232432432E+008,3.513554612935133E-002,
2.742675884884885E+008,5.048267046260437E-002,
2.792524537337337E+008,7.825180152861783E-002,
2.842373189789790E+008,1.380654303192126E-001,
2.892221842242242E+008,1.896803066241109E-001,
2.942070494694695E+008,1.163584437920725E-001,
2.991919147147147E+008,7.310705337635973E-002,
3.041767799599600E+008,5.143694892517457E-002,
3.091616452052052E+008,4.001761188625300E-002,
3.141465104504505E+008,3.188316492983831E-002,
3.191313756956957E+008,2.509842617922667E-002,
3.241162409409409E+008,2.054428992185050E-002,
3.291011061861862E+008,1.646603746663282E-002,
3.340859714314314E+008,1.298757228765403E-002,
3.390708366766767E+008,9.941666966213916E-003,
3.440557019219219E+008,7.984299805356058E-003,
3.490405671671672E+008,6.319086127816796E-003,
3.540254324124124E+008,5.552411456472742E-003,
3.590102976576577E+008,5.129596286230761E-003,
3.639951629029029E+008,5.075462150743043E-003,
3.689800281481482E+008,5.625020545758682E-003,
3.739648933933934E+008,6.817070937158023E-003,
3.789497586386386E+008,8.450789548537365E-003,
3.839346238838839E+008,1.027408168370960E-002,
3.889194891291291E+008,1.237981821451253E-002,
3.939043543743744E+008,1.399941900392327E-002,
3.988892196196196E+008,1.501078708887813E-002,
4.038740848648649E+008,1.623247514556761E-002,
4.088589501101101E+008,1.852047970977390E-002,
4.138438153553554E+008,1.960366764115109E-002,
4.188286806006006E+008,2.023729749393660E-002,
4.238135458458459E+008,2.009120167343166E-002,
4.287984110910911E+008,1.867834305221032E-002,
4.337832763363363E+008,1.778571358932278E-002,
4.387681415815816E+008,1.719650737737627E-002,
4.437530068268268E+008,1.681656116673309E-002,
4.487378720720721E+008,1.688119346757131E-002,
4.537227373173173E+008,1.679310259842043E-002,
4.587076025625626E+008,1.769157622739029E-002,
4.636924678078078E+008,1.870021539999852E-002,
4.686773330530531E+008,2.006344096345045E-002,
4.736621982982983E+008,2.174576054767159E-002,
4.786470635435436E+008,2.364112871842966E-002,
4.836319287887888E+008,2.544268584532450E-002,
4.886167940340340E+008,2.747228486022755E-002,
4.936016592792793E+008,2.965767901460278E-002,
4.985865245245245E+008,3.164759840491645E-002,
5.035713897697698E+008,3.339318700224579E-002,
5.085562550150150E+008,3.513917373258511E-002,
5.135411202602603E+008,3.673534633243022E-002,
5.185259855055055E+008,3.781216502814173E-002,
5.235108507507508E+008,3.867182370319243E-002,
5.284957159959960E+008,3.890237976081917E-002,
5.334805812412412E+008,3.939324179502903E-002,
5.384654464864864E+008,4.014921977856070E-002,
5.434503117317318E+008,4.191894752194286E-002,
5.484351769769770E+008,4.416558296535409E-002,
5.534200422222222E+008,4.624396061936352E-002,
5.584049074674674E+008,4.793943672655255E-002,
5.633897727127128E+008,5.079340319383890E-002,
5.683746379579580E+008,5.291468797362206E-002,
5.733595032032032E+008,5.472138370588575E-002,
5.783443684484484E+008,5.586226357374817E-002,
5.833292336936938E+008,5.655362849891563E-002,
5.883140989389390E+008,5.687207243140204E-002,
5.932989641841842E+008,5.744273402224803E-002,
5.982838294294294E+008,5.839280519823668E-002,
6.032686946746746E+008,6.005552050272459E-002,
6.082535599199200E+008,6.104532514009881E-002,
6.132384251651652E+008,6.265350152788679E-002,
6.182232904104104E+008,6.479137944504294E-002,
6.232081556556556E+008,6.657123847231039E-002,
6.281930209009010E+008,6.872204142896765E-002,
6.331778861461462E+008,7.072833032222003E-002,
6.381627513913914E+008,7.239762720747911E-002,
6.431476166366366E+008,7.343985557904965E-002,
6.481324818818818E+008,7.417785498711962E-002,
6.531173471271272E+008,7.632164226115433E-002,
6.581022123723724E+008,7.790689313044018E-002,
6.630870776176176E+008,7.911839481148321E-002,
6.680719428628628E+008,8.267817812572484E-002,
6.730568081081082E+008,8.665661328678097E-002,
6.780416733533534E+008,8.976004862184990E-002,
6.830265385985986E+008,9.103415730672747E-002,
6.880114038438438E+008,9.404250871964522E-002,
6.929962690890890E+008,9.813835497669232E-002,
6.979811343343344E+008,1.017852330620948E-001,
7.029659995795796E+008,1.058197413440359E-001,
7.079508648248248E+008,1.092504448640800E-001,
7.129357300700700E+008,1.113966218381193E-001,
7.179205953153154E+008,1.138444162815541E-001,
7.229054605605606E+008,1.149860343824065E-001,
7.278903258058058E+008,1.165969316159228E-001,
7.328751910510510E+008,1.187219877393059E-001,
7.378600562962964E+008,1.203490651826133E-001,
7.428449215415416E+008,1.230297943210123E-001,
7.478297867867868E+008,1.269414730040639E-001,
7.528146520320320E+008,1.321832517006522E-001,
7.577995172772772E+008,1.375715189185764E-001,
7.627843825225226E+008,1.436259056279434E-001,
7.677692477677678E+008,1.485665147706751E-001,
7.727541130130130E+008,1.518939714363976E-001,
7.777389782582582E+008,1.528670924566203E-001,
7.827238435035036E+008,1.521568545925401E-001,
7.877087087487488E+008,1.510539883238816E-001,
7.926935739939940E+008,1.498942119987223E-001,
7.976784392392392E+008,1.483225890758289E-001,
8.026633044844844E+008,1.477527335014882E-001,
8.076481697297298E+008,1.493340629228130E-001,
8.126330349749750E+008,1.506096466812956E-001,
8.176179002202202E+008,1.518021447397262E-001,
8.226027654654654E+008,1.530694084284727E-001,
8.275876307107108E+008,1.534595352992806E-001,
8.325724959559560E+008,1.538849919048346E-001,
8.375573612012012E+008,1.578600151716129E-001,
8.425422264464464E+008,1.603170795225126E-001,
8.475270916916918E+008,1.610788953678092E-001,
8.525119569369370E+008,1.605747954006830E-001,
8.574968221821822E+008,1.601947166692379E-001,
8.624816874274274E+008,1.569484136445918E-001,
8.674665526726726E+008,1.508984745394312E-001,
8.724514179179180E+008,1.458309766090474E-001,
8.774362831631632E+008,1.409832117761763E-001,
8.824211484084084E+008,1.341347472048948E-001,
8.874060136536536E+008,1.275227858853788E-001,
8.923908788988990E+008,1.226959682012221E-001,
8.973757441441442E+008,1.210072922457794E-001,
9.023606093893894E+008,1.224665404973454E-001,
9.073454746346346E+008,1.234751015943581E-001,
9.123303398798798E+008,1.255092677016874E-001,
9.173152051251252E+008,1.292793386011633E-001,
9.223000703703704E+008,1.325340386753705E-001,
9.272849356156156E+008,1.357604908804959E-001,
9.322698008608608E+008,1.376972550595993E-001,
9.372546661061062E+008,1.402879537264239E-001,
9.422395313513514E+008,1.419094846320258E-001,
9.472243965965966E+008,1.416983844559791E-001,
9.522092618418418E+008,1.405260307001083E-001,
9.571941270870872E+008,1.383415223955116E-001,
9.621789923323324E+008,1.364702277501889E-001,
9.671638575775776E+008,1.341008436761972E-001,
9.721487228228228E+008,1.333969088979539E-001,
9.771335880680680E+008,1.330263869845937E-001,
9.821184533133134E+008,1.303316671568255E-001,
9.871033185585586E+008,1.255451098838988E-001,
9.920881838038038E+008,1.220926728874186E-001,
9.970730490490490E+008,1.197670662055363E-001,
1.002057914294294E+009,1.189825056602464E-001,
1.007042779539540E+009,1.179899714045410E-001,
1.012027644784785E+009,1.182008382943602E-001,
1.017012510030030E+009,1.172250486116069E-001,
1.021997375275275E+009,1.164310290172395E-001,
1.026982240520521E+009,1.149579238311117E-001,
1.031967105765766E+009,1.115299155134253E-001,
1.036951971011011E+009,1.072465043097143E-001,
1.041936836256256E+009,1.039421345692669E-001,
1.046921701501502E+009,1.010646659287935E-001,
1.051906566746747E+009,1.000028467854976E-001,
1.056891431991992E+009,9.958899574722281E-002,
1.061876297237237E+009,9.835328851055177E-002,
1.066861162482482E+009,9.816845905056448E-002,
1.071846027727728E+009,9.782242268010094E-002,
1.076830892972973E+009,9.842309661805612E-002,
1.081815758218218E+009,9.940162480560646E-002,
1.086800623463464E+009,1.009637605208234E-001,
1.091785488708709E+009,1.046513638274051E-001,
1.096770353953954E+009,1.085328080191407E-001,
1.101755219199199E+009,1.134760575942026E-001,
1.106740084444444E+009,1.177084272662378E-001,
1.111724949689690E+009,1.203905223586738E-001,
1.116709814934935E+009,1.222116199009668E-001,
1.121694680180180E+009,1.231467030003457E-001,
1.126679545425426E+009,1.228087037072839E-001,
1.131664410670671E+009,1.204738515005683E-001,
1.136649275915916E+009,1.176039768606536E-001,
1.141634141161161E+009,1.132059233714047E-001,
1.146619006406406E+009,1.078717896797009E-001,
1.151603871651652E+009,1.036992113128131E-001,
1.156588736896897E+009,1.005268115704911E-001,
1.161573602142142E+009,9.832344524338048E-002,
1.166558467387388E+009,9.747536815697076E-002,
1.171543332632633E+009,9.643256193887029E-002,
1.176528197877878E+009,9.580658978457038E-002,
1.181513063123123E+009,9.529860378645080E-002,
1.186497928368368E+009,9.575008881102351E-002,
1.191482793613614E+009,9.616637615588017E-002,
1.196467658858859E+009,9.682005678313357E-002,
1.201452524104104E+009,9.782531290290306E-002,
1.206437389349349E+009,1.001033770721429E-001,
1.211422254594595E+009,1.020125593584995E-001,
1.216407119839840E+009,1.027895513586110E-001,
1.221391985085085E+009,1.022844233654363E-001,
1.226376850330330E+009,1.007097662541258E-001,
1.231361715575576E+009,9.913890156206304E-002,
1.236346580820821E+009,9.682903654104924E-002,
1.241331446066066E+009,9.432493061870387E-002,
1.246316311311311E+009,9.234362429344790E-002,
1.251301176556557E+009,9.121855227323443E-002,
1.256286041801802E+009,9.031789802864662E-002,
1.261270907047047E+009,8.959126039035292E-002,
1.266255772292292E+009,8.945024412255574E-002,
1.271240637537538E+009,9.028644710231588E-002,
1.276225502782783E+009,9.044228855262963E-002,
1.281210368028028E+009,9.095607269107409E-002,
1.286195233273273E+009,9.121944293161212E-002,
1.291180098518518E+009,9.167396961748582E-002,
1.296164963763764E+009,9.236449356674663E-002,
1.301149829009009E+009,9.258176904710297E-002,
1.306134694254254E+009,9.186203660244229E-002,
1.311119559499500E+009,9.047841021971581E-002,
1.316104424744745E+009,8.717893138120521E-002,
1.321089289989990E+009,8.329145466894672E-002,
1.326074155235235E+009,7.933972824311186E-002,
1.331059020480480E+009,7.532077723991733E-002,
1.336043885725726E+009,7.111803472099613E-002,
1.341028750970971E+009,6.752125980260079E-002,
1.346013616216216E+009,6.397944110441789E-002,
1.350998481461462E+009,6.063396549566905E-002,
1.355983346706707E+009,5.888829474116863E-002,
1.360968211951952E+009,5.773571612945370E-002,
1.365953077197197E+009,5.751505983522578E-002,
1.370937942442442E+009,5.768463163864172E-002,
1.375922807687688E+009,5.831190965336040E-002,
1.380907672932933E+009,5.887393585835780E-002,
1.385892538178178E+009,5.914265854314073E-002,
1.390877403423424E+009,5.867453763846379E-002,
1.395862268668669E+009,5.815101746130953E-002,
1.400847133913914E+009,5.725600340829634E-002,
1.405831999159159E+009,5.510272031970751E-002,
1.410816864404404E+009,5.383059053226106E-002,
1.415801729649650E+009,5.271766081050106E-002,
1.420786594894895E+009,5.228689849966701E-002,
1.425771460140140E+009,5.262717537632008E-002,
1.430756325385386E+009,5.238270540612167E-002,
1.435741190630631E+009,5.330952292658801E-002,
1.440726055875876E+009,5.324822562338589E-002,
1.445710921121121E+009,5.330908940416690E-002,
1.450695786366366E+009,5.353760345353936E-002,
1.455680651611612E+009,5.404174162713660E-002,
1.460665516856857E+009,5.470548948231924E-002,
1.465650382102102E+009,5.498200444761889E-002,
1.470635247347347E+009,5.519109618736069E-002,
1.475620112592593E+009,5.515302185748518E-002,
1.480604977837838E+009,5.469014527129171E-002,
1.485589843083083E+009,5.427253701004615E-002,
1.490574708328328E+009,5.280244277466976E-002,
1.495559573573574E+009,5.178324465674113E-002,
1.500544438818819E+009,5.091329720253986E-002,
1.505529304064064E+009,4.988589717564707E-002,
1.510514169309309E+009,4.949248494403609E-002,
1.515499034554555E+009,4.765496465814061E-002,
1.520483899799800E+009,4.673657380984429E-002,
1.525468765045045E+009,4.596491500498168E-002,
1.530453630290290E+009,4.541036900844372E-002,
1.535438495535536E+009,4.502313692287963E-002,
1.540423360780781E+009,4.563481751198160E-002,
1.545408226026026E+009,4.626586547204960E-002,
1.550393091271271E+009,4.724163363504157E-002,
1.555377956516516E+009,4.838705691185187E-002,
1.560362821761762E+009,5.081350375550971E-002,
1.565347687007007E+009,5.166377150347829E-002,
1.570332552252252E+009,5.226378996062358E-002,
1.575317417497498E+009,5.287587443356299E-002,
1.580302282742743E+009,5.310560868680384E-002,
1.585287147987988E+009,5.325969255256173E-002,
1.590272013233233E+009,5.319951975766961E-002,
1.595256878478478E+009,5.282251811585262E-002,
1.600241743723724E+009,5.268397734355188E-002,
1.605226608968969E+009,5.261767251158321E-002,
1.610211474214214E+009,5.306985261342203E-002,
1.615196339459460E+009,5.317103616267915E-002,
1.620181204704705E+009,5.323666361300795E-002,
1.625166069949950E+009,5.369432539528273E-002,
1.630150935195195E+009,5.387005795878379E-002,
1.635135800440440E+009,5.374908978783213E-002,
1.640120665685686E+009,5.384479293011398E-002,
1.645105530930931E+009,5.400233596344423E-002,
1.650090396176176E+009,5.356243461451918E-002,
1.655075261421422E+009,5.286387276509574E-002,
1.660060126666667E+009,5.227277806899880E-002,
1.665044991911912E+009,5.216797924520042E-002,
1.670029857157157E+009,5.185032261103154E-002,
1.675014722402402E+009,5.120684498629060E-002,
1.679999587647648E+009,5.058297102027208E-002,
1.684984452892893E+009,5.000189504078427E-002,
1.689969318138138E+009,4.962894340163052E-002,
1.694954183383384E+009,4.856840401647987E-002,
1.699939048628629E+009,4.739452094777596E-002,
1.704923913873874E+009,4.576674702594635E-002,
1.709908779119119E+009,4.400997196501452E-002,
1.714893644364364E+009,4.237799187828227E-002,
1.719878509609610E+009,4.051636372244181E-002,
1.724863374854855E+009,3.849375045398050E-002,
1.729848240100100E+009,3.665141761219446E-002,
1.734833105345345E+009,3.526783951168522E-002,
1.739817970590591E+009,3.330046409714984E-002,
1.744802835835836E+009,3.147557504265777E-002,
1.749787701081081E+009,2.911874357071147E-002,
1.754772566326326E+009,2.712531125526313E-002,
1.759757431571572E+009,2.533735008493964E-002,
1.764742296816817E+009,2.386910614939608E-002,
1.769727162062062E+009,2.257392538383133E-002,
1.774712027307307E+009,2.099278174055064E-002,
1.779696892552553E+009,1.956672761227166E-002,
1.784681757797798E+009,1.840286748800383E-002,
1.789666623043043E+009,1.640844498163717E-002,
1.794651488288288E+009,1.444864530712359E-002,
1.799636353533534E+009,1.314244661230119E-002,
1.804621218778779E+009,1.306422305952562E-002,
1.809606084024024E+009,1.297689630858642E-002,
1.814590949269269E+009,1.334197732583253E-002,
1.819575814514514E+009,1.309074300918801E-002,
1.824560679759760E+009,1.245909616002314E-002,
1.829545545005005E+009,1.217196568007800E-002,
1.834530410250250E+009,1.210419709937610E-002,
1.839515275495496E+009,1.160921942840170E-002,
1.844500140740741E+009,1.125069439827907E-002,
1.849485005985986E+009,1.055812769666525E-002,
1.854469871231231E+009,9.753304104819244E-003,
1.859454736476476E+009,8.754856265440765E-003,
1.864439601721722E+009,7.622064926592178E-003,
1.869424466966967E+009,6.723197725379121E-003,
1.874409332212212E+009,5.678098412430552E-003,
1.879394197457458E+009,4.660787974706037E-003,
1.884379062702703E+009,2.997280545085190E-003,
1.889363927947948E+009,1.071056991592087E-003,
1.894348793193193E+009,2.007071439567946E-003,
1.899333658438438E+009,4.146695501967848E-003,
1.904318523683684E+009,6.180328591115626E-003,
1.909303388928929E+009,7.609363923750683E-003,
1.914288254174174E+009,8.708174130021945E-003,
1.919273119419420E+009,9.682154464748127E-003,
1.924257984664665E+009,1.095816478229173E-002,
1.929242849909910E+009,1.219063243353141E-002,
1.934227715155155E+009,1.296195792977018E-002,
1.939212580400400E+009,1.484250587556871E-002,
1.944197445645646E+009,1.630304631378125E-002,
1.949182310890891E+009,1.807295588196054E-002,
1.954167176136136E+009,1.947995115211090E-002,
1.959152041381382E+009,2.118072457025165E-002,
1.964136906626627E+009,2.309301750115014E-002,
1.969121771871872E+009,2.434516867278486E-002,
1.974106637117117E+009,2.591368186106645E-002,
1.979091502362362E+009,2.727072757242579E-002,
1.984076367607608E+009,2.819778643671810E-002,
1.989061232852853E+009,2.930677374651648E-002,
1.994046098098098E+009,2.969761743441109E-002,
1.999030963343343E+009,3.072933562252259E-002,
2.004015828588589E+009,3.132163549079187E-002,
2.009000693833834E+009,3.210940376740032E-002,
2.013985559079079E+009,3.217730829393669E-002,
2.018970424324324E+009,3.281271411588518E-002,
2.023955289569570E+009,3.361639953761177E-002,
2.028940154814815E+009,3.465506795651340E-002,
2.033925020060060E+009,3.575175659035354E-002,
2.038909885305305E+009,3.551515411555968E-002,
2.043894750550551E+009,3.509764662838689E-002,
2.048879615795796E+009,3.422229824531462E-002,
2.053864481041041E+009,3.360424510502441E-002,
2.058849346286286E+009,3.262111610237584E-002,
2.063834211531532E+009,3.165193881588611E-002,
2.068819076776777E+009,3.099368088532733E-002,
2.073803942022022E+009,3.030287189096845E-002,
2.078788807267267E+009,2.998956225740175E-002,
2.083773672512512E+009,2.965913448611585E-002,
2.088758537757758E+009,2.972020205831387E-002,
2.093743403003003E+009,2.991037937024633E-002,
2.098728268248248E+009,2.996113534631999E-002,
2.103713133493494E+009,3.046771339116215E-002,
2.108697998738739E+009,3.048929422219610E-002,
2.113682863983984E+009,3.097246806717762E-002,
2.118667729229229E+009,3.102675610703796E-002,
2.123652594474474E+009,3.072810513118109E-002,
2.128637459719720E+009,3.074191750631545E-002,
2.133622324964965E+009,3.029492575102930E-002,
2.138607190210210E+009,2.980051697314705E-002,
2.143592055455456E+009,2.964786773733302E-002,
2.148576920700701E+009,2.930131536462908E-002,
2.153561785945946E+009,2.965447555836110E-002,
2.158546651191191E+009,2.963265587968839E-002,
2.163531516436437E+009,3.024742762335725E-002,
2.168516381681682E+009,3.036585558125701E-002,
2.173501246926927E+009,3.055929400169518E-002,
2.178486112172172E+009,3.092525880483816E-002,
2.183470977417418E+009,3.149716176663511E-002,
2.188455842662663E+009,3.136639447859948E-002,
2.193440707907908E+009,3.180932056838208E-002,
2.198425573153153E+009,3.278821857747247E-002,
2.203410438398398E+009,3.309187492145235E-002,
2.208395303643644E+009,3.376591494769920E-002,
2.213380168888889E+009,3.380444738333906E-002,
2.218365034134134E+009,3.348540635334973E-002,
2.223349899379379E+009,3.349138306116133E-002,
2.228334764624625E+009,3.272325212158404E-002,
2.233319629869870E+009,3.191862894317077E-002,
2.238304495115115E+009,3.037302109658237E-002,
2.243289360360360E+009,2.923677928059648E-002,
2.248274225605606E+009,2.781263666381811E-002,
2.253259090850851E+009,2.721168017589359E-002,
2.258243956096096E+009,2.589405021926564E-002,
2.263228821341342E+009,2.519495261538290E-002,
2.268213686586587E+009,2.498247404708236E-002,
2.273198551831832E+009,2.553816417330920E-002,
2.278183417077077E+009,2.569442175610426E-002,
2.283168282322322E+009,2.673519204293400E-002,
2.288153147567567E+009,2.761665312808565E-002,
2.293138012812813E+009,2.831316998323200E-002,
2.298122878058058E+009,2.920667295357314E-002,
2.303107743303303E+009,2.946495333745085E-002,
2.308092608548549E+009,3.054385856217149E-002,
2.313077473793794E+009,3.046537372316814E-002,
2.318062339039039E+009,3.034524146590724E-002,
2.323047204284284E+009,2.917044779041424E-002,
2.328032069529530E+009,2.765624163774897E-002,
2.333016934774775E+009,2.645212725823503E-002,
2.338001800020020E+009,2.478971468171020E-002,
2.342986665265266E+009,2.316658879138082E-002,
2.347971530510510E+009,2.105953816936821E-002,
2.352956395755756E+009,2.007322979574185E-002,
2.357941261001001E+009,1.866185416142967E-002,
2.362926126246246E+009,1.708197976175397E-002,
2.367910991491491E+009,1.627137964437531E-002,
2.372895856736737E+009,1.552003277059354E-002,
2.377880721981982E+009,1.475249869920285E-002,
2.382865587227227E+009,1.450906664961366E-002,
2.387850452472473E+009,1.372017926962443E-002,
2.392835317717718E+009,1.382117536531692E-002,
2.397820182962963E+009,1.355038558496586E-002,
2.402805048208208E+009,1.336839951203721E-002,
2.407789913453454E+009,1.356753084438845E-002,
2.412774778698699E+009,1.356249658738389E-002,
2.417759643943944E+009,1.343560905322149E-002,
2.422744509189189E+009,1.396622780370378E-002,
2.427729374434434E+009,1.472720844598804E-002,
2.432714239679680E+009,1.516126612174961E-002,
2.437699104924925E+009,1.531595302557816E-002,
2.442683970170170E+009,1.548861832223950E-002,
2.447668835415415E+009,1.490409228196978E-002,
2.452653700660661E+009,1.516118693270786E-002,
2.457638565905906E+009,1.499726102800883E-002,
2.462623431151151E+009,1.469019282273511E-002,
2.467608296396397E+009,1.493497411897206E-002,
2.472593161641642E+009,1.451074002227390E-002,
2.477578026886887E+009,1.409817631482641E-002,
2.482562892132132E+009,1.441271592359339E-002,
2.487547757377378E+009,1.377376799561570E-002,
2.492532622622623E+009,1.362896967379999E-002,
2.497517487867868E+009,1.364738724173724E-002,
2.502502353113113E+009,1.365968440440345E-002,
2.507487218358358E+009,1.285279180048251E-002,
2.512472083603604E+009,1.242808443217050E-002,
2.517456948848849E+009,1.239320781287319E-002,
2.522441814094094E+009,1.310262823940682E-002,
2.527426679339339E+009,1.240550859148861E-002,
2.532411544584585E+009,1.192586331562039E-002,
2.537396409829830E+009,1.212057207565907E-002,
2.542381275075075E+009,1.242519269879192E-002,
2.547366140320320E+009,1.187119909214236E-002,
2.552351005565566E+009,1.152606494806362E-002,
2.557335870810811E+009,1.195780459796583E-002,
2.562320736056056E+009,1.170784468218586E-002,
2.567305601301302E+009,1.099283946535047E-002,
2.572290466546547E+009,9.836424937949723E-003,
2.577275331791792E+009,8.177857042978959E-003,
2.582260197037037E+009,7.891405698469738E-003,
2.587245062282282E+009,7.037975759814020E-003,
2.592229927527527E+009,6.687478419695917E-003,
2.597214792772773E+009,6.690511890415701E-003,
2.602199658018018E+009,6.732598951762906E-003,
2.607184523263263E+009,6.442890508260594E-003,
2.612169388508509E+009,5.728418671851518E-003,
2.617154253753754E+009,4.801567331510353E-003,
2.622139118998999E+009,3.812807095188701E-003,
2.627123984244244E+009,3.767487271622138E-003,
2.632108849489490E+009,4.580780255444701E-003,
2.637093714734735E+009,5.679346990803050E-003,
2.642078579979980E+009,7.003611624296701E-003,
2.647063445225225E+009,8.210970092536461E-003,
2.652048310470470E+009,9.184111263812481E-003,
2.657033175715716E+009,1.036477424541799E-002,
2.662018040960961E+009,1.141900512699243E-002,
2.667002906206206E+009,1.246487664728014E-002,
2.671987771451451E+009,1.281358216665026E-002,
2.676972636696697E+009,1.371671486231876E-002,
2.681957501941942E+009,1.476695639315041E-002,
2.686942367187187E+009,1.517066427177540E-002,
2.691927232432433E+009,1.617136627755803E-002,
2.696912097677678E+009,1.642890429712019E-002,
2.701896962922923E+009,1.762142027265740E-002,
2.706881828168168E+009,1.845519219505846E-002,
2.711866693413414E+009,1.909819752434038E-002,
2.716851558658659E+009,1.952177326975141E-002,
2.721836423903904E+009,1.973462070383106E-002,
2.726821289149149E+009,1.986805641475637E-002,
2.731806154394394E+009,2.020451779100302E-002,
2.736791019639640E+009,2.043212353589220E-002,
2.741775884884885E+009,2.081173290008276E-002,
2.746760750130130E+009,2.146852666762223E-002,
2.751745615375375E+009,2.279630376384291E-002,
2.756730480620621E+009,2.382263915433883E-002,
2.761715345865866E+009,2.473185749174393E-002,
2.766700211111111E+009,2.529863094130550E-002,
2.771685076356356E+009,2.563787949409680E-002,
2.776669941601602E+009,2.631654744512563E-002,
2.781654806846847E+009,2.675578353664950E-002,
2.786639672092092E+009,2.697744998138713E-002,
2.791624537337338E+009,2.742943214642295E-002,
2.796609402582583E+009,2.819618341898814E-002,
2.801594267827828E+009,2.833036465350817E-002,
2.806579133073073E+009,2.932120957273810E-002,
2.811563998318318E+009,2.976343217705072E-002,
2.816548863563564E+009,2.971185749873271E-002,
2.821533728808809E+009,3.038273026667555E-002,
2.826518594054054E+009,3.075388372008217E-002,
2.831503459299299E+009,3.111188753567860E-002,
2.836488324544545E+009,3.268580438223723E-002,
2.841473189789790E+009,3.297141251184162E-002,
2.846458055035035E+009,3.330126215850594E-002,
2.851442920280280E+009,3.433537320963786E-002,
2.856427785525526E+009,3.526144470861815E-002,
2.861412650770771E+009,3.615484549682990E-002,
2.866397516016016E+009,3.677325335856194E-002,
2.871382381261262E+009,3.789960971856605E-002,
2.876367246506506E+009,3.839514901401103E-002,
2.881352111751752E+009,3.840560114938356E-002,
2.886336976996997E+009,3.804099235415261E-002,
2.891321842242242E+009,3.788462444949943E-002,
2.896306707487487E+009,3.673729345791513E-002,
2.901291572732733E+009,3.552227179035464E-002,
2.906276437977978E+009,3.444738508524297E-002,
2.911261303223223E+009,3.416730913956281E-002,
2.916246168468469E+009,3.360343124845854E-002,
2.921231033713714E+009,3.332877194336945E-002,
2.926215898958959E+009,3.317974365351638E-002,
2.931200764204204E+009,3.319116576499142E-002,
2.936185629449450E+009,3.337942277602519E-002,
2.941170494694695E+009,3.376350844396560E-002,
2.946155359939940E+009,3.402237684487423E-002,
2.951140225185185E+009,3.451554548746933E-002,
2.956125090430430E+009,3.492125854498703E-002,
2.961109955675676E+009,3.513456423932934E-002,
2.966094820920921E+009,3.539681719594413E-002,
2.971079686166166E+009,3.532523290486199E-002,
2.976064551411411E+009,3.532464792700174E-002,
2.981049416656657E+009,3.461369899134732E-002,
2.986034281901902E+009,3.430215685845795E-002,
2.991019147147147E+009,3.360762688203944E-002,
2.996004012392393E+009,3.255414722439483E-002,
3.000988877637638E+009,3.077317130150616E-002,
3.005973742882883E+009,3.028478565480309E-002,
3.010958608128128E+009,2.876630678037291E-002,
3.015943473373374E+009,2.787589757958725E-002,
3.020928338618619E+009,2.758890890581556E-002,
3.025913203863864E+009,2.675302001065653E-002,
3.030898069109109E+009,2.681991584770085E-002,
3.035882934354354E+009,2.733387089383979E-002,
3.040867799599600E+009,2.752042662618006E-002,
3.045852664844845E+009,2.754016383509689E-002,
3.050837530090090E+009,2.796190722738228E-002,
3.055822395335335E+009,2.816739793262378E-002,
3.060807260580581E+009,2.898016793669582E-002,
3.065792125825826E+009,2.890945403391204E-002,
3.070776991071071E+009,2.898096425811013E-002,
3.075761856316316E+009,2.870110451492067E-002,
3.080746721561562E+009,2.785862104552896E-002,
3.085731586806807E+009,2.645299182161734E-002,
3.090716452052052E+009,2.608705555537811E-002,
3.095701317297298E+009,2.419522605285326E-002,
3.100686182542543E+009,2.241902024534264E-002,
3.105671047787788E+009,2.162749143446928E-002,
3.110655913033033E+009,2.033572033557730E-002,
3.115640778278278E+009,2.046131668527807E-002,
3.120625643523523E+009,1.995695087471439E-002,
3.125610508768769E+009,1.946237975451932E-002,
3.130595374014014E+009,1.856818156210231E-002,
3.135580239259259E+009,1.854701299972001E-002,
3.140565104504505E+009,1.843315235268522E-002,
3.145549969749750E+009,1.915151297977469E-002,
3.150534834994995E+009,1.901150091127113E-002,
3.155519700240240E+009,1.898267753479119E-002,
3.160504565485486E+009,1.851366114145051E-002,
3.165489430730731E+009,1.826079862049046E-002,
3.170474295975976E+009,1.781303769771660E-002,
3.175459161221221E+009,1.778741895301944E-002,
3.180444026466466E+009,1.732026349071382E-002,
3.185428891711712E+009,1.713470733827434E-002,
3.190413756956957E+009,1.661602665194886E-002,
3.195398622202202E+009,1.636508038594013E-002,
3.200383487447447E+009,1.512298627606186E-002,
3.205368352692693E+009,1.480142585252591E-002,
3.210353217937938E+009,1.421636606789991E-002,
3.215338083183183E+009,1.359555206274576E-002,
3.220322948428429E+009,1.290461391921792E-002,
3.225307813673674E+009,1.241458521435963E-002,
3.230292678918919E+009,1.181987085456240E-002,
3.235277544164164E+009,1.114844126234266E-002,
3.240262409409410E+009,1.045110719441764E-002,
3.245247274654655E+009,1.012095888652875E-002,
3.250232139899900E+009,9.774538494564070E-003,
3.255217005145145E+009,9.477693301135461E-003,
3.260201870390390E+009,8.914697636091144E-003,
3.265186735635636E+009,8.236377070944387E-003,
3.270171600880881E+009,7.517373586719777E-003,
3.275156466126126E+009,6.775689691667929E-003,
3.280141331371371E+009,5.996661604346203E-003,
3.285126196616617E+009,5.465621330521966E-003,
3.290111061861862E+009,4.907832885275744E-003,
3.295095927107107E+009,4.444615430237661E-003,
3.300080792352352E+009,4.194058335131796E-003,
3.305065657597598E+009,4.182482596142014E-003,
3.310050522842843E+009,4.354072256650493E-003,
3.315035388088088E+009,4.432774196002996E-003,
3.320020253333334E+009,4.612119359668908E-003,
3.325005118578579E+009,4.925720742985385E-003,
3.329989983823824E+009,5.295913366804998E-003,
3.334974849069069E+009,5.638639142569245E-003,
3.339959714314314E+009,5.955128492377801E-003,
3.344944579559560E+009,6.349635887894633E-003,
3.349929444804805E+009,6.655580036365214E-003,
3.354914310050050E+009,7.026394887200287E-003,
3.359899175295295E+009,7.327390071059975E-003,
3.364884040540541E+009,7.813597239955126E-003,
3.369868905785786E+009,8.161069849238228E-003,
3.374853771031031E+009,8.433840212080376E-003,
3.379838636276276E+009,8.619235566058406E-003,
3.384823501521522E+009,8.786613332075477E-003,
3.389808366766767E+009,8.922992139759159E-003,
3.394793232012012E+009,8.831093294715363E-003,
3.399778097257258E+009,8.763078500771071E-003,
3.404762962502502E+009,8.649059658288275E-003,
3.409747827747748E+009,8.580777140636240E-003,
3.414732692992993E+009,8.479154939539133E-003,
3.419717558238238E+009,8.242229584925447E-003,
3.424702423483483E+009,7.996669649013546E-003,
3.429687288728729E+009,7.656484093962288E-003,
3.434672153973974E+009,7.494183344668877E-003,
3.439657019219219E+009,7.090481158577713E-003,
3.444641884464465E+009,6.785970524233973E-003,
3.449626749709710E+009,6.562556085816530E-003,
3.454611614954955E+009,6.434510817889671E-003,
3.459596480200200E+009,6.452529366577195E-003,
3.464581345445446E+009,6.642036369430625E-003,
3.469566210690691E+009,6.946067058876752E-003,
3.474551075935936E+009,7.212545666119403E-003,
3.479535941181181E+009,7.379015168775022E-003,
3.484520806426426E+009,7.553192636915481E-003,
3.489505671671672E+009,7.585381153665469E-003,
3.494490536916917E+009,7.862087445705761E-003,
3.499475402162162E+009,8.116723876626694E-003,
3.504460267407407E+009,8.207833354828048E-003,
3.509445132652653E+009,8.418460983384181E-003,
3.514429997897898E+009,8.462043856951984E-003,
3.519414863143143E+009,8.570751638780015E-003,
3.524399728388389E+009,8.703771926473787E-003,
3.529384593633634E+009,8.797955598182299E-003,
3.534369458878879E+009,8.987910393608408E-003,
3.539354324124124E+009,8.985328733828157E-003,
3.544339189369370E+009,8.903393788431066E-003,
3.549324054614615E+009,8.781493688646821E-003,
3.554308919859860E+009,8.626297909465550E-003,
3.559293785105105E+009,8.621118725879401E-003,
3.564278650350350E+009,8.484435856767739E-003,
3.569263515595596E+009,8.404028860050077E-003,
3.574248380840841E+009,8.444818308009857E-003,
3.579233246086086E+009,8.490025430192436E-003,
3.584218111331331E+009,8.441626021461677E-003,
3.589202976576577E+009,8.580205133831158E-003,
3.594187841821822E+009,8.680895437196806E-003,
3.599172707067067E+009,8.670991065225793E-003,
3.604157572312312E+009,8.684344427713583E-003,
3.609142437557558E+009,8.656961404457996E-003,
3.614127302802803E+009,8.428587703496358E-003,
3.619112168048048E+009,8.404447052210206E-003,
3.624097033293294E+009,8.252213485571293E-003,
3.629081898538539E+009,8.167933148116386E-003,
3.634066763783784E+009,8.080142799291510E-003,
3.639051629029029E+009,7.980805866705734E-003,
3.644036494274274E+009,7.801448455780170E-003,
3.649021359519519E+009,7.650922231626941E-003,
3.654006224764765E+009,7.489719732662089E-003,
3.658991090010010E+009,7.535652506222759E-003,
3.663975955255255E+009,7.766778067593808E-003,
3.668960820500501E+009,7.948345458619234E-003,
3.673945685745746E+009,8.156009387709691E-003,
3.678930550990991E+009,8.336938831251780E-003,
3.683915416236236E+009,8.591894330501561E-003,
3.688900281481482E+009,8.883426614057978E-003,
3.693885146726727E+009,9.402630847544660E-003,
3.698870011971972E+009,9.949786763114501E-003,
3.703854877217217E+009,1.057280804589268E-002,
3.708839742462462E+009,1.109232116437835E-002,
3.713824607707708E+009,1.158374181600969E-002,
3.718809472952953E+009,1.197693073385100E-002,
3.723794338198198E+009,1.217770302292704E-002,
3.728779203443443E+009,1.235241979906432E-002,
3.733764068688689E+009,1.244542027402625E-002,
3.738748933933934E+009,1.263224904729944E-002,
3.743733799179179E+009,1.280482738063787E-002,
3.748718664424425E+009,1.298963342401475E-002,
3.753703529669670E+009,1.329099185422226E-002,
3.758688394914915E+009,1.378881590130471E-002,
3.763673260160160E+009,1.423648345652838E-002,
3.768658125405406E+009,1.469092492469323E-002,
3.773642990650651E+009,1.524072394906333E-002,
3.778627855895896E+009,1.566306944911372E-002,
3.783612721141141E+009,1.599032441076130E-002,
3.788597586386386E+009,1.608528436567289E-002,
3.793582451631632E+009,1.660691727285694E-002,
3.798567316876877E+009,1.624133775389360E-002,
3.803552182122122E+009,1.624784934305296E-002,
3.808537047367367E+009,1.623441873483828E-002,
3.813521912612613E+009,1.673659934115642E-002,
3.818506777857858E+009,1.653783503891644E-002,
3.823491643103103E+009,1.656845447652446E-002,
3.828476508348349E+009,1.640346865856326E-002,
3.833461373593594E+009,1.677467897566292E-002,
3.838446238838839E+009,1.664531448954565E-002,
3.843431104084084E+009,1.658996955668925E-002,
3.848415969329330E+009,1.649582182308318E-002,
3.853400834574575E+009,1.698750863325191E-002,
3.858385699819820E+009,1.714982672289275E-002,
3.863370565065065E+009,1.801228709870466E-002,
3.868355430310310E+009,1.813059489671321E-002,
3.873340295555556E+009,1.899042609385805E-002,
3.878325160800801E+009,1.858529491545886E-002,
3.883310026046046E+009,1.967307347182895E-002,
3.888294891291291E+009,2.013118764826095E-002,
3.893279756536537E+009,2.105916981749445E-002,
3.898264621781782E+009,2.128901923777381E-002,
3.903249487027027E+009,2.116311450869909E-002,
3.908234352272272E+009,2.041792993161112E-002,
3.913219217517518E+009,2.101614506824037E-002,
3.918204082762763E+009,2.066759789710064E-002,
3.923188948008008E+009,2.050953616400918E-002,
3.928173813253254E+009,2.062771116940615E-002,
3.933158678498498E+009,2.035927753150033E-002,
3.938143543743744E+009,2.057326855599408E-002,
3.943128408988989E+009,2.053263063552698E-002,
3.948113274234234E+009,2.150811944307978E-002,
3.953098139479479E+009,2.097528252266340E-002,
3.958083004724725E+009,2.148582574503480E-002,
3.963067869969970E+009,2.170134307508940E-002,
3.968052735215215E+009,2.229469087924078E-002,
3.973037600460461E+009,2.220517630707213E-002,
3.978022465705706E+009,2.270498248322032E-002,
3.983007330950951E+009,2.238031900181988E-002,
3.987992196196196E+009,2.200070955842232E-002,
3.992977061441442E+009,2.128033010867949E-002,
3.997961926686687E+009,2.050184621897219E-002,
4.002946791931932E+009,2.058605737881268E-002,
4.007931657177177E+009,1.924601225472529E-002,
4.012916522422422E+009,1.867627023429148E-002,
4.017901387667668E+009,1.825925350776954E-002,
4.022886252912913E+009,1.831446163290951E-002,
4.027871118158158E+009,1.720228976471835E-002,
4.032855983403403E+009,1.706829801831298E-002,
4.037840848648649E+009,1.675237682924636E-002,
4.042825713893894E+009,1.719780132947226E-002,
4.047810579139139E+009,1.707087709332544E-002,
4.052795444384385E+009,1.690260728752059E-002,
4.057780309629630E+009,1.705768338639318E-002,
4.062765174874875E+009,1.753596248936558E-002,
4.067750040120120E+009,1.754515932914452E-002,
4.072734905365366E+009,1.776750337080085E-002,
4.077719770610611E+009,1.748719961315718E-002,
4.082704635855856E+009,1.634215689766624E-002,
4.087689501101101E+009,1.690430938285924E-002,
4.092674366346346E+009,1.642004770066698E-002,
4.097659231591592E+009,1.613289638582213E-002,
4.102644096836837E+009,1.515221944648897E-002,
4.107628962082082E+009,1.529868009409264E-002,
4.112613827327327E+009,1.383195249588477E-002,
4.117598692572573E+009,1.375307224262657E-002,
4.122583557817818E+009,1.355223666009877E-002,
4.127568423063063E+009,1.307846969837201E-002,
4.132553288308308E+009,1.285815784331488E-002,
4.137538153553554E+009,1.273494756351161E-002,
4.142523018798799E+009,1.267733416142637E-002,
4.147507884044044E+009,1.260972415094189E-002,
4.152492749289290E+009,1.262995287178443E-002,
4.157477614534535E+009,1.277833175396466E-002,
4.162462479779780E+009,1.285313684476652E-002,
4.167447345025025E+009,1.300724403316088E-002,
4.172432210270270E+009,1.304518381994690E-002,
4.177417075515515E+009,1.303962709641293E-002,
4.182401940760761E+009,1.294398242696647E-002,
4.187386806006006E+009,1.277043565345613E-002,
4.192371671251251E+009,1.263947470942849E-002,
4.197356536496497E+009,1.244383362250347E-002,
4.202341401741742E+009,1.222201883089870E-002,
4.207326266986987E+009,1.187481580599146E-002,
4.212311132232232E+009,1.149383734557972E-002,
4.217295997477478E+009,1.111206434565750E-002,
4.222280862722723E+009,1.085427064067650E-002,
4.227265727967968E+009,1.072653410324108E-002,
4.232250593213213E+009,1.054581267254317E-002,
4.237235458458458E+009,1.036748384696365E-002,
4.242220323703704E+009,1.034987667610175E-002,
4.247205188948949E+009,1.041914787230071E-002,
4.252190054194194E+009,1.055886158101570E-002,
4.257174919439439E+009,1.069374144226519E-002,
4.262159784684685E+009,1.083597793961064E-002,
4.267144649929930E+009,1.093317571728930E-002,
4.272129515175175E+009,1.109223677391357E-002,
4.277114380420421E+009,1.119403435698830E-002,
4.282099245665666E+009,1.126948332588674E-002,
4.287084110910911E+009,1.131104921439852E-002,
4.292068976156156E+009,1.119466058954382E-002,
4.297053841401402E+009,1.106618120784758E-002,
4.302038706646647E+009,1.084701950780047E-002,
4.307023571891892E+009,1.053079908129151E-002,
4.312008437137137E+009,1.030299566038460E-002,
4.316993302382382E+009,1.004558651092061E-002,
4.321978167627627E+009,9.925703991189611E-003,
4.326963032872873E+009,9.703568578486692E-003,
4.331947898118118E+009,9.457737927397887E-003,
4.336932763363363E+009,9.379989096210611E-003,
4.341917628608608E+009,9.432062132106164E-003,
4.346902493853854E+009,9.418037819834888E-003,
4.351887359099099E+009,9.260241111904518E-003,
4.356872224344344E+009,9.225444885850823E-003,
4.361857089589590E+009,9.123931034524049E-003,
4.366841954834835E+009,9.140530662303888E-003,
4.371826820080080E+009,9.206333585308072E-003,
4.376811685325325E+009,9.356489368509392E-003,
4.381796550570571E+009,9.526464446173598E-003,
4.386781415815816E+009,9.634404446405899E-003,
4.391766281061061E+009,9.726518739137187E-003,
4.396751146306306E+009,9.586645186256106E-003,
4.401736011551552E+009,9.537476804995795E-003,
4.406720876796797E+009,9.346150290898962E-003,
4.411705742042042E+009,9.235227334076269E-003,
4.416690607287288E+009,8.840497090433531E-003,
4.421675472532533E+009,8.481332250431786E-003,
4.426660337777778E+009,8.120015205028384E-003,
4.431645203023023E+009,7.906061357471142E-003,
4.436630068268269E+009,7.789020240159567E-003,
4.441614933513514E+009,7.707254521875227E-003,
4.446599798758759E+009,7.763367458366518E-003,
4.451584664004005E+009,7.773478766149104E-003,
4.456569529249250E+009,7.824748932351680E-003,
4.461554394494494E+009,7.899254655188516E-003,
4.466539259739739E+009,7.983014633162405E-003,
4.471524124984985E+009,8.155903419830642E-003,
4.476508990230230E+009,8.268173523053935E-003,
4.481493855475475E+009,8.347295934429981E-003,
4.486478720720720E+009,8.562496289166414E-003,
4.491463585965966E+009,8.785752049139808E-003,
4.496448451211211E+009,9.214520974286216E-003,
4.501433316456456E+009,9.710989587622433E-003,
4.506418181701702E+009,1.013782202839767E-002,
4.511403046946947E+009,1.056988116491163E-002,
4.516387912192192E+009,1.093279666440379E-002,
4.521372777437437E+009,1.105666679551887E-002,
4.526357642682683E+009,1.110845116118490E-002,
4.531342507927928E+009,1.104340011506730E-002,
4.536327373173173E+009,1.073285419229260E-002,
4.541312238418419E+009,1.054065206248391E-002,
4.546297103663664E+009,1.031866504260211E-002,
4.551281968908909E+009,9.982863313351843E-003,
4.556266834154154E+009,9.835527679306117E-003,
4.561251699399400E+009,9.850155176063108E-003,
4.566236564644645E+009,1.008401697033368E-002,
4.571221429889890E+009,1.018649918573716E-002,
4.576206295135135E+009,1.036913969133067E-002,
4.581191160380381E+009,1.074339892640312E-002,
4.586176025625626E+009,1.103792761648731E-002,
4.591160890870871E+009,1.158758578352219E-002,
4.596145756116117E+009,1.198782676762528E-002,
4.601130621361362E+009,1.250524025360479E-002,
4.606115486606607E+009,1.287899191957911E-002,
4.611100351851852E+009,1.311833976099943E-002,
4.616085217097097E+009,1.336858519661949E-002,
4.621070082342342E+009,1.324278905582163E-002,
4.626054947587587E+009,1.307219915243119E-002,
4.631039812832833E+009,1.272639706654543E-002,
4.636024678078078E+009,1.227764955752974E-002,
4.641009543323323E+009,1.193938374393492E-002,
4.645994408568568E+009,1.157378293665476E-002,
4.650979273813814E+009,1.125217362970638E-002,
4.655964139059059E+009,1.094594788608809E-002,
4.660949004304304E+009,1.080867190603238E-002,
4.665933869549550E+009,1.079577145448199E-002,
4.670918734794795E+009,1.073815188442546E-002,
4.675903600040040E+009,1.081238960396308E-002,
4.680888465285285E+009,1.092707101925135E-002,
4.685873330530531E+009,1.125294860473404E-002,
4.690858195775776E+009,1.160511787248780E-002,
4.695843061021021E+009,1.194430390444651E-002,
4.700827926266266E+009,1.232016515742260E-002,
4.705812791511512E+009,1.271499589914540E-002,
4.710797656756757E+009,1.283662066213797E-002,
4.715782522002002E+009,1.281394925171342E-002,
4.720767387247248E+009,1.258923849070408E-002,
4.725752252492493E+009,1.235156381020192E-002,
4.730737117737738E+009,1.178233731627198E-002,
4.735721982982983E+009,1.132077252547257E-002,
4.740706848228229E+009,1.077275170011807E-002,
4.745691713473474E+009,1.016877686089305E-002,
4.750676578718719E+009,9.755847095591769E-003,
4.755661443963965E+009,9.391956214820967E-003,
4.760646309209209E+009,9.226851787376866E-003,
4.765631174454454E+009,8.959060896613351E-003,
4.770616039699699E+009,8.856950069339649E-003,
4.775600904944945E+009,8.854326049678058E-003,
4.780585770190190E+009,8.923504892953828E-003,
4.785570635435435E+009,9.070066796411353E-003,
4.790555500680680E+009,9.399637963734133E-003,
4.795540365925926E+009,9.615010526450715E-003,
4.800525231171171E+009,9.977717822443550E-003,
4.805510096416416E+009,1.023970930342036E-002,
4.810494961661662E+009,1.056825106904367E-002,
4.815479826906907E+009,1.064225119716257E-002,
4.820464692152152E+009,1.045360813247350E-002,
4.825449557397397E+009,1.021961918955482E-002,
4.830434422642643E+009,9.846724730187422E-003,
4.835419287887888E+009,9.375122708343316E-003,
4.840404153133133E+009,8.888369536592470E-003,
4.845389018378379E+009,8.400089549256746E-003,
4.850373883623624E+009,7.993197125096012E-003,
4.855358748868869E+009,7.749493917209857E-003,
4.860343614114114E+009,7.429645929430464E-003,
4.865328479359360E+009,7.308384464589375E-003,
4.870313344604605E+009,7.153725249760892E-003,
4.875298209849850E+009,6.964706550698114E-003,
4.880283075095095E+009,7.094111752603315E-003,
4.885267940340341E+009,7.195822427501666E-003,
4.890252805585586E+009,7.263081863132968E-003,
4.895237670830831E+009,7.448015165420691E-003,
4.900222536076077E+009,7.590256699261801E-003,
4.905207401321322E+009,7.574018720881223E-003,
4.910192266566567E+009,7.506653907766625E-003,
4.915177131811811E+009,7.440069644951772E-003,
4.920161997057057E+009,7.308679912682813E-003,
4.925146862302302E+009,7.077172287843205E-003,
4.930131727547547E+009,7.120227465789115E-003,
4.935116592792793E+009,6.875136728060446E-003,
4.940101458038038E+009,6.608325987187740E-003,
4.945086323283283E+009,6.493055725259673E-003,
4.950071188528528E+009,6.344240781938843E-003,
4.955056053773774E+009,6.050029719325361E-003,
4.960040919019019E+009,5.841918319891943E-003,
4.965025784264264E+009,5.608550660670659E-003,
4.970010649509509E+009,5.575455424321960E-003,
4.974995514754755E+009,5.422134199867855E-003,
4.979980380000000E+009,5.250385736988117E-003,
