% Version 1.00
%
% Ref Impedances: Z01: 50, Z02: 50
% 
%freq[Hz];Trc1_S21[U];
1.000000000000000E+005,3.955617374669825E-005,
5.084865245245245E+006,5.991914917342711E-004,
1.006973049049049E+007,8.807521801012407E-004,
1.505459573573574E+007,1.817815284934672E-003,
2.003946098098098E+007,2.376491581104756E-003,
2.502432622622623E+007,3.366014646092650E-003,
3.000919147147147E+007,4.718448968604609E-003,
3.499405671671671E+007,8.364630438066604E-003,
3.997892196196196E+007,1.512877190945574E-002,
4.496378720720721E+007,4.267842093550500E-002,
4.994865245245245E+007,8.695324672130317E-002,
5.493351769769770E+007,3.263879546572284E-002,
5.991838294294295E+007,2.578306700446962E-002,
6.490324818818819E+007,1.746106121134362E-002,
6.988811343343343E+007,1.325292517798603E-002,
7.487297867867868E+007,1.038694820963177E-002,
7.985784392392393E+007,8.570950755704408E-003,
8.484270916916917E+007,8.428176996995478E-003,
8.982757441441442E+007,9.362396075360878E-003,
9.481243965965965E+007,9.794672735355888E-003,
9.979730490490490E+007,1.075154585501213E-002,
1.047821701501502E+008,1.236085334186199E-002,
1.097670353953954E+008,1.461295393512964E-002,
1.147519006406407E+008,1.701093709359235E-002,
1.197367658858859E+008,1.965258087883845E-002,
1.247216311311311E+008,2.416943272498952E-002,
1.297064963763764E+008,3.004171620306407E-002,
1.346913616216216E+008,3.888925898844912E-002,
1.396762268668669E+008,5.500000449692678E-002,
1.446610921121121E+008,8.635833085766430E-002,
1.496459573573574E+008,1.611174620893274E-001,
1.546308226026026E+008,2.063436344614479E-001,
1.596156878478479E+008,1.329179915616010E-001,
1.646005530930931E+008,1.005057618897132E-001,
1.695854183383384E+008,8.417049546200936E-002,
1.745702835835836E+008,6.144458620577810E-002,
1.795551488288288E+008,3.728939787743522E-002,
1.845400140740741E+008,2.391029574073260E-002,
1.895248793193193E+008,1.676345462049932E-002,
1.945097445645646E+008,1.325011256487357E-002,
1.994946098098098E+008,1.153150144177778E-002,
2.044794750550551E+008,1.015511447279927E-002,
2.094643403003003E+008,8.891811803689316E-003,
2.144492055455456E+008,7.717298796625836E-003,
2.194340707907908E+008,7.048217832112826E-003,
2.244189360360360E+008,6.691324903245207E-003,
2.294038012812813E+008,6.712025580598200E-003,
2.343886665265265E+008,7.081979951045063E-003,
2.393735317717718E+008,7.852822767515326E-003,
2.443583970170170E+008,8.954707155277741E-003,
2.493432622622623E+008,1.126495271556963E-002,
2.543281275075075E+008,1.395978209895032E-002,
2.593129927527528E+008,1.814765497930326E-002,
2.642978579979980E+008,2.405713490586001E-002,
2.692827232432432E+008,3.299810818957905E-002,
2.742675884884885E+008,4.682505355833356E-002,
2.792524537337337E+008,7.199511123661227E-002,
2.842373189789790E+008,1.264811186566593E-001,
2.892221842242242E+008,1.951389439625368E-001,
2.942070494694695E+008,1.250179098788510E-001,
2.991919147147147E+008,7.648703509672704E-002,
3.041767799599600E+008,5.361630749951863E-002,
3.091616452052052E+008,4.185842953760694E-002,
3.141465104504505E+008,3.338534101438517E-002,
3.191313756956957E+008,2.664681261672119E-002,
3.241162409409409E+008,2.189730609828225E-002,
3.291011061861862E+008,1.782479683407612E-002,
3.340859714314314E+008,1.445431702030570E-002,
3.390708366766767E+008,1.117784916862745E-002,
3.440557019219219E+008,9.126773693903538E-003,
3.490405671671672E+008,7.509109129143328E-003,
3.540254324124124E+008,6.725518737644620E-003,
3.590102976576577E+008,5.593859821110080E-003,
3.639951629029029E+008,5.259427813850246E-003,
3.689800281481482E+008,5.510067030952756E-003,
3.739648933933934E+008,6.543566554567310E-003,
3.789497586386386E+008,8.238902842445611E-003,
3.839346238838839E+008,1.037372849862397E-002,
3.889194891291291E+008,1.246074616190806E-002,
3.939043543743744E+008,1.409634757086485E-002,
3.988892196196196E+008,1.544953865204531E-002,
4.038740848648649E+008,1.650995368564825E-002,
4.088589501101101E+008,1.832393946671872E-002,
4.138438153553554E+008,1.929974158898469E-002,
4.188286806006006E+008,1.987311398107996E-002,
4.238135458458459E+008,1.947033333326122E-002,
4.287984110910911E+008,1.858543037128417E-002,
4.337832763363363E+008,1.795530001005473E-002,
4.387681415815816E+008,1.736334385020283E-002,
4.437530068268268E+008,1.730405670161033E-002,
4.487378720720721E+008,1.716287434554020E-002,
4.537227373173173E+008,1.747574970771344E-002,
4.587076025625626E+008,1.768220972176618E-002,
4.636924678078078E+008,1.831980721290249E-002,
4.686773330530531E+008,1.994297824257892E-002,
4.736621982982983E+008,2.161724758318365E-002,
4.786470635435436E+008,2.346622451708365E-002,
4.836319287887888E+008,2.504379159648561E-002,
4.886167940340340E+008,2.685324519467114E-002,
4.936016592792793E+008,2.874392345911398E-002,
4.985865245245245E+008,3.061299772532866E-002,
5.035713897697698E+008,3.192212399324261E-002,
5.085562550150150E+008,3.319398745071100E-002,
5.135411202602603E+008,3.425362282346484E-002,
5.185259855055055E+008,3.502334199545318E-002,
5.235108507507508E+008,3.561781078688263E-002,
5.284957159959960E+008,3.547242460427419E-002,
5.334805812412412E+008,3.642575383607071E-002,
5.384654464864864E+008,3.752883234701499E-002,
5.434503117317318E+008,3.927611407528556E-002,
5.484351769769770E+008,4.113255496762484E-002,
5.534200422222222E+008,4.367583617786735E-002,
5.584049074674674E+008,4.571876357058219E-002,
5.633897727127128E+008,4.842809051402718E-002,
5.683746379579580E+008,5.006954694389349E-002,
5.733595032032032E+008,5.129817533664211E-002,
5.783443684484484E+008,5.306367636907153E-002,
5.833292336936938E+008,5.367033235720539E-002,
5.883140989389390E+008,5.524640153886015E-002,
5.932989641841842E+008,5.682036550532030E-002,
5.982838294294294E+008,5.881369725841985E-002,
6.032686946746746E+008,6.116446006148360E-002,
6.082535599199200E+008,6.264757920469297E-002,
6.132384251651652E+008,6.507288289639984E-002,
6.182232904104104E+008,6.630753964359529E-002,
6.232081556556556E+008,6.757981407969393E-002,
6.281930209009010E+008,6.875424684313809E-002,
6.331778861461462E+008,7.080498170396324E-002,
6.381627513913914E+008,7.177798067886791E-002,
6.431476166366366E+008,7.209171789619337E-002,
6.481324818818818E+008,7.156301661934919E-002,
6.531173471271272E+008,7.204403408489510E-002,
6.581022123723724E+008,7.164262329050097E-002,
6.630870776176176E+008,7.329719640421269E-002,
6.680719428628628E+008,7.680559694540871E-002,
6.730568081081082E+008,8.079620701609107E-002,
6.780416733533534E+008,8.505778200361837E-002,
6.830265385985986E+008,8.869788805494322E-002,
6.880114038438438E+008,9.199599545726729E-002,
6.929962690890890E+008,9.453169627380763E-002,
6.979811343343344E+008,9.803029454594665E-002,
7.029659995795796E+008,1.003990178083094E-001,
7.079508648248248E+008,1.017117406444399E-001,
7.129357300700700E+008,1.025183957427487E-001,
7.179205953153154E+008,1.054581203003360E-001,
7.229054605605606E+008,1.084944109864088E-001,
7.278903258058058E+008,1.137562083403953E-001,
7.328751910510510E+008,1.185851929034628E-001,
7.378600562962964E+008,1.233128088650884E-001,
7.428449215415416E+008,1.296111597803365E-001,
7.478297867867868E+008,1.363061445566708E-001,
7.528146520320320E+008,1.421165670579511E-001,
7.577995172772772E+008,1.481162800218445E-001,
7.627843825225226E+008,1.568883059071583E-001,
7.677692477677678E+008,1.661801235237577E-001,
7.727541130130130E+008,1.744144068968252E-001,
7.777389782582582E+008,1.792406584568244E-001,
7.827238435035036E+008,1.787161638900735E-001,
7.877087087487488E+008,1.748366372628707E-001,
7.926935739939940E+008,1.704548702498405E-001,
7.976784392392392E+008,1.654196051971848E-001,
8.026633044844844E+008,1.617688475931909E-001,
8.076481697297298E+008,1.585150919058455E-001,
8.126330349749750E+008,1.537761460196609E-001,
8.176179002202202E+008,1.517524853687934E-001,
8.226027654654654E+008,1.528748861909294E-001,
8.275876307107108E+008,1.528205782434619E-001,
8.325724959559560E+008,1.541764520915629E-001,
8.375573612012012E+008,1.560471939082271E-001,
8.425422264464464E+008,1.572781697931159E-001,
8.475270916916918E+008,1.579377970875942E-001,
8.525119569369370E+008,1.559783614518208E-001,
8.574968221821822E+008,1.534920337406651E-001,
8.624816874274274E+008,1.484068910564635E-001,
8.674665526726726E+008,1.430940842172883E-001,
8.724514179179180E+008,1.385556445690035E-001,
8.774362831631632E+008,1.316540860896572E-001,
8.824211484084084E+008,1.243503629546847E-001,
8.874060136536536E+008,1.212173390541638E-001,
8.923908788988990E+008,1.230537297764105E-001,
8.973757441441442E+008,1.267487054364449E-001,
9.023606093893894E+008,1.291090316907186E-001,
9.073454746346346E+008,1.330050230741496E-001,
9.123303398798798E+008,1.381262785980891E-001,
9.173152051251252E+008,1.418852829275624E-001,
9.223000703703704E+008,1.447775693570501E-001,
9.272849356156156E+008,1.456065778682768E-001,
9.322698008608608E+008,1.458452384632790E-001,
9.372546661061062E+008,1.460745194735375E-001,
9.422395313513514E+008,1.460032021598293E-001,
9.472243965965966E+008,1.453567776151400E-001,
9.522092618418418E+008,1.429189889112416E-001,
9.571941270870872E+008,1.376171169333332E-001,
9.621789923323324E+008,1.315191351687172E-001,
9.671638575775776E+008,1.261994433253245E-001,
9.721487228228228E+008,1.226041752013247E-001,
9.771335880680680E+008,1.200477812538271E-001,
9.821184533133134E+008,1.155192438309966E-001,
9.871033185585586E+008,1.121235647387649E-001,
9.920881838038038E+008,1.091286225476376E-001,
9.970730490490490E+008,1.052531060868380E-001,
1.002057914294294E+009,1.023620412975893E-001,
1.007042779539540E+009,1.004815653070673E-001,
1.012027644784785E+009,9.966885506527215E-002,
1.017012510030030E+009,1.009886004126120E-001,
1.021997375275275E+009,1.046399721576790E-001,
1.026982240520521E+009,1.086155129153675E-001,
1.031967105765766E+009,1.111068600691612E-001,
1.036951971011011E+009,1.123063524935960E-001,
1.041936836256256E+009,1.134438786584505E-001,
1.046921701501502E+009,1.146316276531002E-001,
1.051906566746747E+009,1.151918884966193E-001,
1.056891431991992E+009,1.142636862356300E-001,
1.061876297237237E+009,1.116888891724905E-001,
1.066861162482482E+009,1.107699756175277E-001,
1.071846027727728E+009,1.118727365098106E-001,
1.076830892972973E+009,1.126275083535249E-001,
1.081815758218218E+009,1.145400371289600E-001,
1.086800623463464E+009,1.171012382375769E-001,
1.091785488708709E+009,1.193640405467983E-001,
1.096770353953954E+009,1.223930148377903E-001,
1.101755219199199E+009,1.241457317121476E-001,
1.106740084444444E+009,1.237206700508855E-001,
1.111724949689690E+009,1.223532772692933E-001,
1.116709814934935E+009,1.197142137482920E-001,
1.121694680180180E+009,1.158303387883303E-001,
1.126679545425426E+009,1.123900385186063E-001,
1.131664410670671E+009,1.094547127995315E-001,
1.136649275915916E+009,1.074181061133679E-001,
1.141634141161161E+009,1.044693336281772E-001,
1.146619006406406E+009,1.017756304027894E-001,
1.151603871651652E+009,9.867102686398813E-002,
1.156588736896897E+009,9.567855934619289E-002,
1.161573602142142E+009,9.212975807721351E-002,
1.166558467387388E+009,8.944666072394857E-002,
1.171543332632633E+009,8.770085909413639E-002,
1.176528197877878E+009,8.818415364796305E-002,
1.181513063123123E+009,8.917678215709181E-002,
1.186497928368368E+009,9.307036450906370E-002,
1.191482793613614E+009,9.751228356508440E-002,
1.196467658858859E+009,1.017087547092664E-001,
1.201452524104104E+009,1.057624669379045E-001,
1.206437389349349E+009,1.092965741844914E-001,
1.211422254594595E+009,1.111287584661115E-001,
1.216407119839840E+009,1.114471029627016E-001,
1.221391985085085E+009,1.108810823356507E-001,
1.226376850330330E+009,1.083677436550209E-001,
1.231361715575576E+009,1.052427408791395E-001,
1.236346580820821E+009,1.012466410262060E-001,
1.241331446066066E+009,9.664929466541469E-002,
1.246316311311311E+009,9.289076864337795E-002,
1.251301176556557E+009,8.954215839472804E-002,
1.256286041801802E+009,8.628816836386692E-002,
1.261270907047047E+009,8.448480012241708E-002,
1.266255772292292E+009,8.450153500977603E-002,
1.271240637537538E+009,8.399908222607319E-002,
1.276225502782783E+009,8.401823621958346E-002,
1.281210368028028E+009,8.365106476222495E-002,
1.286195233273273E+009,8.246759076251017E-002,
1.291180098518518E+009,8.093566618269726E-002,
1.296164963763764E+009,8.056611987057692E-002,
1.301149829009009E+009,8.089081131504283E-002,
1.306134694254254E+009,8.090096209924380E-002,
1.311119559499500E+009,7.982802674562856E-002,
1.316104424744745E+009,7.829791425763759E-002,
1.321089289989990E+009,7.727295537415274E-002,
1.326074155235235E+009,7.548822453409394E-002,
1.331059020480480E+009,7.402686560283139E-002,
1.336043885725726E+009,7.299151607546690E-002,
1.341028750970971E+009,7.173834289127111E-002,
1.346013616216216E+009,6.997794685873117E-002,
1.350998481461462E+009,6.960296595980368E-002,
1.355983346706707E+009,6.913202234810788E-002,
1.360968211951952E+009,6.787348353013327E-002,
1.365953077197197E+009,6.738625533086447E-002,
1.370937942442442E+009,6.650388204322556E-002,
1.375922807687688E+009,6.599572468145802E-002,
1.380907672932933E+009,6.520853962406549E-002,
1.385892538178178E+009,6.399133742587990E-002,
1.390877403423424E+009,6.271928223870331E-002,
1.395862268668669E+009,6.117004467361671E-002,
1.400847133913914E+009,6.039846806872745E-002,
1.405831999159159E+009,5.995408447522437E-002,
1.410816864404404E+009,5.886240965183470E-002,
1.415801729649650E+009,5.876624019292484E-002,
1.420786594894895E+009,5.801835455000752E-002,
1.425771460140140E+009,5.696602844613609E-002,
1.430756325385386E+009,5.516318573975790E-002,
1.435741190630631E+009,5.319934533411544E-002,
1.440726055875876E+009,5.160525628100563E-002,
1.445710921121121E+009,5.014061839227475E-002,
1.450695786366366E+009,4.862625560425622E-002,
1.455680651611612E+009,4.835293599741130E-002,
1.460665516856857E+009,4.811665638711569E-002,
1.465650382102102E+009,4.888756571697881E-002,
1.470635247347347E+009,5.018145592421975E-002,
1.475620112592593E+009,5.100111015632982E-002,
1.480604977837838E+009,5.185664829248216E-002,
1.485589843083083E+009,5.165542739990833E-002,
1.490574708328328E+009,5.137050425834836E-002,
1.495559573573574E+009,5.068198205197852E-002,
1.500544438818819E+009,4.938482118009652E-002,
1.505529304064064E+009,4.826433066190101E-002,
1.510514169309309E+009,4.675416689912316E-002,
1.515499034554555E+009,4.552303596445077E-002,
1.520483899799800E+009,4.439227536982857E-002,
1.525468765045045E+009,4.392451270803455E-002,
1.530453630290290E+009,4.456069726170633E-002,
1.535438495535536E+009,4.522489596330798E-002,
1.540423360780781E+009,4.631301363473535E-002,
1.545408226026026E+009,4.780036963030745E-002,
1.550393091271271E+009,4.915637147048524E-002,
1.555377956516516E+009,5.038984383718707E-002,
1.560362821761762E+009,5.222919632966366E-002,
1.565347687007007E+009,5.262414500875313E-002,
1.570332552252252E+009,5.360513202688332E-002,
1.575317417497498E+009,5.390640230213350E-002,
1.580302282742743E+009,5.451815691045858E-002,
1.585287147987988E+009,5.490461847901920E-002,
1.590272013233233E+009,5.561410241294701E-002,
1.595256878478478E+009,5.584531730264578E-002,
1.600241743723724E+009,5.579004129829936E-002,
1.605226608968969E+009,5.577193189461897E-002,
1.610211474214214E+009,5.533577766918495E-002,
1.615196339459460E+009,5.461932686162772E-002,
1.620181204704705E+009,5.354500536972767E-002,
1.625166069949950E+009,5.231315937004378E-002,
1.630150935195195E+009,5.134999391328177E-002,
1.635135800440440E+009,5.021255147848213E-002,
1.640120665685686E+009,4.931571718282732E-002,
1.645105530930931E+009,4.889007745673381E-002,
1.650090396176176E+009,4.806201556336096E-002,
1.655075261421422E+009,4.762691773379220E-002,
1.660060126666667E+009,4.681935767816960E-002,
1.665044991911912E+009,4.568336604191336E-002,
1.670029857157157E+009,4.424628556521032E-002,
1.675014722402402E+009,4.278521546933532E-002,
1.679999587647648E+009,4.090631069032549E-002,
1.684984452892893E+009,3.914915367476021E-002,
1.689969318138138E+009,3.710309316643306E-002,
1.694954183383384E+009,3.491767425886682E-002,
1.699939048628629E+009,3.376277961109215E-002,
1.704923913873874E+009,3.261593140999894E-002,
1.709908779119119E+009,3.233582590391360E-002,
1.714893644364364E+009,3.169016138578503E-002,
1.719878509609610E+009,3.145020146832559E-002,
1.724863374854855E+009,3.138762219035322E-002,
1.729848240100100E+009,3.046380913817706E-002,
1.734833105345345E+009,3.107557616259533E-002,
1.739817970590591E+009,3.155963809998354E-002,
1.744802835835836E+009,3.207188889194605E-002,
1.749787701081081E+009,3.263528089421364E-002,
1.754772566326326E+009,3.407182162924474E-002,
1.759757431571572E+009,3.491819955564567E-002,
1.764742296816817E+009,3.592385757013789E-002,
1.769727162062062E+009,3.606601808745712E-002,
1.774712027307307E+009,3.600716557132602E-002,
1.779696892552553E+009,3.501694584565717E-002,
1.784681757797798E+009,3.319878989970478E-002,
1.789666623043043E+009,3.107580783068146E-002,
1.794651488288288E+009,2.881448044286786E-002,
1.799636353533534E+009,2.669890385226721E-002,
1.804621218778779E+009,2.424329188753444E-002,
1.809606084024024E+009,2.139198314797437E-002,
1.814590949269269E+009,1.919170801920872E-002,
1.819575814514514E+009,1.670773176492742E-002,
1.824560679759760E+009,1.484838053710089E-002,
1.829545545005005E+009,1.229706858301280E-002,
1.834530410250250E+009,9.738323782147172E-003,
1.839515275495496E+009,7.651402465773549E-003,
1.844500140740741E+009,6.183603766041348E-003,
1.849485005985986E+009,5.797496179750588E-003,
1.854469871231231E+009,6.456434515505111E-003,
1.859454736476476E+009,7.790554438943237E-003,
1.864439601721722E+009,9.724412254794973E-003,
1.869424466966967E+009,1.207510398856710E-002,
1.874409332212212E+009,1.421064933946460E-002,
1.879394197457458E+009,1.572079562295457E-002,
1.884379062702703E+009,1.695158387100304E-002,
1.889363927947948E+009,1.773732119003817E-002,
1.894348793193193E+009,1.866073051758807E-002,
1.899333658438438E+009,2.024231951651732E-002,
1.904318523683684E+009,2.154198442832949E-002,
1.909303388928929E+009,2.332880465076139E-002,
1.914288254174174E+009,2.423433645066468E-002,
1.919273119419420E+009,2.436299648891261E-002,
1.924257984664665E+009,2.417784610070073E-002,
1.929242849909910E+009,2.407587305470028E-002,
1.934227715155155E+009,2.358796460079283E-002,
1.939212580400400E+009,2.317881971238211E-002,
1.944197445645646E+009,2.202820973146717E-002,
1.949182310890891E+009,2.139530784155240E-002,
1.954167176136136E+009,2.115855933232503E-002,
1.959152041381382E+009,2.168613369040497E-002,
1.964136906626627E+009,2.189376745465900E-002,
1.969121771871872E+009,2.239348966810941E-002,
1.974106637117117E+009,2.331764171996428E-002,
1.979091502362362E+009,2.366515924186931E-002,
1.984076367607608E+009,2.398625802284371E-002,
1.989061232852853E+009,2.499659324471549E-002,
1.994046098098098E+009,2.549777555566523E-002,
1.999030963343343E+009,2.638764174669461E-002,
2.004015828588589E+009,2.698211991877652E-002,
2.009000693833834E+009,2.780884997369347E-002,
2.013985559079079E+009,2.855882529710418E-002,
2.018970424324324E+009,2.945335973611858E-002,
2.023955289569570E+009,3.048514734073647E-002,
2.028940154814815E+009,3.174157550289241E-002,
2.033925020060060E+009,3.280973701570421E-002,
2.038909885305305E+009,3.464279343260411E-002,
2.043894750550551E+009,3.568780473772273E-002,
2.048879615795796E+009,3.597470264206881E-002,
2.053864481041041E+009,3.632440507631982E-002,
2.058849346286286E+009,3.623822184360821E-002,
2.063834211531532E+009,3.617839811532680E-002,
2.068819076776777E+009,3.597549196743592E-002,
2.073803942022022E+009,3.627388435354681E-002,
2.078788807267267E+009,3.601622334713744E-002,
2.083773672512512E+009,3.589728341671026E-002,
2.088758537757758E+009,3.641465416701365E-002,
2.093743403003003E+009,3.598014903144615E-002,
2.098728268248248E+009,3.563055721344409E-002,
2.103713133493494E+009,3.580557650033311E-002,
2.108697998738739E+009,3.535923225584974E-002,
2.113682863983984E+009,3.439745362757971E-002,
2.118667729229229E+009,3.300074457663623E-002,
2.123652594474474E+009,3.176446177502815E-002,
2.128637459719720E+009,3.019860798392130E-002,
2.133622324964965E+009,2.822159960873949E-002,
2.138607190210210E+009,2.744421906995836E-002,
2.143592055455456E+009,2.619466614632472E-002,
2.148576920700701E+009,2.598206399939366E-002,
2.153561785945946E+009,2.534024401042359E-002,
2.158546651191191E+009,2.459878965155218E-002,
2.163531516436437E+009,2.389654403885069E-002,
2.168516381681682E+009,2.315034955795587E-002,
2.173501246926927E+009,2.242880813559813E-002,
2.178486112172172E+009,2.203717395800334E-002,
2.183470977417418E+009,2.183593228169532E-002,
2.188455842662663E+009,2.173833663764557E-002,
2.193440707907908E+009,2.209184182703312E-002,
2.198425573153153E+009,2.291540849942080E-002,
2.203410438398398E+009,2.364263049407924E-002,
2.208395303643644E+009,2.436713454818057E-002,
2.213380168888889E+009,2.519005492964907E-002,
2.218365034134134E+009,2.531581194861817E-002,
2.223349899379379E+009,2.554774952006190E-002,
2.228334764624625E+009,2.546166382746831E-002,
2.233319629869870E+009,2.478216756429648E-002,
2.238304495115115E+009,2.473125073671638E-002,
2.243289360360360E+009,2.423867310294082E-002,
2.248274225605606E+009,2.424008516143136E-002,
2.253259090850851E+009,2.406950314833936E-002,
2.258243956096096E+009,2.472564597547647E-002,
2.263228821341342E+009,2.494563526803698E-002,
2.268213686586587E+009,2.548613336579434E-002,
2.273198551831832E+009,2.634063039151306E-002,
2.278183417077077E+009,2.682632022977160E-002,
2.283168282322322E+009,2.767445511632154E-002,
2.288153147567567E+009,2.889585114654786E-002,
2.293138012812813E+009,3.011813239698088E-002,
2.298122878058058E+009,3.121781113652934E-002,
2.303107743303303E+009,3.188589110965116E-002,
2.308092608548549E+009,3.260089866708524E-002,
2.313077473793794E+009,3.286146205957730E-002,
2.318062339039039E+009,3.309222703857384E-002,
2.323047204284284E+009,3.240213776307949E-002,
2.328032069529530E+009,3.183971727350198E-002,
2.333016934774775E+009,3.056227406744784E-002,
2.338001800020020E+009,2.926902031511641E-002,
2.342986665265266E+009,2.766349056411065E-002,
2.347971530510510E+009,2.607523541685502E-002,
2.352956395755756E+009,2.505435106373989E-002,
2.357941261001001E+009,2.426025811232109E-002,
2.362926126246246E+009,2.351125448554660E-002,
2.367910991491491E+009,2.245389619620166E-002,
2.372895856736737E+009,2.209765560894556E-002,
2.377880721981982E+009,2.167330249856117E-002,
2.382865587227227E+009,2.123995597982780E-002,
2.387850452472473E+009,2.042636850596900E-002,
2.392835317717718E+009,1.977599033530063E-002,
2.397820182962963E+009,1.986530991572620E-002,
2.402805048208208E+009,1.972049159937816E-002,
2.407789913453454E+009,2.007485144286229E-002,
2.412774778698699E+009,2.090102265317691E-002,
2.417759643943944E+009,2.162664159218690E-002,
2.422744509189189E+009,2.177459833219552E-002,
2.427729374434434E+009,2.222089442077632E-002,
2.432714239679680E+009,2.232114042037595E-002,
2.437699104924925E+009,2.224690131036467E-002,
2.442683970170170E+009,2.204111077085474E-002,
2.447668835415415E+009,2.167619354745676E-002,
2.452653700660661E+009,2.196778239612279E-002,
2.457638565905906E+009,2.208714147441384E-002,
2.462623431151151E+009,2.192045767010839E-002,
2.467608296396397E+009,2.236468885929752E-002,
2.472593161641642E+009,2.222622358992971E-002,
2.477578026886887E+009,2.189689321636330E-002,
2.482562892132132E+009,2.260758552703882E-002,
2.487547757377378E+009,2.264556252124673E-002,
2.492532622622623E+009,2.331769689000217E-002,
2.497517487867868E+009,2.378754738816418E-002,
2.502502353113113E+009,2.435642856005047E-002,
2.507487218358358E+009,2.415379690946379E-002,
2.512472083603604E+009,2.344734144839895E-002,
2.517456948848849E+009,2.335368686652602E-002,
2.522441814094094E+009,2.323110824473225E-002,
2.527426679339339E+009,2.227298873242576E-002,
2.532411544584585E+009,2.231283983710965E-002,
2.537396409829830E+009,2.139870062940440E-002,
2.542381275075075E+009,2.036413575913904E-002,
2.547366140320320E+009,1.995017513077799E-002,
2.552351005565566E+009,1.872309689639368E-002,
2.557335870810811E+009,1.801048319582111E-002,
2.562320736056056E+009,1.803814598746099E-002,
2.567305601301302E+009,1.694895063776349E-002,
2.572290466546547E+009,1.597083242697770E-002,
2.577275331791792E+009,1.423112659297458E-002,
2.582260197037037E+009,1.346008124738277E-002,
2.587245062282282E+009,1.279037619114892E-002,
2.592229927527527E+009,1.191595039103895E-002,
2.597214792772773E+009,1.104061301576506E-002,
2.602199658018018E+009,1.065380012288308E-002,
2.607184523263263E+009,9.886739902679064E-003,
2.612169388508509E+009,8.871881864436751E-003,
2.617154253753754E+009,7.735299786564468E-003,
2.622139118998999E+009,6.781912685542560E-003,
2.627123984244244E+009,6.138180668095934E-003,
2.632108849489490E+009,5.938282275206533E-003,
2.637093714734735E+009,5.931592527094422E-003,
2.642078579979980E+009,6.281287987020212E-003,
2.647063445225225E+009,7.193850024406641E-003,
2.652048310470470E+009,7.990868426567547E-003,
2.657033175715716E+009,8.882214376976522E-003,
2.662018040960961E+009,9.713449877291919E-003,
2.667002906206206E+009,1.047927764254674E-002,
2.671987771451451E+009,1.099404616631793E-002,
2.676972636696697E+009,1.147261685182075E-002,
2.681957501941942E+009,1.185553590429714E-002,
2.686942367187187E+009,1.240659957781749E-002,
2.691927232432433E+009,1.272745676970058E-002,
2.696912097677678E+009,1.373923327236719E-002,
2.701896962922923E+009,1.420909683453051E-002,
2.706881828168168E+009,1.463037475723762E-002,
2.711866693413414E+009,1.511617907815426E-002,
2.716851558658659E+009,1.548125059436655E-002,
2.721836423903904E+009,1.462890740732081E-002,
2.726821289149149E+009,1.521595514734472E-002,
2.731806154394394E+009,1.520313905791353E-002,
2.736791019639640E+009,1.588105059456017E-002,
2.741775884884885E+009,1.709580117833106E-002,
2.746760750130130E+009,1.907839558166832E-002,
2.751745615375375E+009,2.058209441799115E-002,
2.756730480620621E+009,2.183933207012536E-002,
2.761715345865866E+009,2.273115831863423E-002,
2.766700211111111E+009,2.352941647990629E-002,
2.771685076356356E+009,2.459006268871715E-002,
2.776669941601602E+009,2.461025936913982E-002,
2.781654806846847E+009,2.446307728890593E-002,
2.786639672092092E+009,2.435425971977972E-002,
2.791624537337338E+009,2.469433471021145E-002,
2.796609402582583E+009,2.466297243556077E-002,
2.801594267827828E+009,2.501637878522867E-002,
2.806579133073073E+009,2.517039420436458E-002,
2.811563998318318E+009,2.624748785598371E-002,
2.816548863563564E+009,2.678127126694798E-002,
2.821533728808809E+009,2.654864031532880E-002,
2.826518594054054E+009,2.675894956530366E-002,
2.831503459299299E+009,2.765696354954628E-002,
2.836488324544545E+009,2.813229022024894E-002,
2.841473189789790E+009,2.817674192680167E-002,
2.846458055035035E+009,2.851694341998045E-002,
2.851442920280280E+009,2.905021918956834E-002,
2.856427785525526E+009,3.067489630587112E-002,
2.861412650770771E+009,3.119594590795385E-002,
2.866397516016016E+009,3.302616799496325E-002,
2.871382381261262E+009,3.495317349680880E-002,
2.876367246506506E+009,3.496232546232991E-002,
2.881352111751752E+009,3.549091604136185E-002,
2.886336976996997E+009,3.566811688124449E-002,
2.891321842242242E+009,3.504515863880951E-002,
2.896306707487487E+009,3.369066388996028E-002,
2.901291572732733E+009,3.287452753241946E-002,
2.906276437977978E+009,3.248391425922491E-002,
2.911261303223223E+009,3.266622558959142E-002,
2.916246168468469E+009,3.155158833465595E-002,
2.921231033713714E+009,3.197449872768574E-002,
2.926215898958959E+009,3.231216848411608E-002,
2.931200764204204E+009,3.294379306462309E-002,
2.936185629449450E+009,3.210709426452849E-002,
2.941170494694695E+009,3.327764930879459E-002,
2.946155359939940E+009,3.343288262542070E-002,
2.951140225185185E+009,3.385953357079518E-002,
2.956125090430430E+009,3.427800090734474E-002,
2.961109955675676E+009,3.468633830518317E-002,
2.966094820920921E+009,3.471857685693571E-002,
2.971079686166166E+009,3.489896278134210E-002,
2.976064551411411E+009,3.498476563732045E-002,
2.981049416656657E+009,3.430394968507951E-002,
2.986034281901902E+009,3.399220346109529E-002,
2.991019147147147E+009,3.250002756454309E-002,
2.996004012392393E+009,3.163201725194624E-002,
3.000988877637638E+009,3.028098493308572E-002,
3.005973742882883E+009,2.964068628705137E-002,
3.010958608128128E+009,2.837731774143506E-002,
3.015943473373374E+009,2.774783409685084E-002,
3.020928338618619E+009,2.719343424648910E-002,
3.025913203863864E+009,2.719662969698032E-002,
3.030898069109109E+009,2.685700847265696E-002,
3.035882934354354E+009,2.694396389152260E-002,
3.040867799599600E+009,2.737585804068290E-002,
3.045852664844845E+009,2.771713996428684E-002,
3.050837530090090E+009,2.807363970435463E-002,
3.055822395335335E+009,2.892846986832666E-002,
3.060807260580581E+009,2.994089900853944E-002,
3.065792125825826E+009,3.000987111927003E-002,
3.070776991071071E+009,3.052328485152360E-002,
3.075761856316316E+009,3.058408350894219E-002,
3.080746721561562E+009,2.982605234574788E-002,
3.085731586806807E+009,2.870464555801188E-002,
3.090716452052052E+009,2.797719150218798E-002,
3.095701317297298E+009,2.692485934807061E-002,
3.100686182542543E+009,2.539606852764998E-002,
3.105671047787788E+009,2.487222437730928E-002,
3.110655913033033E+009,2.310376538643929E-002,
3.115640778278278E+009,2.241111076823032E-002,
3.120625643523523E+009,2.204863586789749E-002,
3.125610508768769E+009,2.188746441767109E-002,
3.130595374014014E+009,2.140775498580055E-002,
3.135580239259259E+009,2.151382081865842E-002,
3.140565104504505E+009,2.234920726381714E-002,
3.145549969749750E+009,2.169245555858929E-002,
3.150534834994995E+009,2.219222986387968E-002,
3.155519700240240E+009,2.249394048661941E-002,
3.160504565485486E+009,2.245340401259664E-002,
3.165489430730731E+009,2.111071084189150E-002,
3.170474295975976E+009,2.083913930962187E-002,
3.175459161221221E+009,2.071258444417342E-002,
3.180444026466466E+009,1.986305864009993E-002,
3.185428891711712E+009,1.949037150222365E-002,
3.190413756956957E+009,1.841989236838020E-002,
3.195398622202202E+009,1.839268697378578E-002,
3.200383487447447E+009,1.695445331250343E-002,
3.205368352692693E+009,1.619544708476118E-002,
3.210353217937938E+009,1.564334715883214E-002,
3.215338083183183E+009,1.500366466794746E-002,
3.220322948428429E+009,1.436361887477586E-002,
3.225307813673674E+009,1.366972129599294E-002,
3.230292678918919E+009,1.306223611681836E-002,
3.235277544164164E+009,1.184819774408819E-002,
3.240262409409410E+009,1.095577718308247E-002,
3.245247274654655E+009,1.027447036411899E-002,
3.250232139899900E+009,9.775912562540583E-003,
3.255217005145145E+009,9.459417100654729E-003,
3.260201870390390E+009,9.106780914129101E-003,
3.265186735635636E+009,8.738538142247990E-003,
3.270171600880881E+009,8.341831348966209E-003,
3.275156466126126E+009,7.720315543160198E-003,
3.280141331371371E+009,7.001453221034923E-003,
3.285126196616617E+009,6.263925248037081E-003,
3.290111061861862E+009,5.472760217582250E-003,
3.295095927107107E+009,4.723464332034418E-003,
3.300080792352352E+009,4.029410264110721E-003,
3.305065657597598E+009,3.544542084545274E-003,
3.310050522842843E+009,3.205229270228716E-003,
3.315035388088088E+009,2.911958039322393E-003,
3.320020253333334E+009,2.429804338392696E-003,
3.325005118578579E+009,2.107667330631191E-003,
3.329989983823824E+009,2.059666530705124E-003,
3.334974849069069E+009,2.124249767523860E-003,
3.339959714314314E+009,2.143908043971647E-003,
3.344944579559560E+009,2.122003616054111E-003,
3.349929444804805E+009,2.062436255697268E-003,
3.354914310050050E+009,1.917406192017223E-003,
3.359899175295295E+009,1.701566824913314E-003,
3.364884040540541E+009,1.686296567726287E-003,
3.369868905785786E+009,1.704749622734068E-003,
3.374853771031031E+009,1.680252895231690E-003,
3.379838636276276E+009,1.725184777355753E-003,
3.384823501521522E+009,1.834146990069281E-003,
3.389808366766767E+009,1.848910250129901E-003,
3.394793232012012E+009,1.682690618818442E-003,
3.399778097257258E+009,1.580257102139844E-003,
3.404762962502502E+009,1.492840297335971E-003,
3.409747827747748E+009,1.664966730927499E-003,
3.414732692992993E+009,2.040147302056689E-003,
3.419717558238238E+009,2.515807197902972E-003,
3.424702423483483E+009,2.793607796777995E-003,
3.429687288728729E+009,3.162080555269044E-003,
3.434672153973974E+009,3.448771465082259E-003,
3.439657019219219E+009,3.571119650397103E-003,
3.444641884464465E+009,3.724103787507504E-003,
3.449626749709710E+009,3.963339344961340E-003,
3.454611614954955E+009,4.426439555781405E-003,
3.459596480200200E+009,4.681300041715887E-003,
3.464581345445446E+009,4.830320611497771E-003,
3.469566210690691E+009,5.064552539068200E-003,
3.474551075935936E+009,5.136602461170256E-003,
3.479535941181181E+009,5.368964664238916E-003,
3.484520806426426E+009,5.443844632841394E-003,
3.489505671671672E+009,5.623672366285669E-003,
3.494490536916917E+009,5.707956456021978E-003,
3.499475402162162E+009,5.761203566048628E-003,
3.504460267407407E+009,5.618632248268399E-003,
3.509445132652653E+009,5.415088996110001E-003,
3.514429997897898E+009,5.134386437610762E-003,
3.519414863143143E+009,4.929583532140231E-003,
3.524399728388389E+009,4.637174612783717E-003,
3.529384593633634E+009,4.450410502526390E-003,
3.534369458878879E+009,4.075953357386470E-003,
3.539354324124124E+009,3.862637838500629E-003,
3.544339189369370E+009,3.640791062270149E-003,
3.549324054614615E+009,3.387382680260683E-003,
3.554308919859860E+009,3.143969297309576E-003,
3.559293785105105E+009,2.911273520527801E-003,
3.564278650350350E+009,2.814764945814623E-003,
3.569263515595596E+009,2.730270629086918E-003,
3.574248380840841E+009,2.684741372468099E-003,
3.579233246086086E+009,2.705393642590130E-003,
3.584218111331331E+009,2.790688919631337E-003,
3.589202976576577E+009,2.796938997970510E-003,
3.594187841821822E+009,2.926126788522227E-003,
3.599172707067067E+009,3.079098068947325E-003,
3.604157572312312E+009,2.966389858571877E-003,
3.609142437557558E+009,2.932158403391227E-003,
3.614127302802803E+009,2.941854516799052E-003,
3.619112168048048E+009,2.862359175322670E-003,
3.624097033293294E+009,2.810228959526092E-003,
3.629081898538539E+009,2.623651943000464E-003,
3.634066763783784E+009,2.475968994874402E-003,
3.639051629029029E+009,2.259505273360797E-003,
3.644036494274274E+009,2.036376904236999E-003,
3.649021359519519E+009,1.953293900959230E-003,
3.654006224764765E+009,1.789523018326287E-003,
3.658991090010010E+009,1.649036771352229E-003,
3.663975955255255E+009,1.421766773155572E-003,
3.668960820500501E+009,1.296803929047850E-003,
3.673945685745746E+009,1.298303692568668E-003,
3.678930550990991E+009,1.289980375050690E-003,
3.683915416236236E+009,1.484839687448368E-003,
3.688900281481482E+009,1.771051363027780E-003,
3.693885146726727E+009,1.783893861734751E-003,
3.698870011971972E+009,2.128348161725797E-003,
3.703854877217217E+009,2.546828330176448E-003,
3.708839742462462E+009,3.093527950926908E-003,
3.713824607707708E+009,3.515100718682282E-003,
3.718809472952953E+009,3.879443617972378E-003,
3.723794338198198E+009,4.142617842753611E-003,
3.728779203443443E+009,4.328397085144674E-003,
3.733764068688689E+009,4.608586570594576E-003,
3.738748933933934E+009,4.835572657495023E-003,
3.743733799179179E+009,4.930492717357952E-003,
3.748718664424425E+009,5.070905838958710E-003,
3.753703529669670E+009,5.258686641044725E-003,
3.758688394914915E+009,5.391426411237925E-003,
3.763673260160160E+009,5.579319675214980E-003,
3.768658125405406E+009,5.827148550906590E-003,
3.773642990650651E+009,6.189751236405222E-003,
3.778627855895896E+009,6.335491032543411E-003,
3.783612721141141E+009,6.571746880254756E-003,
3.788597586386386E+009,6.591037708685788E-003,
3.793582451631632E+009,6.731002310608302E-003,
3.798567316876877E+009,6.948263997498142E-003,
3.803552182122122E+009,7.133737556063323E-003,
3.808537047367367E+009,7.019583898250658E-003,
3.813521912612613E+009,7.012990310988379E-003,
3.818506777857858E+009,7.042871382697865E-003,
3.823491643103103E+009,7.146423076293484E-003,
3.828476508348349E+009,7.076978041627164E-003,
3.833461373593594E+009,7.098846949175712E-003,
3.838446238838839E+009,7.143982425893058E-003,
3.843431104084084E+009,7.221977911455809E-003,
3.848415969329330E+009,7.450883139273584E-003,
3.853400834574575E+009,7.739549261416664E-003,
3.858385699819820E+009,7.947248562222760E-003,
3.863370565065065E+009,8.235864614143258E-003,
3.868355430310310E+009,8.567901821904958E-003,
3.873340295555556E+009,8.879767013399180E-003,
3.878325160800801E+009,9.306126726107367E-003,
3.883310026046046E+009,9.680373233853531E-003,
3.888294891291291E+009,1.021054396819024E-002,
3.893279756536537E+009,1.071741620390783E-002,
3.898264621781782E+009,1.120498728350900E-002,
3.903249487027027E+009,1.146411969530514E-002,
3.908234352272272E+009,1.164124099063644E-002,
3.913219217517518E+009,1.176464751670424E-002,
3.918204082762763E+009,1.173185767949952E-002,
3.923188948008008E+009,1.149994544655819E-002,
3.928173813253254E+009,1.133685210570881E-002,
3.933158678498498E+009,1.121496725311445E-002,
3.938143543743744E+009,1.110275859243559E-002,
3.943128408988989E+009,1.107489442247959E-002,
3.948113274234234E+009,1.100610657490067E-002,
3.953098139479479E+009,1.110211468671908E-002,
3.958083004724725E+009,1.138857297020334E-002,
3.963067869969970E+009,1.185691015081430E-002,
3.968052735215215E+009,1.222085801947930E-002,
3.973037600460461E+009,1.248838005939378E-002,
3.978022465705706E+009,1.253390793941047E-002,
3.983007330950951E+009,1.224555433202679E-002,
3.987992196196196E+009,1.197184163964583E-002,
3.992977061441442E+009,1.165403992174923E-002,
3.997961926686687E+009,1.118314982281116E-002,
4.002946791931932E+009,1.076705140191724E-002,
4.007931657177177E+009,1.041327205709867E-002,
4.012916522422422E+009,1.035066087985458E-002,
4.017901387667668E+009,1.030781594035233E-002,
4.022886252912913E+009,1.037768474448939E-002,
4.027871118158158E+009,1.049310460580813E-002,
4.032855983403403E+009,1.029625119932173E-002,
4.037840848648649E+009,1.023695760593868E-002,
4.042825713893894E+009,1.016095300721365E-002,
4.047810579139139E+009,1.016634995950939E-002,
4.052795444384385E+009,9.982208878613529E-003,
4.057780309629630E+009,9.774136037387851E-003,
4.062765174874875E+009,9.645172187386523E-003,
4.067750040120120E+009,9.549616999554039E-003,
4.072734905365366E+009,9.408755925897523E-003,
4.077719770610611E+009,9.389589205987144E-003,
4.082704635855856E+009,9.338002222061865E-003,
4.087689501101101E+009,9.200012623832080E-003,
4.092674366346346E+009,9.005340209901897E-003,
4.097659231591592E+009,8.870832948763468E-003,
4.102644096836837E+009,8.597826280777142E-003,
4.107628962082082E+009,8.323475169676910E-003,
4.112613827327327E+009,8.101472364506802E-003,
4.117598692572573E+009,7.853135682304951E-003,
4.122583557817818E+009,7.689189730876570E-003,
4.127568423063063E+009,7.654261946405767E-003,
4.132553288308308E+009,7.613071121594442E-003,
4.137538153553554E+009,7.592454535905705E-003,
4.142523018798799E+009,7.502916752409608E-003,
4.147507884044044E+009,7.391903129568234E-003,
4.152492749289290E+009,7.461897691561189E-003,
4.157477614534535E+009,7.574654482373106E-003,
4.162462479779780E+009,7.872930812623771E-003,
4.167447345025025E+009,8.024757537094588E-003,
4.172432210270270E+009,8.176166112236920E-003,
4.177417075515515E+009,8.105170054690683E-003,
4.182401940760761E+009,7.983218042564317E-003,
4.187386806006006E+009,7.777974682289765E-003,
4.192371671251251E+009,7.532182763908320E-003,
4.197356536496497E+009,7.398416971738871E-003,
4.202341401741742E+009,7.214890514569252E-003,
4.207326266986987E+009,7.104105320528722E-003,
4.212311132232232E+009,6.945228906140003E-003,
4.217295997477478E+009,6.861899057934081E-003,
4.222280862722723E+009,6.759462582015812E-003,
4.227265727967968E+009,6.678485572068008E-003,
4.232250593213213E+009,6.697846693001500E-003,
4.237235458458458E+009,6.777146126376423E-003,
4.242220323703704E+009,6.939148974653312E-003,
4.247205188948949E+009,7.095360933408318E-003,
4.252190054194194E+009,7.218615453570294E-003,
4.257174919439439E+009,7.391043039424158E-003,
4.262159784684685E+009,7.451241019012191E-003,
4.267144649929930E+009,7.403596537367101E-003,
4.272129515175175E+009,7.344232089852843E-003,
4.277114380420421E+009,7.381479870781635E-003,
4.282099245665666E+009,7.643324888945650E-003,
4.287084110910911E+009,7.743204242795895E-003,
4.292068976156156E+009,7.861681826356248E-003,
4.297053841401402E+009,7.902135512502684E-003,
4.302038706646647E+009,7.946355741894394E-003,
4.307023571891892E+009,7.896395109238915E-003,
4.312008437137137E+009,7.862243852550958E-003,
4.316993302382382E+009,7.906896635814063E-003,
4.321978167627627E+009,7.893036095651314E-003,
4.326963032872873E+009,7.767597869773915E-003,
4.331947898118118E+009,7.718901961275306E-003,
4.336932763363363E+009,7.672798133584459E-003,
4.341917628608608E+009,7.664002974485861E-003,
4.346902493853854E+009,7.596091462290277E-003,
4.351887359099099E+009,7.711593934481471E-003,
4.356872224344344E+009,7.859934465977681E-003,
4.361857089589590E+009,8.084510340103344E-003,
4.366841954834835E+009,8.234480493796905E-003,
4.371826820080080E+009,8.314711822747607E-003,
4.376811685325325E+009,8.296959348335836E-003,
4.381796550570571E+009,8.330983022638008E-003,
4.386781415815816E+009,8.362337554635772E-003,
4.391766281061061E+009,8.366034978858858E-003,
4.396751146306306E+009,8.426727731877163E-003,
4.401736011551552E+009,8.369032820327430E-003,
4.406720876796797E+009,8.241413060247272E-003,
4.411705742042042E+009,8.193965748507172E-003,
4.416690607287288E+009,8.108581039758660E-003,
4.421675472532533E+009,8.011357824479648E-003,
4.426660337777778E+009,7.926073217123577E-003,
4.431645203023023E+009,7.798273884958178E-003,
4.436630068268269E+009,7.857894105198326E-003,
4.441614933513514E+009,7.702099890743070E-003,
4.446599798758759E+009,7.544209189796165E-003,
4.451584664004005E+009,7.526013554787230E-003,
4.456569529249250E+009,7.430834128511740E-003,
4.461554394494494E+009,7.556550178835561E-003,
4.466539259739739E+009,7.769777299857080E-003,
4.471524124984985E+009,8.187050258946950E-003,
4.476508990230230E+009,8.612051353003030E-003,
4.481493855475475E+009,9.048710843492857E-003,
4.486478720720720E+009,9.614674103826959E-003,
4.491463585965966E+009,9.939889773553730E-003,
4.496448451211211E+009,1.023285331872876E-002,
4.501433316456456E+009,1.041040232008814E-002,
4.506418181701702E+009,1.066063521423443E-002,
4.511403046946947E+009,1.084257719578109E-002,
4.516387912192192E+009,1.100593371266173E-002,
4.521372777437437E+009,1.108503297254225E-002,
4.526357642682683E+009,1.114050354879180E-002,
4.531342507927928E+009,1.110063459123048E-002,
4.536327373173173E+009,1.104645736791819E-002,
4.541312238418419E+009,1.113249793101662E-002,
4.546297103663664E+009,1.117031866362221E-002,
4.551281968908909E+009,1.103048013866946E-002,
4.556266834154154E+009,1.098669477803670E-002,
4.561251699399400E+009,1.096273343824511E-002,
4.566236564644645E+009,1.094134489585029E-002,
4.571221429889890E+009,1.103350208654764E-002,
4.576206295135135E+009,1.129744065492925E-002,
4.581191160380381E+009,1.159193579869992E-002,
4.586176025625626E+009,1.199260415131810E-002,
4.591160890870871E+009,1.256666389261686E-002,
4.596145756116117E+009,1.311232772278673E-002,
4.601130621361362E+009,1.364857161964896E-002,
4.606115486606607E+009,1.427006519030586E-002,
4.611100351851852E+009,1.471214897778574E-002,
4.616085217097097E+009,1.494969125673173E-002,
4.621070082342342E+009,1.492434247547418E-002,
4.626054947587587E+009,1.466358922733828E-002,
4.631039812832833E+009,1.430774093975763E-002,
4.636024678078078E+009,1.379058500866176E-002,
4.641009543323323E+009,1.315545339985153E-002,
4.645994408568568E+009,1.255929737882673E-002,
4.650979273813814E+009,1.201273998745123E-002,
4.655964139059059E+009,1.175811993769703E-002,
4.660949004304304E+009,1.151819352242213E-002,
4.665933869549550E+009,1.147594551530371E-002,
4.670918734794795E+009,1.151467451236729E-002,
4.675903600040040E+009,1.176926325260298E-002,
4.680888465285285E+009,1.193438901076187E-002,
4.685873330530531E+009,1.220537119503731E-002,
4.690858195775776E+009,1.256935015226286E-002,
4.695843061021021E+009,1.293075891840616E-002,
4.700827926266266E+009,1.326866326087643E-002,
4.705812791511512E+009,1.354659761017284E-002,
4.710797656756757E+009,1.373831957494319E-002,
4.715782522002002E+009,1.369331925217316E-002,
4.720767387247248E+009,1.344066599506159E-002,
4.725752252492493E+009,1.298803733281220E-002,
4.730737117737738E+009,1.236541885427601E-002,
4.735721982982983E+009,1.166786190182693E-002,
4.740706848228229E+009,1.109775879590342E-002,
4.745691713473474E+009,1.048411803945013E-002,
4.750676578718719E+009,1.009400340677690E-002,
4.755661443963965E+009,9.877370998694414E-003,
4.760646309209209E+009,9.475900195698045E-003,
4.765631174454454E+009,9.524311659937230E-003,
4.770616039699699E+009,9.409393540551085E-003,
4.775600904944945E+009,9.461858773087875E-003,
4.780585770190190E+009,9.557863042056226E-003,
4.785570635435435E+009,9.596327079322529E-003,
4.790555500680680E+009,9.831615559379075E-003,
4.795540365925926E+009,1.014837558953900E-002,
4.800525231171171E+009,1.039305102828380E-002,
4.805510096416416E+009,1.053355080298378E-002,
4.810494961661662E+009,1.077091362798538E-002,
4.815479826906907E+009,1.059549321777195E-002,
4.820464692152152E+009,1.043147287161201E-002,
4.825449557397397E+009,1.013225712664611E-002,
4.830434422642643E+009,9.821467925898298E-003,
4.835419287887888E+009,9.523596738319885E-003,
4.840404153133133E+009,9.119897532782924E-003,
4.845389018378379E+009,8.781336769401311E-003,
4.850373883623624E+009,8.490548432386310E-003,
4.855358748868869E+009,8.274037710118134E-003,
4.860343614114114E+009,8.047105472625885E-003,
4.865328479359360E+009,7.814367091766061E-003,
4.870313344604605E+009,7.728977738612709E-003,
4.875298209849850E+009,7.631286029168054E-003,
4.880283075095095E+009,7.657644521508204E-003,
4.885267940340341E+009,7.603806923124801E-003,
4.890252805585586E+009,7.759672508978455E-003,
4.895237670830831E+009,7.943721905129547E-003,
4.900222536076077E+009,8.004337255461359E-003,
4.905207401321322E+009,8.257639324818529E-003,
4.910192266566567E+009,8.202350919448589E-003,
4.915177131811811E+009,8.378158370081757E-003,
4.920161997057057E+009,8.439345531053438E-003,
4.925146862302302E+009,8.566705884606360E-003,
4.930131727547547E+009,8.307797648749119E-003,
4.935116592792793E+009,8.165499535261564E-003,
4.940101458038038E+009,7.747102793533718E-003,
4.945086323283283E+009,7.405681403281988E-003,
4.950071188528528E+009,7.100270092913572E-003,
4.955056053773774E+009,6.889097242888390E-003,
4.960040919019019E+009,6.719739694028876E-003,
4.965025784264264E+009,6.615485543380270E-003,
4.970010649509509E+009,6.478052134575067E-003,
4.974995514754755E+009,6.353355014384454E-003,
4.979980380000000E+009,6.147516991448975E-003,
