% Version 1.00
%
% Ref Impedances: Z01: 50, Z02: 50
% 
%freq[Hz];Trc1_S21[U];
1.000000000000000E+005,4.102689585613307E-005,
5.084865245245245E+006,4.107263239866158E-004,
1.006973049049049E+007,1.123710992194223E-003,
1.505459573573574E+007,1.912281772084862E-003,
2.003946098098098E+007,2.551994724542120E-003,
2.502432622622623E+007,3.654441127371437E-003,
3.000919147147147E+007,5.150065627429483E-003,
3.499405671671671E+007,8.857239758739626E-003,
3.997892196196196E+007,1.595431957739296E-002,
4.496378720720721E+007,4.356550115479428E-002,
4.994865245245245E+007,1.158056079713700E-001,
5.493351769769770E+007,3.518302786100104E-002,
5.991838294294295E+007,2.274499479533148E-002,
6.490324818818819E+007,1.322393578495014E-002,
6.988811343343343E+007,9.615208804527946E-003,
7.487297867867868E+007,7.727850875814544E-003,
7.985784392392393E+007,5.515867133135808E-003,
8.484270916916917E+007,5.414968797239512E-003,
8.982757441441442E+007,5.271799477662096E-003,
9.481243965965965E+007,5.302418470083321E-003,
9.979730490490490E+007,6.040077935757214E-003,
1.047821701501502E+008,6.972469229333272E-003,
1.097670353953954E+008,8.540125788197789E-003,
1.147519006406407E+008,9.783116113936806E-003,
1.197367658858859E+008,1.113260506728055E-002,
1.247216311311311E+008,1.311175866840623E-002,
1.297064963763764E+008,1.573439573762875E-002,
1.346913616216216E+008,2.000027014871785E-002,
1.396762268668669E+008,2.686933450167025E-002,
1.446610921121121E+008,3.821991386289644E-002,
1.496459573573574E+008,5.979948204510147E-002,
1.546308226026026E+008,1.168840946533663E-001,
1.596156878478479E+008,2.064139153137453E-001,
1.646005530930931E+008,1.393298341785229E-001,
1.695854183383384E+008,1.076576091205057E-001,
1.745702835835836E+008,9.618537553714884E-002,
1.795551488288288E+008,5.746282168440114E-002,
1.845400140740741E+008,2.858326902488181E-002,
1.895248793193193E+008,1.477984411277564E-002,
1.945097445645646E+008,9.707294264011989E-003,
1.994946098098098E+008,8.363257398560078E-003,
2.044794750550551E+008,6.841092870710827E-003,
2.094643403003003E+008,6.447708547924601E-003,
2.144492055455456E+008,6.126943967280133E-003,
2.194340707907908E+008,5.941060803434082E-003,
2.244189360360360E+008,6.274866478815559E-003,
2.294038012812813E+008,7.224811107086069E-003,
2.343886665265265E+008,8.589414031581330E-003,
2.393735317717718E+008,1.090158879371725E-002,
2.443583970170170E+008,1.386150024925713E-002,
2.493432622622623E+008,1.780671957140966E-002,
2.543281275075075E+008,2.291860466742884E-002,
2.593129927527528E+008,3.072689957935076E-002,
2.642978579979980E+008,4.264831657084461E-002,
2.692827232432432E+008,6.156309337736893E-002,
2.742675884884885E+008,9.550797667972205E-002,
2.792524537337337E+008,1.454207359203199E-001,
2.842373189789790E+008,1.553449044737576E-001,
2.892221842242242E+008,1.100335110905226E-001,
2.942070494694695E+008,7.747408776446689E-002,
2.991919147147147E+008,5.835962616793241E-002,
3.041767799599600E+008,4.567305429250910E-002,
3.091616452052052E+008,3.698743116180887E-002,
3.141465104504505E+008,2.884842379011603E-002,
3.191313756956957E+008,2.241390054877298E-002,
3.241162409409409E+008,1.827818209857507E-002,
3.291011061861862E+008,1.442436072527517E-002,
3.340859714314314E+008,1.119396192496137E-002,
3.390708366766767E+008,8.925017786709568E-003,
3.440557019219219E+008,7.751087934821385E-003,
3.490405671671672E+008,6.756469766229281E-003,
3.540254324124124E+008,5.657755827059302E-003,
3.590102976576577E+008,5.084712471999066E-003,
3.639951629029029E+008,4.535493171299970E-003,
3.689800281481482E+008,4.315389882015901E-003,
3.739648933933934E+008,4.552106180258701E-003,
3.789497586386386E+008,5.232748355128265E-003,
3.839346238838839E+008,5.765886224829866E-003,
3.889194891291291E+008,6.234336688233005E-003,
3.939043543743744E+008,7.216617426580596E-003,
3.988892196196196E+008,7.930428006893173E-003,
4.038740848648649E+008,9.315353956497716E-003,
4.088589501101101E+008,1.208792356780780E-002,
4.138438153553554E+008,1.606213845293025E-002,
4.188286806006006E+008,2.169178607339731E-002,
4.238135458458459E+008,2.958735139773418E-002,
4.287984110910911E+008,3.389029057772888E-002,
4.337832763363363E+008,3.305204395214721E-002,
4.387681415815816E+008,3.118914492551823E-002,
4.437530068268268E+008,2.987331018266423E-002,
4.487378720720721E+008,2.869294217694431E-002,
4.537227373173173E+008,2.836754381429818E-002,
4.587076025625626E+008,2.805343190932514E-002,
4.636924678078078E+008,2.834783938145562E-002,
4.686773330530531E+008,2.874683685470798E-002,
4.736621982982983E+008,2.977288905872985E-002,
4.786470635435436E+008,3.068562419727839E-002,
4.836319287887888E+008,3.192326079072672E-002,
4.886167940340340E+008,3.287316421946829E-002,
4.936016592792793E+008,3.358201130864193E-002,
4.985865245245245E+008,3.386666092598561E-002,
5.035713897697698E+008,3.395464204126823E-002,
5.085562550150150E+008,3.391281662525603E-002,
5.135411202602603E+008,3.343842515959562E-002,
5.185259855055055E+008,3.356314551826562E-002,
5.235108507507508E+008,3.401875167829994E-002,
5.284957159959960E+008,3.566164364184236E-002,
5.334805812412412E+008,3.681330007022065E-002,
5.384654464864864E+008,3.867237252505638E-002,
5.434503117317318E+008,4.047072622140158E-002,
5.484351769769770E+008,4.182509734573582E-002,
5.534200422222222E+008,4.361231471224055E-002,
5.584049074674674E+008,4.519222531117876E-002,
5.633897727127128E+008,4.652111315947695E-002,
5.683746379579580E+008,4.794157036478063E-002,
5.733595032032032E+008,4.959684608022750E-002,
5.783443684484484E+008,5.172668541302625E-002,
5.833292336936938E+008,5.392460732685112E-002,
5.883140989389390E+008,5.644086631985004E-002,
5.932989641841842E+008,5.994125327824251E-002,
5.982838294294294E+008,6.332923237555178E-002,
6.032686946746746E+008,6.696900616708286E-002,
6.082535599199200E+008,7.060644871863687E-002,
6.132384251651652E+008,7.439708220026380E-002,
6.182232904104104E+008,7.897521744823201E-002,
6.232081556556556E+008,8.489478367737990E-002,
6.281930209009010E+008,9.134935645134422E-002,
6.331778861461462E+008,9.753836080271668E-002,
6.381627513913914E+008,1.008336278418891E-001,
6.431476166366366E+008,1.042455913859393E-001,
6.481324818818818E+008,1.077348195861096E-001,
6.531173471271272E+008,1.112813221300277E-001,
6.581022123723724E+008,1.143269883683478E-001,
6.630870776176176E+008,1.173639433120270E-001,
6.680719428628628E+008,1.202630467500517E-001,
6.730568081081082E+008,1.221532057497650E-001,
6.780416733533534E+008,1.234036777457420E-001,
6.830265385985986E+008,1.243559925904849E-001,
6.880114038438438E+008,1.252243831766755E-001,
6.929962690890890E+008,1.249116475257794E-001,
6.979811343343344E+008,1.242100253794633E-001,
7.029659995795796E+008,1.240260547911672E-001,
7.079508648248248E+008,1.251343577090963E-001,
7.129357300700700E+008,1.256396184037755E-001,
7.179205953153154E+008,1.242099324211389E-001,
7.229054605605606E+008,1.213634377985413E-001,
7.278903258058058E+008,1.181665058907733E-001,
7.328751910510510E+008,1.190133279147819E-001,
7.378600562962964E+008,1.228976029042885E-001,
7.428449215415416E+008,1.262742021729444E-001,
7.478297867867868E+008,1.294074476240161E-001,
7.528146520320320E+008,1.342335024765326E-001,
7.577995172772772E+008,1.377533964664739E-001,
7.627843825225226E+008,1.399682909688426E-001,
7.677692477677678E+008,1.393606113560393E-001,
7.727541130130130E+008,1.356485624387981E-001,
7.777389782582582E+008,1.333963502944959E-001,
7.827238435035036E+008,1.305527650774247E-001,
7.877087087487488E+008,1.268153180599676E-001,
7.926935739939940E+008,1.205777661112501E-001,
7.976784392392392E+008,1.136892766346774E-001,
8.026633044844844E+008,1.086219624851544E-001,
8.076481697297298E+008,1.071739206390479E-001,
8.126330349749750E+008,1.080738931725551E-001,
8.176179002202202E+008,1.106046112221202E-001,
8.226027654654654E+008,1.140949102284761E-001,
8.275876307107108E+008,1.188858089338456E-001,
8.325724959559560E+008,1.242359753319342E-001,
8.375573612012012E+008,1.323440302925953E-001,
8.425422264464464E+008,1.402863882368341E-001,
8.475270916916918E+008,1.450736389166078E-001,
8.525119569369370E+008,1.475650032080846E-001,
8.574968221821822E+008,1.489102231068352E-001,
8.624816874274274E+008,1.511650168957264E-001,
8.674665526726726E+008,1.503956962518071E-001,
8.724514179179180E+008,1.480984832871915E-001,
8.774362831631632E+008,1.466922024566270E-001,
8.824211484084084E+008,1.450967716837521E-001,
8.874060136536536E+008,1.429545454760132E-001,
8.923908788988990E+008,1.413666455912454E-001,
8.973757441441442E+008,1.391297372429374E-001,
9.023606093893894E+008,1.377688456844276E-001,
9.073454746346346E+008,1.381162510568454E-001,
9.123303398798798E+008,1.383462307490521E-001,
9.173152051251252E+008,1.382452131680997E-001,
9.223000703703704E+008,1.382386538982974E-001,
9.272849356156156E+008,1.391241223747996E-001,
9.322698008608608E+008,1.378123190860787E-001,
9.372546661061062E+008,1.359773998699993E-001,
9.422395313513514E+008,1.349221473312670E-001,
9.472243965965966E+008,1.316053418214731E-001,
9.522092618418418E+008,1.275146696591756E-001,
9.571941270870872E+008,1.226021258585480E-001,
9.621789923323324E+008,1.182853806139389E-001,
9.671638575775776E+008,1.141408630031873E-001,
9.721487228228228E+008,1.108367193338593E-001,
9.771335880680680E+008,1.074923296954332E-001,
9.821184533133134E+008,1.043091458700453E-001,
9.871033185585586E+008,1.011797192744545E-001,
9.920881838038038E+008,1.003433640594195E-001,
9.970730490490490E+008,9.960432390922462E-002,
1.002057914294294E+009,9.876685811819369E-002,
1.007042779539540E+009,9.837136669309043E-002,
1.012027644784785E+009,9.899514983377453E-002,
1.017012510030030E+009,1.004435516331372E-001,
1.021997375275275E+009,1.015664775934236E-001,
1.026982240520521E+009,1.018176534424231E-001,
1.031967105765766E+009,1.022498163641591E-001,
1.036951971011011E+009,1.036126506579057E-001,
1.041936836256256E+009,1.045609426535359E-001,
1.046921701501502E+009,1.041281827055591E-001,
1.051906566746747E+009,1.026639688655075E-001,
1.056891431991992E+009,1.013525995240320E-001,
1.061876297237237E+009,1.001290333992491E-001,
1.066861162482482E+009,9.931432865734842E-002,
1.071846027727728E+009,9.903345238245091E-002,
1.076830892972973E+009,9.943546811894681E-002,
1.081815758218218E+009,9.937903646813914E-002,
1.086800623463464E+009,9.966011335261393E-002,
1.091785488708709E+009,9.987126405685876E-002,
1.096770353953954E+009,1.007809238255381E-001,
1.101755219199199E+009,1.013642508414870E-001,
1.106740084444444E+009,1.025868143759008E-001,
1.111724949689690E+009,1.035263165899237E-001,
1.116709814934935E+009,1.030394172624503E-001,
1.121694680180180E+009,1.019869634180400E-001,
1.126679545425426E+009,1.005304617145142E-001,
1.131664410670671E+009,9.830284805802939E-002,
1.136649275915916E+009,9.663243773250070E-002,
1.141634141161161E+009,9.433609583212030E-002,
1.146619006406406E+009,9.080552894236853E-002,
1.151603871651652E+009,8.816447099895829E-002,
1.156588736896897E+009,8.654375157009417E-002,
1.161573602142142E+009,8.514218513058444E-002,
1.166558467387388E+009,8.500099406772652E-002,
1.171543332632633E+009,8.384751841248037E-002,
1.176528197877878E+009,8.343955002792346E-002,
1.181513063123123E+009,8.340296529431726E-002,
1.186497928368368E+009,8.383349278561328E-002,
1.191482793613614E+009,8.419889273281647E-002,
1.196467658858859E+009,8.476084817563499E-002,
1.201452524104104E+009,8.543770567858368E-002,
1.206437389349349E+009,8.642611407887652E-002,
1.211422254594595E+009,8.657188695323352E-002,
1.216407119839840E+009,8.645226743379419E-002,
1.221391985085085E+009,8.490482456752524E-002,
1.226376850330330E+009,8.387557519999506E-002,
1.231361715575576E+009,8.206176284671683E-002,
1.236346580820821E+009,8.027848989692056E-002,
1.241331446066066E+009,7.874230672008890E-002,
1.246316311311311E+009,7.824641825406839E-002,
1.251301176556557E+009,7.712982062989987E-002,
1.256286041801802E+009,7.551918270711323E-002,
1.261270907047047E+009,7.339892869753727E-002,
1.266255772292292E+009,7.146330463077145E-002,
1.271240637537538E+009,6.996279558204384E-002,
1.276225502782783E+009,6.939145432295617E-002,
1.281210368028028E+009,7.060947355731048E-002,
1.286195233273273E+009,7.213210961433324E-002,
1.291180098518518E+009,7.333785141684436E-002,
1.296164963763764E+009,7.535360379260823E-002,
1.301149829009009E+009,7.651682436515946E-002,
1.306134694254254E+009,7.716157747543259E-002,
1.311119559499500E+009,7.699222372300461E-002,
1.316104424744745E+009,7.666924523212079E-002,
1.321089289989990E+009,7.551853710838154E-002,
1.326074155235235E+009,7.356188369332603E-002,
1.331059020480480E+009,7.182484868386034E-002,
1.336043885725726E+009,7.014128647160794E-002,
1.341028750970971E+009,6.825988303406455E-002,
1.346013616216216E+009,6.707972172445292E-002,
1.350998481461462E+009,6.676371392704364E-002,
1.355983346706707E+009,6.746191551127743E-002,
1.360968211951952E+009,6.921518158229353E-002,
1.365953077197197E+009,7.136675122579675E-002,
1.370937942442442E+009,7.178095099713094E-002,
1.375922807687688E+009,7.269067201871379E-002,
1.380907672932933E+009,7.381901371493066E-002,
1.385892538178178E+009,7.398526231648246E-002,
1.390877403423424E+009,7.298717163882543E-002,
1.395862268668669E+009,7.075004721131965E-002,
1.400847133913914E+009,6.850950031792583E-002,
1.405831999159159E+009,6.640264782520869E-002,
1.410816864404404E+009,6.392713006259693E-002,
1.415801729649650E+009,6.111511507864893E-002,
1.420786594894895E+009,5.950071835172448E-002,
1.425771460140140E+009,5.854731981243133E-002,
1.430756325385386E+009,5.788345038531360E-002,
1.435741190630631E+009,5.762154244704257E-002,
1.440726055875876E+009,5.697051881284652E-002,
1.445710921121121E+009,5.671442731120684E-002,
1.450695786366366E+009,5.613930210905872E-002,
1.455680651611612E+009,5.611547578537946E-002,
1.460665516856857E+009,5.651407848732688E-002,
1.465650382102102E+009,5.713995695629099E-002,
1.470635247347347E+009,5.718672872295707E-002,
1.475620112592593E+009,5.633545415134970E-002,
1.480604977837838E+009,5.559075057300793E-002,
1.485589843083083E+009,5.415516685819203E-002,
1.490574708328328E+009,5.319836378709479E-002,
1.495559573573574E+009,5.218820627579830E-002,
1.500544438818819E+009,5.144681914359487E-002,
1.505529304064064E+009,5.118786874154949E-002,
1.510514169309309E+009,5.044711732422021E-002,
1.515499034554555E+009,4.943057233135455E-002,
1.520483899799800E+009,4.879245374638743E-002,
1.525468765045045E+009,4.869584924241320E-002,
1.530453630290290E+009,4.844166984955865E-002,
1.535438495535536E+009,4.886472789611114E-002,
1.540423360780781E+009,5.002519497797431E-002,
1.545408226026026E+009,5.027024161042510E-002,
1.550393091271271E+009,5.065785551307422E-002,
1.555377956516516E+009,5.168521136330462E-002,
1.560362821761762E+009,5.187328980873510E-002,
1.565347687007007E+009,5.212898016470276E-002,
1.570332552252252E+009,5.225866528890429E-002,
1.575317417497498E+009,5.257152789645023E-002,
1.580302282742743E+009,5.287365341191775E-002,
1.585287147987988E+009,5.327599998176018E-002,
1.590272013233233E+009,5.367741229205868E-002,
1.595256878478478E+009,5.346115368544448E-002,
1.600241743723724E+009,5.316800696172618E-002,
1.605226608968969E+009,5.260513242388720E-002,
1.610211474214214E+009,5.212695408716320E-002,
1.615196339459460E+009,5.127687041274296E-002,
1.620181204704705E+009,5.127950337923223E-002,
1.625166069949950E+009,5.127939504002092E-002,
1.630150935195195E+009,5.120226134835882E-002,
1.635135800440440E+009,5.110590750716641E-002,
1.640120665685686E+009,5.183692194516505E-002,
1.645105530930931E+009,5.182463845684660E-002,
1.650090396176176E+009,5.173402251004958E-002,
1.655075261421422E+009,5.152538664501678E-002,
1.660060126666667E+009,5.038673447184391E-002,
1.665044991911912E+009,4.946705914148710E-002,
1.670029857157157E+009,4.892485389324118E-002,
1.675014722402402E+009,4.872764798926556E-002,
1.679999587647648E+009,4.846516796831361E-002,
1.684984452892893E+009,4.747449341853578E-002,
1.689969318138138E+009,4.574142207025225E-002,
1.694954183383384E+009,4.375343932122908E-002,
1.699939048628629E+009,4.160191915625223E-002,
1.704923913873874E+009,3.927228676808168E-002,
1.709908779119119E+009,3.697060538933810E-002,
1.714893644364364E+009,3.507610810918183E-002,
1.719878509609610E+009,3.310844299126976E-002,
1.724863374854855E+009,3.137875229355935E-002,
1.729848240100100E+009,2.922972312453384E-002,
1.734833105345345E+009,2.667568044471775E-002,
1.739817970590591E+009,2.399183846125546E-002,
1.744802835835836E+009,2.256483922757926E-002,
1.749787701081081E+009,2.233629554092772E-002,
1.754772566326326E+009,2.179756483279058E-002,
1.759757431571572E+009,2.139148688165272E-002,
1.764742296816817E+009,2.079051969275032E-002,
1.769727162062062E+009,2.113441930420449E-002,
1.774712027307307E+009,2.026717761503954E-002,
1.779696892552553E+009,1.960781954697147E-002,
1.784681757797798E+009,1.936421065053317E-002,
1.789666623043043E+009,1.947149233766375E-002,
1.794651488288288E+009,1.952037779952194E-002,
1.799636353533534E+009,1.874162808419591E-002,
1.804621218778779E+009,1.801210895462758E-002,
1.809606084024024E+009,1.716198811348016E-002,
1.814590949269269E+009,1.704302587007345E-002,
1.819575814514514E+009,1.670236143686137E-002,
1.824560679759760E+009,1.670468222288158E-002,
1.829545545005005E+009,1.575038023434191E-002,
1.834530410250250E+009,1.496289651298300E-002,
1.839515275495496E+009,1.425132704459898E-002,
1.844500140740741E+009,1.274639211926495E-002,
1.849485005985986E+009,1.105118031197474E-002,
1.854469871231231E+009,9.005179466514999E-003,
1.859454736476476E+009,7.656047444489507E-003,
1.864439601721722E+009,6.186939108857900E-003,
1.869424466966967E+009,4.871307490123416E-003,
1.874409332212212E+009,3.888786435110013E-003,
1.879394197457458E+009,3.659629638742157E-003,
1.884379062702703E+009,4.415854919609922E-003,
1.889363927947948E+009,5.804750623164980E-003,
1.894348793193193E+009,7.278312641084857E-003,
1.899333658438438E+009,8.757434787846267E-003,
1.904318523683684E+009,9.875350675554775E-003,
1.909303388928929E+009,1.086001865107827E-002,
1.914288254174174E+009,1.181560952556096E-002,
1.919273119419420E+009,1.257988545193712E-002,
1.924257984664665E+009,1.398360375446750E-002,
1.929242849909910E+009,1.441655462898661E-002,
1.934227715155155E+009,1.567042450748470E-002,
1.939212580400400E+009,1.709491421828294E-002,
1.944197445645646E+009,1.820195115820556E-002,
1.949182310890891E+009,1.883698735613376E-002,
1.954167176136136E+009,1.907333245719392E-002,
1.959152041381382E+009,1.897158830451395E-002,
1.964136906626627E+009,1.954401397167925E-002,
1.969121771871872E+009,2.020302156898756E-002,
1.974106637117117E+009,2.081177564644771E-002,
1.979091502362362E+009,2.152928946564190E-002,
1.984076367607608E+009,2.156879083246664E-002,
1.989061232852853E+009,2.193980552529574E-002,
1.994046098098098E+009,2.166700721525879E-002,
1.999030963343343E+009,2.127941118816880E-002,
2.004015828588589E+009,2.092874775347349E-002,
2.009000693833834E+009,2.063812602787740E-002,
2.013985559079079E+009,1.987116665366006E-002,
2.018970424324324E+009,1.953627964152993E-002,
2.023955289569570E+009,1.968336109867160E-002,
2.028940154814815E+009,1.976322533760430E-002,
2.033925020060060E+009,1.932688709736161E-002,
2.038909885305305E+009,1.938925326157117E-002,
2.043894750550551E+009,1.991125790072201E-002,
2.048879615795796E+009,1.974834791186912E-002,
2.053864481041041E+009,1.979162033419423E-002,
2.058849346286286E+009,1.989567511080632E-002,
2.063834211531532E+009,2.041493096807654E-002,
2.068819076776777E+009,2.153623454746141E-002,
2.073803942022022E+009,2.284499644319382E-002,
2.078788807267267E+009,2.469210881733646E-002,
2.083773672512512E+009,2.538939406145733E-002,
2.088758537757758E+009,2.659888053187524E-002,
2.093743403003003E+009,2.768300165998630E-002,
2.098728268248248E+009,2.906488398999106E-002,
2.103713133493494E+009,3.045423510517088E-002,
2.108697998738739E+009,3.187344704918221E-002,
2.113682863983984E+009,3.349764702912905E-002,
2.118667729229229E+009,3.485906208930060E-002,
2.123652594474474E+009,3.553776789279281E-002,
2.128637459719720E+009,3.553721101170090E-002,
2.133622324964965E+009,3.564459246501007E-002,
2.138607190210210E+009,3.553205125250634E-002,
2.143592055455456E+009,3.463702855312825E-002,
2.148576920700701E+009,3.387509295818336E-002,
2.153561785945946E+009,3.251579075270061E-002,
2.158546651191191E+009,3.137510961251561E-002,
2.163531516436437E+009,3.036736821741778E-002,
2.168516381681682E+009,2.945180882594262E-002,
2.173501246926927E+009,2.940425879325876E-002,
2.178486112172172E+009,2.946269213936124E-002,
2.183470977417418E+009,2.959098700772321E-002,
2.188455842662663E+009,2.955850084970823E-002,
2.193440707907908E+009,2.974175888758941E-002,
2.198425573153153E+009,2.969050353644236E-002,
2.203410438398398E+009,3.002188112895451E-002,
2.208395303643644E+009,2.912857803215089E-002,
2.213380168888889E+009,2.870902867676971E-002,
2.218365034134134E+009,2.801665470279355E-002,
2.223349899379379E+009,2.754960395365116E-002,
2.228334764624625E+009,2.656059219258857E-002,
2.233319629869870E+009,2.585376891765406E-002,
2.238304495115115E+009,2.508562657101412E-002,
2.243289360360360E+009,2.430540700997094E-002,
2.248274225605606E+009,2.354989061041159E-002,
2.253259090850851E+009,2.272453161318441E-002,
2.258243956096096E+009,2.149138835624427E-002,
2.263228821341342E+009,2.043882783273319E-002,
2.268213686586587E+009,1.923916322248338E-002,
2.273198551831832E+009,1.873071733371912E-002,
2.278183417077077E+009,1.794897490168523E-002,
2.283168282322322E+009,1.739648268859624E-002,
2.288153147567567E+009,1.666736937088204E-002,
2.293138012812813E+009,1.587779095164260E-002,
2.298122878058058E+009,1.545763680642360E-002,
2.303107743303303E+009,1.475199103768388E-002,
2.308092608548549E+009,1.540392983613843E-002,
2.313077473793794E+009,1.496886536526425E-002,
2.318062339039039E+009,1.567996105532315E-002,
2.323047204284284E+009,1.556513617037327E-002,
2.328032069529530E+009,1.508918396077678E-002,
2.333016934774775E+009,1.492362566810217E-002,
2.338001800020020E+009,1.587826789273701E-002,
2.342986665265266E+009,1.817779738947842E-002,
2.347971530510510E+009,1.940476629539512E-002,
2.352956395755756E+009,2.066764404446398E-002,
2.357941261001001E+009,2.190251934811985E-002,
2.362926126246246E+009,2.279978362208154E-002,
2.367910991491491E+009,2.345882518269300E-002,
2.372895856736737E+009,2.448024964806215E-002,
2.377880721981982E+009,2.570258439764404E-002,
2.382865587227227E+009,2.609028978286505E-002,
2.387850452472473E+009,2.704185727351697E-002,
2.392835317717718E+009,2.823525167328094E-002,
2.397820182962963E+009,2.885002251387240E-002,
2.402805048208208E+009,2.940886174217770E-002,
2.407789913453454E+009,2.969027532732888E-002,
2.412774778698699E+009,2.977666545600317E-002,
2.417759643943944E+009,3.021975515348986E-002,
2.422744509189189E+009,2.920951031530330E-002,
2.427729374434434E+009,2.954748589235082E-002,
2.432714239679680E+009,2.912181738896612E-002,
2.437699104924925E+009,2.893815092927227E-002,
2.442683970170170E+009,2.795557644456742E-002,
2.447668835415415E+009,2.671820717204927E-002,
2.452653700660661E+009,2.525553608240555E-002,
2.457638565905906E+009,2.393184254802615E-002,
2.462623431151151E+009,2.240113459605029E-002,
2.467608296396397E+009,2.139708547547317E-002,
2.472593161641642E+009,2.032647803808153E-002,
2.477578026886887E+009,1.958287193399068E-002,
2.482562892132132E+009,1.778058097743900E-002,
2.487547757377378E+009,1.578743974012993E-002,
2.492532622622623E+009,1.363662316742361E-002,
2.497517487867868E+009,1.175056916391358E-002,
2.502502353113113E+009,1.060345261753613E-002,
2.507487218358358E+009,9.802236399911546E-003,
2.512472083603604E+009,8.467957825694020E-003,
2.517456948848849E+009,7.030023734162231E-003,
2.522441814094094E+009,5.567559091571689E-003,
2.527426679339339E+009,3.900175922038058E-003,
2.532411544584585E+009,2.466360692620477E-003,
2.537396409829830E+009,1.982236228358114E-003,
2.542381275075075E+009,2.902309225862580E-003,
2.547366140320320E+009,4.041814020281104E-003,
2.552351005565566E+009,5.143801598661465E-003,
2.557335870810811E+009,6.226106277575977E-003,
2.562320736056056E+009,7.047467201228732E-003,
2.567305601301302E+009,7.683884412021333E-003,
2.572290466546547E+009,8.275766051724875E-003,
2.577275331791792E+009,9.081751911620370E-003,
2.582260197037037E+009,9.871709326842192E-003,
2.587245062282282E+009,1.040202913846871E-002,
2.592229927527527E+009,1.076131523706713E-002,
2.597214792772773E+009,1.085851160738205E-002,
2.602199658018018E+009,1.072664579375499E-002,
2.607184523263263E+009,1.061164203059786E-002,
2.612169388508509E+009,1.028709529023090E-002,
2.617154253753754E+009,9.957628292782603E-003,
2.622139118998999E+009,9.519396136960935E-003,
2.627123984244244E+009,8.864176290338907E-003,
2.632108849489490E+009,8.603244784135966E-003,
2.637093714734735E+009,8.320302460735920E-003,
2.642078579979980E+009,7.865314555887324E-003,
2.647063445225225E+009,7.200521587513280E-003,
2.652048310470470E+009,6.491531619546195E-003,
2.657033175715716E+009,5.571178311411252E-003,
2.662018040960961E+009,4.699628272840682E-003,
2.667002906206206E+009,4.012161981576177E-003,
2.671987771451451E+009,3.551889994050319E-003,
2.676972636696697E+009,3.087827844819673E-003,
2.681957501941942E+009,2.781240473455321E-003,
2.686942367187187E+009,2.737785504444225E-003,
2.691927232432433E+009,2.899201783268998E-003,
2.696912097677678E+009,3.047386875314567E-003,
2.701896962922923E+009,3.259419832800922E-003,
2.706881828168168E+009,3.586220919944062E-003,
2.711866693413414E+009,4.133617752197614E-003,
2.716851558658659E+009,4.851805349728382E-003,
2.721836423903904E+009,5.591130063644971E-003,
2.726821289149149E+009,6.426729908369639E-003,
2.731806154394394E+009,7.168097360545618E-003,
2.736791019639640E+009,7.670475324595486E-003,
2.741775884884885E+009,8.259191833936679E-003,
2.746760750130130E+009,8.541963885196319E-003,
2.751745615375375E+009,8.900975420811960E-003,
2.756730480620621E+009,9.132106843096946E-003,
2.761715345865866E+009,9.363897976914715E-003,
2.766700211111111E+009,9.823520980663855E-003,
2.771685076356356E+009,1.021004670403558E-002,
2.776669941601602E+009,1.054322692182155E-002,
2.781654806846847E+009,1.062784162773330E-002,
2.786639672092092E+009,1.063357514940476E-002,
2.791624537337338E+009,1.056073403247318E-002,
2.796609402582583E+009,1.015313964826736E-002,
2.801594267827828E+009,9.830623727881986E-003,
2.806579133073073E+009,9.642218625394067E-003,
2.811563998318318E+009,9.564970151623161E-003,
2.816548863563564E+009,9.610992002347956E-003,
2.821533728808809E+009,9.726608041080477E-003,
2.826518594054054E+009,9.760525456843902E-003,
2.831503459299299E+009,9.888439267200828E-003,
2.836488324544545E+009,1.024224298493742E-002,
2.841473189789790E+009,1.048054823392773E-002,
2.846458055035035E+009,1.063295947071073E-002,
2.851442920280280E+009,1.090248555616463E-002,
2.856427785525526E+009,1.125382262606050E-002,
2.861412650770771E+009,1.166637410674631E-002,
2.866397516016016E+009,1.229634353378876E-002,
2.871382381261262E+009,1.340533834471341E-002,
2.876367246506506E+009,1.419284444162548E-002,
2.881352111751752E+009,1.512969364359964E-002,
2.886336976996997E+009,1.577975355899236E-002,
2.891321842242242E+009,1.582277680559460E-002,
2.896306707487487E+009,1.574211130469995E-002,
2.901291572732733E+009,1.553249171643375E-002,
2.906276437977978E+009,1.584677854391915E-002,
2.911261303223223E+009,1.552482037511375E-002,
2.916246168468469E+009,1.666844617205803E-002,
2.921231033713714E+009,1.739911062476474E-002,
2.926215898958959E+009,1.830713283114989E-002,
2.931200764204204E+009,1.809188406610508E-002,
2.936185629449450E+009,1.887940284648883E-002,
2.941170494694695E+009,1.832666844764565E-002,
2.946155359939940E+009,1.878985410493072E-002,
2.951140225185185E+009,1.913741490632345E-002,
2.956125090430430E+009,1.940060541317554E-002,
2.961109955675676E+009,1.945653185251469E-002,
2.966094820920921E+009,2.054833196269645E-002,
2.971079686166166E+009,2.029645960666533E-002,
2.976064551411411E+009,2.045814606667555E-002,
2.981049416656657E+009,1.935022691719388E-002,
2.986034281901902E+009,1.813979496641965E-002,
2.991019147147147E+009,1.761453399495806E-002,
2.996004012392393E+009,1.739793409151681E-002,
3.000988877637638E+009,1.689767977152840E-002,
3.005973742882883E+009,1.638031120021785E-002,
3.010958608128128E+009,1.588689139742818E-002,
3.015943473373374E+009,1.524773662859555E-002,
3.020928338618619E+009,1.535062324090319E-002,
3.025913203863864E+009,1.551537922947297E-002,
3.030898069109109E+009,1.617913042181026E-002,
3.035882934354354E+009,1.652549064178444E-002,
3.040867799599600E+009,1.687932582582301E-002,
3.045852664844845E+009,1.791201957256712E-002,
3.050837530090090E+009,1.871078978962557E-002,
3.055822395335335E+009,1.882143770054405E-002,
3.060807260580581E+009,2.003704673304768E-002,
3.065792125825826E+009,2.070492477749783E-002,
3.070776991071071E+009,2.148417180866402E-002,
3.075761856316316E+009,2.134301057840877E-002,
3.080746721561562E+009,2.189062600591974E-002,
3.085731586806807E+009,2.150905399292846E-002,
3.090716452052052E+009,2.207677337368902E-002,
3.095701317297298E+009,2.203628964596964E-002,
3.100686182542543E+009,2.165193145404870E-002,
3.105671047787788E+009,2.129057580081831E-002,
3.110655913033033E+009,2.106585680973975E-002,
3.115640778278278E+009,2.116652816445218E-002,
3.120625643523523E+009,2.063023365715159E-002,
3.125610508768769E+009,2.153671050346048E-002,
3.130595374014014E+009,2.167495172605173E-002,
3.135580239259259E+009,2.242408558755130E-002,
3.140565104504505E+009,2.234197366517852E-002,
3.145549969749750E+009,2.370240816120797E-002,
3.150534834994995E+009,2.340120351499565E-002,
3.155519700240240E+009,2.415524981697708E-002,
3.160504565485486E+009,2.409203950393839E-002,
3.165489430730731E+009,2.409134108714222E-002,
3.170474295975976E+009,2.478399872322635E-002,
3.175459161221221E+009,2.476835835101513E-002,
3.180444026466466E+009,2.554728364362248E-002,
3.185428891711712E+009,2.513190588609465E-002,
3.190413756956957E+009,2.432340012690392E-002,
3.195398622202202E+009,2.337364721753561E-002,
3.200383487447447E+009,2.299311399832082E-002,
3.205368352692693E+009,2.217219297416426E-002,
3.210353217937938E+009,2.146143801101744E-002,
3.215338083183183E+009,2.163615929613534E-002,
3.220322948428429E+009,2.132206103349678E-002,
3.225307813673674E+009,2.118270550169684E-002,
3.230292678918919E+009,2.053585161835377E-002,
3.235277544164164E+009,1.976941183874383E-002,
3.240262409409410E+009,1.976533316638449E-002,
3.245247274654655E+009,1.970628324232955E-002,
3.250232139899900E+009,1.967295242682566E-002,
3.255217005145145E+009,2.019365131182969E-002,
3.260201870390390E+009,2.088678254869667E-002,
3.265186735635636E+009,2.056125356999614E-002,
3.270171600880881E+009,2.040019812862400E-002,
3.275156466126126E+009,2.071706263381352E-002,
3.280141331371371E+009,2.136614120746867E-002,
3.285126196616617E+009,2.074239894092888E-002,
3.290111061861862E+009,2.064594596825092E-002,
3.295095927107107E+009,2.130814158704336E-002,
3.300080792352352E+009,2.233841843098632E-002,
3.305065657597598E+009,2.173366985550709E-002,
3.310050522842843E+009,2.163750137474307E-002,
3.315035388088088E+009,2.135366518895606E-002,
3.320020253333334E+009,2.188584603063626E-002,
3.325005118578579E+009,2.191892821052852E-002,
3.329989983823824E+009,2.255079255390712E-002,
3.334974849069069E+009,2.300728784923988E-002,
3.339959714314314E+009,2.316348620954259E-002,
3.344944579559560E+009,2.282546013777257E-002,
3.349929444804805E+009,2.250933665648705E-002,
3.354914310050050E+009,2.305194485403070E-002,
3.359899175295295E+009,2.287496731363388E-002,
3.364884040540541E+009,2.293844392166918E-002,
3.369868905785786E+009,2.329478974786750E-002,
3.374853771031031E+009,2.312738329295276E-002,
3.379838636276276E+009,2.298768084451603E-002,
3.384823501521522E+009,2.348161552692621E-002,
3.389808366766767E+009,2.392711146986144E-002,
3.394793232012012E+009,2.337613206594759E-002,
3.399778097257258E+009,2.341672189927265E-002,
3.404762962502502E+009,2.340880738804373E-002,
3.409747827747748E+009,2.267497242857296E-002,
3.414732692992993E+009,2.212099167624341E-002,
3.419717558238238E+009,2.261316336266466E-002,
3.424702423483483E+009,2.154552326942703E-002,
3.429687288728729E+009,2.119046693730861E-002,
3.434672153973974E+009,1.993262854972307E-002,
3.439657019219219E+009,1.989082809869040E-002,
3.444641884464465E+009,1.848143906288681E-002,
3.449626749709710E+009,1.817949948865327E-002,
3.454611614954955E+009,1.828563305032962E-002,
3.459596480200200E+009,1.785481555300550E-002,
3.464581345445446E+009,1.698884871922735E-002,
3.469566210690691E+009,1.673582521301284E-002,
3.474551075935936E+009,1.710252972969270E-002,
3.479535941181181E+009,1.639490559932431E-002,
3.484520806426426E+009,1.658918871233346E-002,
3.489505671671672E+009,1.637842848864080E-002,
3.494490536916917E+009,1.607399033761342E-002,
3.499475402162162E+009,1.533698543459739E-002,
3.504460267407407E+009,1.600538004641136E-002,
3.509445132652653E+009,1.569556469961865E-002,
3.514429997897898E+009,1.579919073186130E-002,
3.519414863143143E+009,1.563907389258759E-002,
3.524399728388389E+009,1.507432138766747E-002,
3.529384593633634E+009,1.478419004347639E-002,
3.534369458878879E+009,1.389891832656321E-002,
3.539354324124124E+009,1.347858493321794E-002,
3.544339189369370E+009,1.425946680167689E-002,
3.549324054614615E+009,1.383587245290071E-002,
3.554308919859860E+009,1.392101048591709E-002,
3.559293785105105E+009,1.417279649759078E-002,
3.564278650350350E+009,1.453598737085085E-002,
3.569263515595596E+009,1.488480642277579E-002,
3.574248380840841E+009,1.533535533269398E-002,
3.579233246086086E+009,1.566089322231428E-002,
3.584218111331331E+009,1.580063183250240E-002,
3.589202976576577E+009,1.600801317762846E-002,
3.594187841821822E+009,1.641765569681679E-002,
3.599172707067067E+009,1.627838933270533E-002,
3.604157572312312E+009,1.614232688948713E-002,
3.609142437557558E+009,1.621481027795455E-002,
3.614127302802803E+009,1.629451424423775E-002,
3.619112168048048E+009,1.573499795795461E-002,
3.624097033293294E+009,1.528349463292344E-002,
3.629081898538539E+009,1.530982475357157E-002,
3.634066763783784E+009,1.543596146493312E-002,
3.639051629029029E+009,1.463230865161603E-002,
3.644036494274274E+009,1.360651503150283E-002,
3.649021359519519E+009,1.386115655149814E-002,
3.654006224764765E+009,1.364913680001619E-002,
3.658991090010010E+009,1.367627503673435E-002,
3.663975955255255E+009,1.359190220067427E-002,
3.668960820500501E+009,1.369793085696423E-002,
3.673945685745746E+009,1.350158943991248E-002,
3.678930550990991E+009,1.344761001097230E-002,
3.683915416236236E+009,1.330815726259913E-002,
3.688900281481482E+009,1.313124901764622E-002,
3.693885146726727E+009,1.311968537492002E-002,
3.698870011971972E+009,1.297504620089984E-002,
3.703854877217217E+009,1.278972711124630E-002,
3.708839742462462E+009,1.239006123965556E-002,
3.713824607707708E+009,1.204859097792352E-002,
3.718809472952953E+009,1.168995332143165E-002,
3.723794338198198E+009,1.138897829829689E-002,
3.728779203443443E+009,1.129956305892896E-002,
3.733764068688689E+009,1.106602746435634E-002,
3.738748933933934E+009,1.100022289115088E-002,
3.743733799179179E+009,1.085700336124862E-002,
3.748718664424425E+009,1.066171861794791E-002,
3.753703529669670E+009,1.046974160720091E-002,
3.758688394914915E+009,1.028301578741359E-002,
3.763673260160160E+009,1.014780246249987E-002,
3.768658125405406E+009,1.019588262225709E-002,
3.773642990650651E+009,1.034575648961614E-002,
3.778627855895896E+009,1.046441298095737E-002,
3.783612721141141E+009,1.045240183018625E-002,
3.788597586386386E+009,1.059280822710999E-002,
3.793582451631632E+009,1.079001468030697E-002,
3.798567316876877E+009,1.099062183851632E-002,
3.803552182122122E+009,1.119950049400817E-002,
3.808537047367367E+009,1.134488281907939E-002,
3.813521912612613E+009,1.152719292730117E-002,
3.818506777857858E+009,1.144331955614471E-002,
3.823491643103103E+009,1.153050952010240E-002,
3.828476508348349E+009,1.136843133502154E-002,
3.833461373593594E+009,1.128394690950365E-002,
3.838446238838839E+009,1.134557344786910E-002,
3.843431104084084E+009,1.137483532971548E-002,
3.848415969329330E+009,1.146591130657556E-002,
3.853400834574575E+009,1.170311317461078E-002,
3.858385699819820E+009,1.193430307447730E-002,
3.863370565065065E+009,1.206792134588824E-002,
3.868355430310310E+009,1.214361638963226E-002,
3.873340295555556E+009,1.221775053386992E-002,
3.878325160800801E+009,1.234791288594990E-002,
3.883310026046046E+009,1.227224651697736E-002,
3.888294891291291E+009,1.229569449325827E-002,
3.893279756536537E+009,1.220595827534970E-002,
3.898264621781782E+009,1.208839342643553E-002,
3.903249487027027E+009,1.209664688407651E-002,
3.908234352272272E+009,1.199972140995088E-002,
3.913219217517518E+009,1.166746140844112E-002,
3.918204082762763E+009,1.125242857129844E-002,
3.923188948008008E+009,1.090495287181707E-002,
3.928173813253254E+009,1.044466751190059E-002,
3.933158678498498E+009,1.029769867851358E-002,
3.938143543743744E+009,1.025477030103295E-002,
3.943128408988989E+009,1.029790713964856E-002,
3.948113274234234E+009,1.023656963361204E-002,
3.953098139479479E+009,1.031641744548113E-002,
3.958083004724725E+009,1.019540472629765E-002,
3.963067869969970E+009,1.034367085740852E-002,
3.968052735215215E+009,1.031863718177388E-002,
3.973037600460461E+009,1.042164631451873E-002,
3.978022465705706E+009,1.055012639226426E-002,
3.983007330950951E+009,1.085090479857505E-002,
3.987992196196196E+009,1.087307289614227E-002,
3.992977061441442E+009,1.066165502717968E-002,
3.997961926686687E+009,1.026357828646119E-002,
4.002946791931932E+009,9.798280793464936E-003,
4.007931657177177E+009,9.448568913865359E-003,
4.012916522422422E+009,9.032025679629914E-003,
4.017901387667668E+009,8.700215274741439E-003,
4.022886252912913E+009,8.679102233310762E-003,
4.027871118158158E+009,8.623914788717475E-003,
4.032855983403403E+009,8.720778878919724E-003,
4.037840848648649E+009,8.751465654154026E-003,
4.042825713893894E+009,8.903684495913528E-003,
4.047810579139139E+009,9.059717987550547E-003,
4.052795444384385E+009,9.372144570689120E-003,
4.057780309629630E+009,9.711520728638207E-003,
4.062765174874875E+009,1.009530669890103E-002,
4.067750040120120E+009,1.026160479911180E-002,
4.072734905365366E+009,1.025742400508820E-002,
4.077719770610611E+009,1.018659749420734E-002,
4.082704635855856E+009,1.014359766542888E-002,
4.087689501101101E+009,1.003684053609220E-002,
4.092674366346346E+009,1.002407896362314E-002,
4.097659231591592E+009,9.787644276295878E-003,
4.102644096836837E+009,9.606066476597690E-003,
4.107628962082082E+009,9.279931034841440E-003,
4.112613827327327E+009,8.905010606051981E-003,
4.117598692572573E+009,8.684492251884401E-003,
4.122583557817818E+009,8.474123995984755E-003,
4.127568423063063E+009,8.398188193383539E-003,
4.132553288308308E+009,8.444359882179104E-003,
4.137538153553554E+009,8.456427148414531E-003,
4.142523018798799E+009,8.682263080398439E-003,
4.147507884044044E+009,8.925190540188581E-003,
4.152492749289290E+009,9.050477496509718E-003,
4.157477614534535E+009,9.212400080672986E-003,
4.162462479779780E+009,9.277719097299733E-003,
4.167447345025025E+009,9.333190232541287E-003,
4.172432210270270E+009,9.372464395549559E-003,
4.177417075515515E+009,9.371389402219564E-003,
4.182401940760761E+009,9.394987234751288E-003,
4.187386806006006E+009,9.246527481194916E-003,
4.192371671251251E+009,9.176495470764367E-003,
4.197356536496497E+009,9.012489475343031E-003,
4.202341401741742E+009,8.700250178322596E-003,
4.207326266986987E+009,8.282550786374746E-003,
4.212311132232232E+009,7.844006196400367E-003,
4.217295997477478E+009,7.608460316072451E-003,
4.222280862722723E+009,7.524502337065696E-003,
4.227265727967968E+009,7.480624471658549E-003,
4.232250593213213E+009,7.498349651109563E-003,
4.237235458458458E+009,7.525145837007943E-003,
4.242220323703704E+009,7.418605418862479E-003,
4.247205188948949E+009,7.355674668235035E-003,
4.252190054194194E+009,7.212643800342976E-003,
4.257174919439439E+009,7.184139203344578E-003,
4.262159784684685E+009,7.249293828734554E-003,
4.267144649929930E+009,7.197034987170536E-003,
4.272129515175175E+009,7.020594807461944E-003,
4.277114380420421E+009,6.843766539703028E-003,
4.282099245665666E+009,6.478542024034138E-003,
4.287084110910911E+009,6.369525314447520E-003,
4.292068976156156E+009,6.234102279424704E-003,
4.297053841401402E+009,6.237510263645278E-003,
4.302038706646647E+009,6.193447035509434E-003,
4.307023571891892E+009,6.177884079205161E-003,
4.312008437137137E+009,6.150719888290860E-003,
4.316993302382382E+009,6.202193072532379E-003,
4.321978167627627E+009,6.153160330729848E-003,
4.326963032872873E+009,6.180586555627878E-003,
4.331947898118118E+009,6.003574813760402E-003,
4.336932763363363E+009,5.903754795788333E-003,
4.341917628608608E+009,5.698912628277421E-003,
4.346902493853854E+009,5.452608971947963E-003,
4.351887359099099E+009,5.378893132834560E-003,
4.356872224344344E+009,5.251191312753994E-003,
4.361857089589590E+009,5.196517853486034E-003,
4.366841954834835E+009,5.188923674592824E-003,
4.371826820080080E+009,5.296861510906023E-003,
4.376811685325325E+009,5.193284180931845E-003,
4.381796550570571E+009,5.285911458586548E-003,
4.386781415815816E+009,5.417842709831263E-003,
4.391766281061061E+009,5.589346511874906E-003,
4.396751146306306E+009,5.959979835249831E-003,
4.401736011551552E+009,6.140982286861821E-003,
4.406720876796797E+009,6.468842652146120E-003,
4.411705742042042E+009,6.566421508141621E-003,
4.416690607287288E+009,6.780196534252825E-003,
4.421675472532533E+009,6.900927619136688E-003,
4.426660337777778E+009,6.930450320049771E-003,
4.431645203023023E+009,6.948216582836266E-003,
4.436630068268269E+009,6.892448496637563E-003,
4.441614933513514E+009,6.768484324181892E-003,
4.446599798758759E+009,6.681083265939950E-003,
4.451584664004005E+009,6.625836256225106E-003,
4.456569529249250E+009,6.617767647727139E-003,
4.461554394494494E+009,6.667695545924501E-003,
4.466539259739739E+009,6.724997999546520E-003,
4.471524124984985E+009,6.972139210785720E-003,
4.476508990230230E+009,7.077651542771457E-003,
4.481493855475475E+009,7.533786207564170E-003,
4.486478720720720E+009,7.880213646273218E-003,
4.491463585965966E+009,8.243938599088018E-003,
4.496448451211211E+009,8.562271364890092E-003,
4.501433316456456E+009,8.806247742817670E-003,
4.506418181701702E+009,8.904848081561794E-003,
4.511403046946947E+009,8.944596088232884E-003,
4.516387912192192E+009,8.994939133558304E-003,
4.521372777437437E+009,8.701735541746490E-003,
4.526357642682683E+009,8.391416193524954E-003,
4.531342507927928E+009,8.329159109284385E-003,
4.536327373173173E+009,8.017719426753979E-003,
4.541312238418419E+009,7.747392199719053E-003,
4.546297103663664E+009,7.470282827384361E-003,
4.551281968908909E+009,7.272827899057584E-003,
4.556266834154154E+009,7.158840451080003E-003,
4.561251699399400E+009,7.073176142823008E-003,
4.566236564644645E+009,7.035435240233636E-003,
4.571221429889890E+009,7.156087264212432E-003,
4.576206295135135E+009,7.389549388191604E-003,
4.581191160380381E+009,7.795058451331880E-003,
4.586176025625626E+009,7.981492712380835E-003,
4.591160890870871E+009,8.323583401739354E-003,
4.596145756116117E+009,8.619542830597978E-003,
4.601130621361362E+009,9.020081081019638E-003,
4.606115486606607E+009,9.270803150441452E-003,
4.611100351851852E+009,9.281993767018911E-003,
4.616085217097097E+009,9.268986184335930E-003,
4.621070082342342E+009,9.303244099239078E-003,
4.626054947587587E+009,9.135937351427053E-003,
4.631039812832833E+009,9.012665605793547E-003,
4.636024678078078E+009,8.578534128400343E-003,
4.641009543323323E+009,8.415246015486032E-003,
4.645994408568568E+009,8.153784414114781E-003,
4.650979273813814E+009,7.958928396643260E-003,
4.655964139059059E+009,7.701554689980190E-003,
4.660949004304304E+009,7.598708613779923E-003,
4.665933869549550E+009,7.435180908930136E-003,
4.670918734794795E+009,7.392419293659470E-003,
4.675903600040040E+009,7.440231645998240E-003,
4.680888465285285E+009,7.609482906769578E-003,
4.685873330530531E+009,7.855526381769382E-003,
4.690858195775776E+009,8.005859371340842E-003,
4.695843061021021E+009,8.273544943098597E-003,
4.700827926266266E+009,8.487886356587001E-003,
4.705812791511512E+009,8.602558324829488E-003,
4.710797656756757E+009,8.622102351126868E-003,
4.715782522002002E+009,8.382954977733977E-003,
4.720767387247248E+009,8.190069995641685E-003,
4.725752252492493E+009,7.770840808296342E-003,
4.730737117737738E+009,7.516449652029720E-003,
4.735721982982983E+009,7.269853052583231E-003,
4.740706848228229E+009,7.102213753568846E-003,
4.745691713473474E+009,6.857619676897173E-003,
4.750676578718719E+009,6.574436496740746E-003,
4.755661443963965E+009,6.404349504045110E-003,
4.760646309209209E+009,6.276649453248425E-003,
4.765631174454454E+009,6.196722597463470E-003,
4.770616039699699E+009,6.315640334921283E-003,
4.775600904944945E+009,6.287821471724658E-003,
4.780585770190190E+009,6.526888435557756E-003,
4.785570635435435E+009,6.651106922666519E-003,
4.790555500680680E+009,6.889103401107895E-003,
4.795540365925926E+009,7.218544413455590E-003,
4.800525231171171E+009,7.441389189229777E-003,
4.805510096416416E+009,7.885279301049765E-003,
4.810494961661662E+009,8.106201902704929E-003,
4.815479826906907E+009,8.287236730722429E-003,
4.820464692152152E+009,8.364022515012105E-003,
4.825449557397397E+009,8.313659309942177E-003,
4.830434422642643E+009,8.177191766600603E-003,
4.835419287887888E+009,7.966884665973813E-003,
4.840404153133133E+009,7.816795921891381E-003,
4.845389018378379E+009,7.640809095109644E-003,
4.850373883623624E+009,7.551096389147168E-003,
4.855358748868869E+009,7.412327778563542E-003,
4.860343614114114E+009,7.479720116574488E-003,
4.865328479359360E+009,7.416366810125091E-003,
4.870313344604605E+009,7.378046979064622E-003,
4.875298209849850E+009,7.419050619375674E-003,
4.880283075095095E+009,7.444570479082247E-003,
4.885267940340341E+009,7.624375075281692E-003,
4.890252805585586E+009,7.853785672989151E-003,
4.895237670830831E+009,8.084708707452429E-003,
4.900222536076077E+009,8.360119866398596E-003,
4.905207401321322E+009,8.627275221849085E-003,
4.910192266566567E+009,8.985837139797656E-003,
4.915177131811811E+009,9.306370909640867E-003,
4.920161997057057E+009,9.438948123339067E-003,
4.925146862302302E+009,9.681733450368346E-003,
4.930131727547547E+009,9.681328476180457E-003,
4.935116592792793E+009,9.616981659377836E-003,
4.940101458038038E+009,9.552301911906804E-003,
4.945086323283283E+009,9.370847429975697E-003,
4.950071188528528E+009,9.227903751391315E-003,
4.955056053773774E+009,8.972914597713759E-003,
4.960040919019019E+009,8.833625610460591E-003,
4.965025784264264E+009,8.497489592390873E-003,
4.970010649509509E+009,8.405474826389335E-003,
4.974995514754755E+009,8.250248597804938E-003,
4.979980380000000E+009,8.038063696990670E-003,
