% Version 1.00
%
% Ref Impedances: Z01: 50, Z02: 50
% 
%freq[Hz];Trc1_S21[U];
1.000000000000000E+005,4.789549998814530E-006,
5.084865245245245E+006,4.445926010557258E-004,
1.006973049049049E+007,9.157816323448893E-004,
1.505459573573574E+007,1.770032948238920E-003,
2.003946098098098E+007,2.392865832441691E-003,
2.502432622622623E+007,3.401418904876846E-003,
3.000919147147147E+007,4.775782103665594E-003,
3.499405671671671E+007,8.442776191932273E-003,
3.997892196196196E+007,1.667542921242522E-002,
4.496378720720721E+007,7.569752946501450E-002,
4.994865245245245E+007,4.246587169618566E-002,
5.493351769769770E+007,2.359706420576332E-002,
5.991838294294295E+007,1.880096090945396E-002,
6.490324818818819E+007,1.374838170970129E-002,
6.988811343343343E+007,1.148896667628131E-002,
7.487297867867868E+007,9.776279170670104E-003,
7.985784392392393E+007,8.826951064765731E-003,
8.484270916916917E+007,9.568746364090592E-003,
8.982757441441442E+007,1.008515435032050E-002,
9.481243965965965E+007,1.086557610952729E-002,
9.979730490490490E+007,1.206599986689522E-002,
1.047821701501502E+008,1.353602050294167E-002,
1.097670353953954E+008,1.600434993344779E-002,
1.147519006406407E+008,1.847370921517328E-002,
1.197367658858859E+008,2.112324739770746E-002,
1.247216311311311E+008,2.494393739303321E-002,
1.297064963763764E+008,2.999564554175863E-002,
1.346913616216216E+008,3.800097969084865E-002,
1.396762268668669E+008,5.138187138417317E-002,
1.446610921121121E+008,7.544305953566263E-002,
1.496459573573574E+008,1.313853830236697E-001,
1.546308226026026E+008,2.345234574918135E-001,
1.596156878478479E+008,1.665055920423284E-001,
1.646005530930931E+008,1.115769264762802E-001,
1.695854183383384E+008,9.039776673246758E-002,
1.745702835835836E+008,6.358991013577120E-002,
1.795551488288288E+008,3.084182725004369E-002,
1.845400140740741E+008,1.739502925780087E-002,
1.895248793193193E+008,1.267711413426319E-002,
1.945097445645646E+008,9.967688856342236E-003,
1.994946098098098E+008,8.576709888500662E-003,
2.044794750550551E+008,6.940608948611242E-003,
2.094643403003003E+008,5.662724772260962E-003,
2.144492055455456E+008,5.341696992627138E-003,
2.194340707907908E+008,5.854168474825077E-003,
2.244189360360360E+008,7.214757094840382E-003,
2.294038012812813E+008,9.525326166496954E-003,
2.343886665265265E+008,1.368169793876117E-002,
2.393735317717718E+008,1.864997403373179E-002,
2.443583970170170E+008,2.528695199702884E-002,
2.493432622622623E+008,3.536491336438638E-002,
2.543281275075075E+008,5.121482737372751E-002,
2.593129927527528E+008,7.977799188998110E-002,
2.642978579979980E+008,1.383379468241782E-001,
2.692827232432432E+008,2.490744393394871E-001,
2.742675884884885E+008,2.086244448901120E-001,
2.792524537337337E+008,1.280674395661610E-001,
2.842373189789790E+008,8.942411530191961E-002,
2.892221842242242E+008,6.919727366959227E-002,
2.942070494694695E+008,5.595119220712119E-002,
2.991919147147147E+008,4.678356274422665E-002,
3.041767799599600E+008,4.005800473915658E-002,
3.091616452052052E+008,3.547289460071664E-002,
3.141465104504505E+008,3.139012741020975E-002,
3.191313756956957E+008,2.627011287189782E-002,
3.241162409409409E+008,2.274920269918318E-002,
3.291011061861862E+008,1.978691730757675E-002,
3.340859714314314E+008,1.707131561632621E-002,
3.390708366766767E+008,1.460507741823585E-002,
3.440557019219219E+008,1.243314065276979E-002,
3.490405671671672E+008,1.074259948742128E-002,
3.540254324124124E+008,9.380633574895343E-003,
3.590102976576577E+008,8.404474315827554E-003,
3.639951629029029E+008,7.326392791484500E-003,
3.689800281481482E+008,6.755933420092446E-003,
3.739648933933934E+008,6.696556486792834E-003,
3.789497586386386E+008,6.531518046667569E-003,
3.839346238838839E+008,7.159025020549440E-003,
3.889194891291291E+008,8.123103276138820E-003,
3.939043543743744E+008,9.044285693347406E-003,
3.988892196196196E+008,9.466892835112309E-003,
4.038740848648649E+008,1.005910911427891E-002,
4.088589501101101E+008,1.047995527561379E-002,
4.138438153553554E+008,1.102782571013642E-002,
4.188286806006006E+008,1.192303385405394E-002,
4.238135458458459E+008,1.238372338419017E-002,
4.287984110910911E+008,1.310990911562748E-002,
4.337832763363363E+008,1.385836048314846E-002,
4.387681415815816E+008,1.402696212015133E-002,
4.437530068268268E+008,1.423776633730099E-002,
4.487378720720721E+008,1.404194550597543E-002,
4.537227373173173E+008,1.475057322995932E-002,
4.587076025625626E+008,1.564374504559614E-002,
4.636924678078078E+008,1.695207926111688E-002,
4.686773330530531E+008,1.835133402786393E-002,
4.736621982982983E+008,2.047826322595717E-002,
4.786470635435436E+008,2.259161444849421E-002,
4.836319287887888E+008,2.478143637941549E-002,
4.886167940340340E+008,2.721368812465068E-002,
4.936016592792793E+008,2.974320958730563E-002,
4.985865245245245E+008,3.188218383290944E-002,
5.035713897697698E+008,3.367723710896605E-002,
5.085562550150150E+008,3.495530215233873E-002,
5.135411202602603E+008,3.601323629479750E-002,
5.185259855055055E+008,3.640508723540410E-002,
5.235108507507508E+008,3.618457524944933E-002,
5.284957159959960E+008,3.638496854736077E-002,
5.334805812412412E+008,3.677376039271344E-002,
5.384654464864864E+008,3.729233086853798E-002,
5.434503117317318E+008,3.906845611883707E-002,
5.484351769769770E+008,4.110874846677558E-002,
5.534200422222222E+008,4.336079149906204E-002,
5.584049074674674E+008,4.581280568099586E-002,
5.633897727127128E+008,4.772869392273989E-002,
5.683746379579580E+008,4.937155649477984E-002,
5.733595032032032E+008,5.103760103683548E-002,
5.783443684484484E+008,5.285856491601505E-002,
5.833292336936938E+008,5.397310796688539E-002,
5.883140989389390E+008,5.573010542665827E-002,
5.932989641841842E+008,5.763890324428210E-002,
5.982838294294294E+008,5.946981261315276E-002,
6.032686946746746E+008,6.044062339893827E-002,
6.082535599199200E+008,6.161041738640224E-002,
6.132384251651652E+008,6.288522220356031E-002,
6.182232904104104E+008,6.222517135428721E-002,
6.232081556556556E+008,6.101084768103832E-002,
6.281930209009010E+008,5.974979179993028E-002,
6.331778861461462E+008,5.959232885251850E-002,
6.381627513913914E+008,5.922971806638471E-002,
6.431476166366366E+008,5.922436808257441E-002,
6.481324818818818E+008,6.106342005690275E-002,
6.531173471271272E+008,6.425560796052045E-002,
6.581022123723724E+008,6.857796148927460E-002,
6.630870776176176E+008,7.444614244142842E-002,
6.680719428628628E+008,8.041660633345930E-002,
6.730568081081082E+008,8.517813842382595E-002,
6.780416733533534E+008,9.091353901268469E-002,
6.830265385985986E+008,9.654438117326636E-002,
6.880114038438438E+008,1.012872400772690E-001,
6.929962690890890E+008,1.051217051832606E-001,
6.979811343343344E+008,1.091609093041438E-001,
7.029659995795796E+008,1.124477607793194E-001,
7.079508648248248E+008,1.153471640812043E-001,
7.129357300700700E+008,1.175674985306683E-001,
7.179205953153154E+008,1.208073708011973E-001,
7.229054605605606E+008,1.253968997901633E-001,
7.278903258058058E+008,1.308364002441285E-001,
7.328751910510510E+008,1.362435211233428E-001,
7.378600562962964E+008,1.423808895324622E-001,
7.428449215415416E+008,1.505488634912791E-001,
7.478297867867868E+008,1.574777400451507E-001,
7.528146520320320E+008,1.629619880753987E-001,
7.577995172772772E+008,1.675767069040433E-001,
7.627843825225226E+008,1.717902683556236E-001,
7.677692477677678E+008,1.758381943489668E-001,
7.727541130130130E+008,1.760233972808578E-001,
7.777389782582582E+008,1.736314992423379E-001,
7.827238435035036E+008,1.678443007138439E-001,
7.877087087487488E+008,1.602287072548915E-001,
7.926935739939940E+008,1.527702927963704E-001,
7.976784392392392E+008,1.458091134708311E-001,
8.026633044844844E+008,1.413545224517002E-001,
8.076481697297298E+008,1.365487334913496E-001,
8.126330349749750E+008,1.304432604838187E-001,
8.176179002202202E+008,1.270885684302916E-001,
8.226027654654654E+008,1.253330527145939E-001,
8.275876307107108E+008,1.224925695957238E-001,
8.325724959559560E+008,1.229060685034497E-001,
8.375573612012012E+008,1.240162110734085E-001,
8.425422264464464E+008,1.280357151810947E-001,
8.475270916916918E+008,1.328435501651487E-001,
8.525119569369370E+008,1.339264624679732E-001,
8.574968221821822E+008,1.338962718798421E-001,
8.624816874274274E+008,1.357436463488083E-001,
8.674665526726726E+008,1.402580220481855E-001,
8.724514179179180E+008,1.410645434218601E-001,
8.774362831631632E+008,1.391147487818753E-001,
8.824211484084084E+008,1.371330891418420E-001,
8.874060136536536E+008,1.360306095865225E-001,
8.923908788988990E+008,1.372366636878385E-001,
8.973757441441442E+008,1.370419216768224E-001,
9.023606093893894E+008,1.361472196294020E-001,
9.073454746346346E+008,1.382541486516166E-001,
9.123303398798798E+008,1.410193502582992E-001,
9.173152051251252E+008,1.430343035051238E-001,
9.223000703703704E+008,1.466639755084180E-001,
9.272849356156156E+008,1.475901950853757E-001,
9.322698008608608E+008,1.469691088465267E-001,
9.372546661061062E+008,1.461244836764071E-001,
9.422395313513514E+008,1.454200317251012E-001,
9.472243965965966E+008,1.437515550314455E-001,
9.522092618418418E+008,1.409669536918533E-001,
9.571941270870872E+008,1.376357227037028E-001,
9.621789923323324E+008,1.330623846440015E-001,
9.671638575775776E+008,1.304188625638138E-001,
9.721487228228228E+008,1.287364333559504E-001,
9.771335880680680E+008,1.272488105656814E-001,
9.821184533133134E+008,1.265234933048344E-001,
9.871033185585586E+008,1.275272507712473E-001,
9.920881838038038E+008,1.288218469972069E-001,
9.970730490490490E+008,1.298398783989345E-001,
1.002057914294294E+009,1.312098323813303E-001,
1.007042779539540E+009,1.341111172491768E-001,
1.012027644784785E+009,1.348191745461048E-001,
1.017012510030030E+009,1.362278577816872E-001,
1.021997375275275E+009,1.380691478256455E-001,
1.026982240520521E+009,1.394332321246737E-001,
1.031967105765766E+009,1.392743073235421E-001,
1.036951971011011E+009,1.375049670920026E-001,
1.041936836256256E+009,1.359750860099279E-001,
1.046921701501502E+009,1.341983474619717E-001,
1.051906566746747E+009,1.317584245219542E-001,
1.056891431991992E+009,1.276145281801819E-001,
1.061876297237237E+009,1.218948277906708E-001,
1.066861162482482E+009,1.172479912653111E-001,
1.071846027727728E+009,1.132826121909267E-001,
1.076830892972973E+009,1.107390851335975E-001,
1.081815758218218E+009,1.090881630639325E-001,
1.086800623463464E+009,1.087914354318148E-001,
1.091785488708709E+009,1.101939051740082E-001,
1.096770353953954E+009,1.118092927876292E-001,
1.101755219199199E+009,1.131578473099760E-001,
1.106740084444444E+009,1.137584199523524E-001,
1.111724949689690E+009,1.140705513881441E-001,
1.116709814934935E+009,1.136187957784704E-001,
1.121694680180180E+009,1.113177810146531E-001,
1.126679545425426E+009,1.085173341646690E-001,
1.131664410670671E+009,1.076537779697804E-001,
1.136649275915916E+009,1.060482533109190E-001,
1.141634141161161E+009,1.046865000320050E-001,
1.146619006406406E+009,1.033438288104597E-001,
1.151603871651652E+009,1.017251025975742E-001,
1.156588736896897E+009,1.010522901984551E-001,
1.161573602142142E+009,1.000677659570083E-001,
1.166558467387388E+009,9.920482983772791E-002,
1.171543332632633E+009,9.856468284916548E-002,
1.176528197877878E+009,9.836736172654953E-002,
1.181513063123123E+009,9.816772488809586E-002,
1.186497928368368E+009,9.840820232902868E-002,
1.191482793613614E+009,9.954680277518195E-002,
1.196467658858859E+009,9.971089461279582E-002,
1.201452524104104E+009,9.897180462607465E-002,
1.206437389349349E+009,9.787788366552724E-002,
1.211422254594595E+009,9.736620562726156E-002,
1.216407119839840E+009,9.536248750953627E-002,
1.221391985085085E+009,9.330565367806956E-002,
1.226376850330330E+009,9.014680698552764E-002,
1.231361715575576E+009,8.571195894065921E-002,
1.236346580820821E+009,8.122242273329033E-002,
1.241331446066066E+009,7.666808178067833E-002,
1.246316311311311E+009,7.256128217251454E-002,
1.251301176556557E+009,6.815327299878020E-002,
1.256286041801802E+009,6.324480243443729E-002,
1.261270907047047E+009,6.060003251340390E-002,
1.266255772292292E+009,5.863735973272442E-002,
1.271240637537538E+009,5.732798380574097E-002,
1.276225502782783E+009,5.713153072703135E-002,
1.281210368028028E+009,5.830837269046175E-002,
1.286195233273273E+009,5.925892363567466E-002,
1.291180098518518E+009,6.014680066008652E-002,
1.296164963763764E+009,6.096602714734447E-002,
1.301149829009009E+009,6.238819072673250E-002,
1.306134694254254E+009,6.276213609417317E-002,
1.311119559499500E+009,6.361892065326170E-002,
1.316104424744745E+009,6.444107039805758E-002,
1.321089289989990E+009,6.534724413545710E-002,
1.326074155235235E+009,6.502294267251024E-002,
1.331059020480480E+009,6.471801833190037E-002,
1.336043885725726E+009,6.419644140742785E-002,
1.341028750970971E+009,6.328540675122583E-002,
1.346013616216216E+009,6.246751238384923E-002,
1.350998481461462E+009,6.218541947844247E-002,
1.355983346706707E+009,6.140523705228142E-002,
1.360968211951952E+009,6.067593061742040E-002,
1.365953077197197E+009,5.971695432596100E-002,
1.370937942442442E+009,5.875668128062394E-002,
1.375922807687688E+009,5.899678255525283E-002,
1.380907672932933E+009,5.909160959581739E-002,
1.385892538178178E+009,5.876636706754849E-002,
1.390877403423424E+009,5.912371760865483E-002,
1.395862268668669E+009,5.837824852886785E-002,
1.400847133913914E+009,5.816985592174265E-002,
1.405831999159159E+009,5.697465341171996E-002,
1.410816864404404E+009,5.563659654507904E-002,
1.415801729649650E+009,5.411073434255132E-002,
1.420786594894895E+009,5.332153704128386E-002,
1.425771460140140E+009,5.285056625884067E-002,
1.430756325385386E+009,5.212465988358526E-002,
1.435741190630631E+009,5.138595682080924E-002,
1.440726055875876E+009,5.018899477963100E-002,
1.445710921121121E+009,4.924952678653131E-002,
1.450695786366366E+009,4.845427488812362E-002,
1.455680651611612E+009,4.867720835289890E-002,
1.460665516856857E+009,5.015678424310391E-002,
1.465650382102102E+009,5.172482092824408E-002,
1.470635247347347E+009,5.342524335006187E-002,
1.475620112592593E+009,5.474475254245790E-002,
1.480604977837838E+009,5.632479962168744E-002,
1.485589843083083E+009,5.734831319277535E-002,
1.490574708328328E+009,5.769633973091104E-002,
1.495559573573574E+009,5.714580908648050E-002,
1.500544438818819E+009,5.575514067885736E-002,
1.505529304064064E+009,5.339337138020533E-002,
1.510514169309309E+009,5.177646609605850E-002,
1.515499034554555E+009,5.012176148827709E-002,
1.520483899799800E+009,4.863167558112155E-002,
1.525468765045045E+009,4.782209234541363E-002,
1.530453630290290E+009,4.727886410918342E-002,
1.535438495535536E+009,4.669674651286997E-002,
1.540423360780781E+009,4.661599555156141E-002,
1.545408226026026E+009,4.658630742753928E-002,
1.550393091271271E+009,4.672142831685434E-002,
1.555377956516516E+009,4.732290060143220E-002,
1.560362821761762E+009,4.735974144842203E-002,
1.565347687007007E+009,4.721655612522971E-002,
1.570332552252252E+009,4.649782348877783E-002,
1.575317417497498E+009,4.581218765102920E-002,
1.580302282742743E+009,4.537022330133939E-002,
1.585287147987988E+009,4.470698441400282E-002,
1.590272013233233E+009,4.439342442563347E-002,
1.595256878478478E+009,4.362463338725919E-002,
1.600241743723724E+009,4.287882040140924E-002,
1.605226608968969E+009,4.269277587049429E-002,
1.610211474214214E+009,4.245358660047891E-002,
1.615196339459460E+009,4.250216736942834E-002,
1.620181204704705E+009,4.225847868560825E-002,
1.625166069949950E+009,4.242019469679076E-002,
1.630150935195195E+009,4.248573453912212E-002,
1.635135800440440E+009,4.191814319214215E-002,
1.640120665685686E+009,4.118526824949115E-002,
1.645105530930931E+009,4.049946153878860E-002,
1.650090396176176E+009,3.947415266947468E-002,
1.655075261421422E+009,3.814363003249446E-002,
1.660060126666667E+009,3.763252375602418E-002,
1.665044991911912E+009,3.739014363980888E-002,
1.670029857157157E+009,3.701744945256814E-002,
1.675014722402402E+009,3.668240777581978E-002,
1.679999587647648E+009,3.713518217325614E-002,
1.684984452892893E+009,3.719285834739759E-002,
1.689969318138138E+009,3.792579414844390E-002,
1.694954183383384E+009,3.845300910955092E-002,
1.699939048628629E+009,3.850306151704550E-002,
1.704923913873874E+009,3.839910318717905E-002,
1.709908779119119E+009,3.778123826506268E-002,
1.714893644364364E+009,3.669615244071964E-002,
1.719878509609610E+009,3.580510906194415E-002,
1.724863374854855E+009,3.488546200694525E-002,
1.729848240100100E+009,3.479237726417359E-002,
1.734833105345345E+009,3.484801606274188E-002,
1.739817970590591E+009,3.447007485935167E-002,
1.744802835835836E+009,3.467924317013643E-002,
1.749787701081081E+009,3.520033144148339E-002,
1.754772566326326E+009,3.591038932593892E-002,
1.759757431571572E+009,3.578075594831619E-002,
1.764742296816817E+009,3.499256002896686E-002,
1.769727162062062E+009,3.338069683397507E-002,
1.774712027307307E+009,3.164436419874519E-002,
1.779696892552553E+009,3.023464310118708E-002,
1.784681757797798E+009,3.009030847875417E-002,
1.789666623043043E+009,3.095544944487283E-002,
1.794651488288288E+009,3.200922220178751E-002,
1.799636353533534E+009,3.276196263226424E-002,
1.804621218778779E+009,3.471376514712342E-002,
1.809606084024024E+009,3.566835963990152E-002,
1.814590949269269E+009,3.627938337910155E-002,
1.819575814514514E+009,3.694566651687052E-002,
1.824560679759760E+009,3.643685315980010E-002,
1.829545545005005E+009,3.642457273242435E-002,
1.834530410250250E+009,3.615994365575984E-002,
1.839515275495496E+009,3.662595736607054E-002,
1.844500140740741E+009,3.668139555948079E-002,
1.849485005985986E+009,3.783772451271461E-002,
1.854469871231231E+009,3.913038431714926E-002,
1.859454736476476E+009,4.004673100890242E-002,
1.864439601721722E+009,4.021878661136897E-002,
1.869424466966967E+009,3.971047169737202E-002,
1.874409332212212E+009,3.901845320616961E-002,
1.879394197457458E+009,3.784506177503259E-002,
1.884379062702703E+009,3.612830590350877E-002,
1.889363927947948E+009,3.490897522837751E-002,
1.894348793193193E+009,3.404166636495836E-002,
1.899333658438438E+009,3.272223624034099E-002,
1.904318523683684E+009,3.157126658924599E-002,
1.909303388928929E+009,3.060002586414163E-002,
1.914288254174174E+009,2.945850064335695E-002,
1.919273119419420E+009,2.860865262675243E-002,
1.924257984664665E+009,2.719187686088159E-002,
1.929242849909910E+009,2.658450773104662E-002,
1.934227715155155E+009,2.523287113729738E-002,
1.939212580400400E+009,2.494143146810243E-002,
1.944197445645646E+009,2.359237929265565E-002,
1.949182310890891E+009,2.258369397228787E-002,
1.954167176136136E+009,2.174013694943797E-002,
1.959152041381382E+009,2.172405026788024E-002,
1.964136906626627E+009,2.171541208662379E-002,
1.969121771871872E+009,2.257059276125100E-002,
1.974106637117117E+009,2.325569134807680E-002,
1.979091502362362E+009,2.356604835175482E-002,
1.984076367607608E+009,2.372227837076629E-002,
1.989061232852853E+009,2.411760229703807E-002,
1.994046098098098E+009,2.507274746231047E-002,
1.999030963343343E+009,2.561424076261683E-002,
2.004015828588589E+009,2.641819538645324E-002,
2.009000693833834E+009,2.635687291276031E-002,
2.013985559079079E+009,2.655921443113075E-002,
2.018970424324324E+009,2.655078779357858E-002,
2.023955289569570E+009,2.667320784059248E-002,
2.028940154814815E+009,2.643466871078579E-002,
2.033925020060060E+009,2.575457335686376E-002,
2.038909885305305E+009,2.510928551290587E-002,
2.043894750550551E+009,2.402767925015092E-002,
2.048879615795796E+009,2.274081855800136E-002,
2.053864481041041E+009,2.130818095441848E-002,
2.058849346286286E+009,2.002376016270173E-002,
2.063834211531532E+009,1.838760161098037E-002,
2.068819076776777E+009,1.705185574822304E-002,
2.073803942022022E+009,1.522763063375005E-002,
2.078788807267267E+009,1.393099814831149E-002,
2.083773672512512E+009,1.214650360731547E-002,
2.088758537757758E+009,1.050586971156095E-002,
2.093743403003003E+009,9.487958052907393E-003,
2.098728268248248E+009,8.562150874197509E-003,
2.103713133493494E+009,7.683917796805819E-003,
2.108697998738739E+009,6.950067249631219E-003,
2.113682863983984E+009,6.417564494719592E-003,
2.118667729229229E+009,6.137292788403941E-003,
2.123652594474474E+009,6.030641129720968E-003,
2.128637459719720E+009,6.234350653930731E-003,
2.133622324964965E+009,6.729989206722946E-003,
2.138607190210210E+009,7.513923991870325E-003,
2.143592055455456E+009,8.137945485780005E-003,
2.148576920700701E+009,8.751338178437020E-003,
2.153561785945946E+009,9.415477413131510E-003,
2.158546651191191E+009,1.051164749589739E-002,
2.163531516436437E+009,1.102351263419609E-002,
2.168516381681682E+009,1.135187748332961E-002,
2.173501246926927E+009,1.146058895362571E-002,
2.178486112172172E+009,1.206660335217195E-002,
2.183470977417418E+009,1.236567213922723E-002,
2.188455842662663E+009,1.246508077697617E-002,
2.193440707907908E+009,1.255567835831982E-002,
2.198425573153153E+009,1.305683068705459E-002,
2.203410438398398E+009,1.311640426133532E-002,
2.208395303643644E+009,1.335361716754380E-002,
2.213380168888889E+009,1.362511072579899E-002,
2.218365034134134E+009,1.433780803026926E-002,
2.223349899379379E+009,1.481033281971531E-002,
2.228334764624625E+009,1.453803403554594E-002,
2.233319629869870E+009,1.432400836446767E-002,
2.238304495115115E+009,1.406580644465967E-002,
2.243289360360360E+009,1.375770150941057E-002,
2.248274225605606E+009,1.341248253032610E-002,
2.253259090850851E+009,1.359609343080303E-002,
2.258243956096096E+009,1.385621519484278E-002,
2.263228821341342E+009,1.351615126299874E-002,
2.268213686586587E+009,1.435093752743370E-002,
2.273198551831832E+009,1.497946949352012E-002,
2.278183417077077E+009,1.531961691024983E-002,
2.283168282322322E+009,1.649942556660513E-002,
2.288153147567567E+009,1.796897284703635E-002,
2.293138012812813E+009,1.888151917463180E-002,
2.298122878058058E+009,2.100316944673337E-002,
2.303107743303303E+009,2.224645078177894E-002,
2.308092608548549E+009,2.322136683997210E-002,
2.313077473793794E+009,2.482327456800212E-002,
2.318062339039039E+009,2.612213814816516E-002,
2.323047204284284E+009,2.700467414604342E-002,
2.328032069529530E+009,2.791550990075697E-002,
2.333016934774775E+009,2.912107707789883E-002,
2.338001800020020E+009,2.995135678703199E-002,
2.342986665265266E+009,3.031022320536733E-002,
2.347971530510510E+009,3.067623095451158E-002,
2.352956395755756E+009,3.086734565149130E-002,
2.357941261001001E+009,3.135115644348929E-002,
2.362926126246246E+009,3.176843896136548E-002,
2.367910991491491E+009,3.225647966190218E-002,
2.372895856736737E+009,3.350676648342283E-002,
2.377880721981982E+009,3.428182310455546E-002,
2.382865587227227E+009,3.486618332598671E-002,
2.387850452472473E+009,3.553609530534275E-002,
2.392835317717718E+009,3.688879113115498E-002,
2.397820182962963E+009,3.752040880997107E-002,
2.402805048208208E+009,3.868566489597231E-002,
2.407789913453454E+009,3.936146466283062E-002,
2.412774778698699E+009,3.988157544163245E-002,
2.417759643943944E+009,3.994630506763929E-002,
2.422744509189189E+009,4.122878278997095E-002,
2.427729374434434E+009,4.151580820806103E-002,
2.432714239679680E+009,4.289554910368874E-002,
2.437699104924925E+009,4.323621774679923E-002,
2.442683970170170E+009,4.308869426253845E-002,
2.447668835415415E+009,4.341544573116414E-002,
2.452653700660661E+009,4.317183396427150E-002,
2.457638565905906E+009,4.271196995804148E-002,
2.462623431151151E+009,4.253276932506490E-002,
2.467608296396397E+009,4.183637793086905E-002,
2.472593161641642E+009,4.101228783868222E-002,
2.477578026886887E+009,4.130705963057171E-002,
2.482562892132132E+009,4.091818586147590E-002,
2.487547757377378E+009,4.110862371041396E-002,
2.492532622622623E+009,4.119495238847563E-002,
2.497517487867868E+009,4.146167502658429E-002,
2.502502353113113E+009,4.175689082178303E-002,
2.507487218358358E+009,4.287424913767928E-002,
2.512472083603604E+009,4.393670633973178E-002,
2.517456948848849E+009,4.476155805615728E-002,
2.522441814094094E+009,4.591015764038491E-002,
2.527426679339339E+009,4.677870283141615E-002,
2.532411544584585E+009,4.775902575857897E-002,
2.537396409829830E+009,4.894708916774887E-002,
2.542381275075075E+009,4.972120894975236E-002,
2.547366140320320E+009,4.961028202767354E-002,
2.552351005565566E+009,4.952545952199876E-002,
2.557335870810811E+009,5.000955069409356E-002,
2.562320736056056E+009,4.931462516760236E-002,
2.567305601301302E+009,4.882108714094762E-002,
2.572290466546547E+009,4.916638181360497E-002,
2.577275331791792E+009,4.874972443791052E-002,
2.582260197037037E+009,4.859466047665132E-002,
2.587245062282282E+009,4.798471653168684E-002,
2.592229927527527E+009,4.773543798894350E-002,
2.597214792772773E+009,4.798868213658191E-002,
2.602199658018018E+009,4.788107477643851E-002,
2.607184523263263E+009,4.761992111998702E-002,
2.612169388508509E+009,4.783152697851607E-002,
2.617154253753754E+009,4.790885334124083E-002,
2.622139118998999E+009,4.784651868768351E-002,
2.627123984244244E+009,4.776359042424725E-002,
2.632108849489490E+009,4.809164544505025E-002,
2.637093714734735E+009,4.737327989412298E-002,
2.642078579979980E+009,4.775594709637766E-002,
2.647063445225225E+009,4.717237710964767E-002,
2.652048310470470E+009,4.610240507076448E-002,
2.657033175715716E+009,4.554367113791839E-002,
2.662018040960961E+009,4.377080380269526E-002,
2.667002906206206E+009,4.331489134553428E-002,
2.671987771451451E+009,4.236060763834674E-002,
2.676972636696697E+009,4.190553618475296E-002,
2.681957501941942E+009,4.145121157646504E-002,
2.686942367187187E+009,4.165325313857826E-002,
2.691927232432433E+009,4.141777664191543E-002,
2.696912097677678E+009,4.058617461383197E-002,
2.701896962922923E+009,4.092431552313715E-002,
2.706881828168168E+009,4.098115708209442E-002,
2.711866693413414E+009,4.146383191410469E-002,
2.716851558658659E+009,4.158826495662030E-002,
2.721836423903904E+009,4.224068583330775E-002,
2.726821289149149E+009,4.312008342644495E-002,
2.731806154394394E+009,4.375100290301323E-002,
2.736791019639640E+009,4.381210166530013E-002,
2.741775884884885E+009,4.345357355351797E-002,
2.746760750130130E+009,4.354680154249970E-002,
2.751745615375375E+009,4.290971702309358E-002,
2.756730480620621E+009,4.215508013431980E-002,
2.761715345865866E+009,4.211532251356930E-002,
2.766700211111111E+009,4.141963243590075E-002,
2.771685076356356E+009,4.092897334016328E-002,
2.776669941601602E+009,4.020048787552999E-002,
2.781654806846847E+009,3.842779117666472E-002,
2.786639672092092E+009,3.747277269141836E-002,
2.791624537337338E+009,3.585057058785428E-002,
2.796609402582583E+009,3.490658110005539E-002,
2.801594267827828E+009,3.319374431759973E-002,
2.806579133073073E+009,3.156451061615541E-002,
2.811563998318318E+009,3.011047449539024E-002,
2.816548863563564E+009,2.830667355351381E-002,
2.821533728808809E+009,2.710770141560621E-002,
2.826518594054054E+009,2.528004391002769E-002,
2.831503459299299E+009,2.463506800364514E-002,
2.836488324544545E+009,2.416064312018432E-002,
2.841473189789790E+009,2.351486404293634E-002,
2.846458055035035E+009,2.308043064875116E-002,
2.851442920280280E+009,2.293113683190878E-002,
2.856427785525526E+009,2.252494326390282E-002,
2.861412650770771E+009,2.196616816388496E-002,
2.866397516016016E+009,2.134669841754869E-002,
2.871382381261262E+009,2.097230724509175E-002,
2.876367246506506E+009,1.981124901557856E-002,
2.881352111751752E+009,1.914714455800749E-002,
2.886336976996997E+009,1.807580720947208E-002,
2.891321842242242E+009,1.632480551047677E-002,
2.896306707487487E+009,1.529076461217274E-002,
2.901291572732733E+009,1.433578827346281E-002,
2.906276437977978E+009,1.453408142734424E-002,
2.911261303223223E+009,1.355950417157461E-002,
2.916246168468469E+009,1.370480018891102E-002,
2.921231033713714E+009,1.337370164018959E-002,
2.926215898958959E+009,1.284780176348800E-002,
2.931200764204204E+009,1.276108597808824E-002,
2.936185629449450E+009,1.267338233689642E-002,
2.941170494694695E+009,1.210985521534702E-002,
2.946155359939940E+009,1.187271401010987E-002,
2.951140225185185E+009,1.126039318560476E-002,
2.956125090430430E+009,1.050327503449639E-002,
2.961109955675676E+009,1.008040859852473E-002,
2.966094820920921E+009,1.059152903018643E-002,
2.971079686166166E+009,1.016593340984235E-002,
2.976064551411411E+009,9.208193697286137E-003,
2.981049416656657E+009,8.405238136563157E-003,
2.986034281901902E+009,7.705883720510871E-003,
2.991019147147147E+009,7.007907046359146E-003,
2.996004012392393E+009,6.286484680523202E-003,
3.000988877637638E+009,5.885897114723717E-003,
3.005973742882883E+009,5.684599659172168E-003,
3.010958608128128E+009,5.194249632432165E-003,
3.015943473373374E+009,4.820506161414695E-003,
3.020928338618619E+009,4.521257550840052E-003,
3.025913203863864E+009,4.111861836671431E-003,
3.030898069109109E+009,3.817832149438873E-003,
3.035882934354354E+009,3.640305800433148E-003,
3.040867799599600E+009,3.448285450904182E-003,
3.045852664844845E+009,3.242174622118207E-003,
3.050837530090090E+009,2.937857310107481E-003,
3.055822395335335E+009,2.691540645180521E-003,
3.060807260580581E+009,2.648336053410164E-003,
3.065792125825826E+009,2.749927369280848E-003,
3.070776991071071E+009,2.880057829194756E-003,
3.075761856316316E+009,3.081344902293891E-003,
3.080746721561562E+009,3.250006495580020E-003,
3.085731586806807E+009,3.349428626388616E-003,
3.090716452052052E+009,3.438540112659497E-003,
3.095701317297298E+009,3.375988737407719E-003,
3.100686182542543E+009,3.432251712328375E-003,
3.105671047787788E+009,3.476390539955800E-003,
3.110655913033033E+009,3.608985022248886E-003,
3.115640778278278E+009,3.860034295914554E-003,
3.120625643523523E+009,4.194158612632987E-003,
3.125610508768769E+009,4.584666050929043E-003,
3.130595374014014E+009,4.963202116977059E-003,
3.135580239259259E+009,5.379609678865014E-003,
3.140565104504505E+009,5.851900614323124E-003,
3.145549969749750E+009,6.404107860000061E-003,
3.150534834994995E+009,6.921390324493847E-003,
3.155519700240240E+009,7.538545179799009E-003,
3.160504565485486E+009,8.013004660310694E-003,
3.165489430730731E+009,8.536075155195980E-003,
3.170474295975976E+009,8.899915521884155E-003,
3.175459161221221E+009,9.307113919955295E-003,
3.180444026466466E+009,9.826232205567127E-003,
3.185428891711712E+009,1.034484154577908E-002,
3.190413756956957E+009,1.084274445550007E-002,
3.195398622202202E+009,1.119874160186721E-002,
3.200383487447447E+009,1.149161135937433E-002,
3.205368352692693E+009,1.160237425520113E-002,
3.210353217937938E+009,1.165710266353595E-002,
3.215338083183183E+009,1.182669855459023E-002,
3.220322948428429E+009,1.199905168049491E-002,
3.225307813673674E+009,1.213541566173855E-002,
3.230292678918919E+009,1.234947065626591E-002,
3.235277544164164E+009,1.257175100768895E-002,
3.240262409409410E+009,1.273915269213828E-002,
3.245247274654655E+009,1.314978841826188E-002,
3.250232139899900E+009,1.363372234492196E-002,
3.255217005145145E+009,1.418390630479103E-002,
3.260201870390390E+009,1.480568122669150E-002,
3.265186735635636E+009,1.536331985474039E-002,
3.270171600880881E+009,1.570558719735928E-002,
3.275156466126126E+009,1.595006629701913E-002,
3.280141331371371E+009,1.618547992270581E-002,
3.285126196616617E+009,1.616189861843227E-002,
3.290111061861862E+009,1.601221309023231E-002,
3.295095927107107E+009,1.568825527544989E-002,
3.300080792352352E+009,1.551937434895507E-002,
3.305065657597598E+009,1.562268004161642E-002,
3.310050522842843E+009,1.591025597796824E-002,
3.315035388088088E+009,1.670554219257206E-002,
3.320020253333334E+009,1.667138554629167E-002,
3.325005118578579E+009,1.711312076467504E-002,
3.329989983823824E+009,1.731563453988991E-002,
3.334974849069069E+009,1.762297429840282E-002,
3.339959714314314E+009,1.829861624022264E-002,
3.344944579559560E+009,1.833931490845696E-002,
3.349929444804805E+009,1.832150770214643E-002,
3.354914310050050E+009,1.856978921429540E-002,
3.359899175295295E+009,1.908175682007622E-002,
3.364884040540541E+009,1.983217384721341E-002,
3.369868905785786E+009,2.084403640791016E-002,
3.374853771031031E+009,2.030153522677796E-002,
3.379838636276276E+009,2.056539341197384E-002,
3.384823501521522E+009,2.155770303882904E-002,
3.389808366766767E+009,2.203357257380821E-002,
3.394793232012012E+009,2.164614779676444E-002,
3.399778097257258E+009,2.182782926944423E-002,
3.404762962502502E+009,2.161464761062335E-002,
3.409747827747748E+009,2.189501895995774E-002,
3.414732692992993E+009,2.202861878220466E-002,
3.419717558238238E+009,2.163631382519948E-002,
3.424702423483483E+009,2.155533802723368E-002,
3.429687288728729E+009,2.137191515252190E-002,
3.434672153973974E+009,2.133926700253035E-002,
3.439657019219219E+009,2.168040283561518E-002,
3.444641884464465E+009,2.101120610095087E-002,
3.449626749709710E+009,2.075954560237791E-002,
3.454611614954955E+009,2.122523260628687E-002,
3.459596480200200E+009,2.066238937442055E-002,
3.464581345445446E+009,2.011025464855533E-002,
3.469566210690691E+009,1.971158585547947E-002,
3.474551075935936E+009,1.915114269099999E-002,
3.479535941181181E+009,1.902975975169389E-002,
3.484520806426426E+009,1.861663704091039E-002,
3.489505671671672E+009,1.906587928322887E-002,
3.494490536916917E+009,1.944582409277949E-002,
3.499475402162162E+009,1.965133449534881E-002,
3.504460267407407E+009,2.024772773270620E-002,
3.509445132652653E+009,2.030845976621674E-002,
3.514429997897898E+009,2.025064704932242E-002,
3.519414863143143E+009,2.029881505712499E-002,
3.524399728388389E+009,1.971731785214480E-002,
3.529384593633634E+009,1.938976741901412E-002,
3.534369458878879E+009,1.913498455764397E-002,
3.539354324124124E+009,1.911859665532447E-002,
3.544339189369370E+009,1.807089886325045E-002,
3.549324054614615E+009,1.807647858278376E-002,
3.554308919859860E+009,1.821954793755549E-002,
3.559293785105105E+009,1.823588491852163E-002,
3.564278650350350E+009,1.755245438362131E-002,
3.569263515595596E+009,1.695065771770149E-002,
3.574248380840841E+009,1.685508078041137E-002,
3.579233246086086E+009,1.687822448071682E-002,
3.584218111331331E+009,1.658476838177381E-002,
3.589202976576577E+009,1.693459848487793E-002,
3.594187841821822E+009,1.661070540735249E-002,
3.599172707067067E+009,1.657165105758587E-002,
3.604157572312312E+009,1.607247137120987E-002,
3.609142437557558E+009,1.637642654227678E-002,
3.614127302802803E+009,1.648954806486236E-002,
3.619112168048048E+009,1.618313466991711E-002,
3.624097033293294E+009,1.619342192345242E-002,
3.629081898538539E+009,1.615270034377250E-002,
3.634066763783784E+009,1.592722644778512E-002,
3.639051629029029E+009,1.566379109323355E-002,
3.644036494274274E+009,1.542102746703259E-002,
3.649021359519519E+009,1.526004976936844E-002,
3.654006224764765E+009,1.529917789212531E-002,
3.658991090010010E+009,1.532738969960837E-002,
3.663975955255255E+009,1.535819367272540E-002,
3.668960820500501E+009,1.555710293596240E-002,
3.673945685745746E+009,1.595111635057277E-002,
3.678930550990991E+009,1.638337400673856E-002,
3.683915416236236E+009,1.674243916890109E-002,
3.688900281481482E+009,1.728049398710385E-002,
3.693885146726727E+009,1.721477922091829E-002,
3.698870011971972E+009,1.747668418411803E-002,
3.703854877217217E+009,1.671998750958919E-002,
3.708839742462462E+009,1.704022746591645E-002,
3.713824607707708E+009,1.628912261623817E-002,
3.718809472952953E+009,1.615624198178449E-002,
3.723794338198198E+009,1.502521162992021E-002,
3.728779203443443E+009,1.494394369495341E-002,
3.733764068688689E+009,1.510436018025537E-002,
3.738748933933934E+009,1.446451152755652E-002,
3.743733799179179E+009,1.400417134439356E-002,
3.748718664424425E+009,1.389591016061178E-002,
3.753703529669670E+009,1.378566085175976E-002,
3.758688394914915E+009,1.297315826122382E-002,
3.763673260160160E+009,1.373838542245033E-002,
3.768658125405406E+009,1.379896003544266E-002,
3.773642990650651E+009,1.369378109403807E-002,
3.778627855895896E+009,1.377646373366714E-002,
3.783612721141141E+009,1.379733594789333E-002,
3.788597586386386E+009,1.382037345671695E-002,
3.793582451631632E+009,1.375692152016510E-002,
3.798567316876877E+009,1.374964155134110E-002,
3.803552182122122E+009,1.372425696510693E-002,
3.808537047367367E+009,1.365792523984789E-002,
3.813521912612613E+009,1.359114699620004E-002,
3.818506777857858E+009,1.370851295460119E-002,
3.823491643103103E+009,1.375352305060796E-002,
3.828476508348349E+009,1.373984004313638E-002,
3.833461373593594E+009,1.364093900788293E-002,
3.838446238838839E+009,1.351560948241799E-002,
3.843431104084084E+009,1.339603614701362E-002,
3.848415969329330E+009,1.332338311218824E-002,
3.853400834574575E+009,1.332735128213505E-002,
3.858385699819820E+009,1.336885694349032E-002,
3.863370565065065E+009,1.333710467582205E-002,
3.868355430310310E+009,1.353470628282338E-002,
3.873340295555556E+009,1.370839545009119E-002,
3.878325160800801E+009,1.373737331944160E-002,
3.883310026046046E+009,1.387053291517609E-002,
3.888294891291291E+009,1.400708984220472E-002,
3.893279756536537E+009,1.397418447952487E-002,
3.898264621781782E+009,1.381057998650116E-002,
3.903249487027027E+009,1.374479812984892E-002,
3.908234352272272E+009,1.358422379691643E-002,
3.913219217517518E+009,1.316331579374034E-002,
3.918204082762763E+009,1.273394669748343E-002,
3.923188948008008E+009,1.234654935004406E-002,
3.928173813253254E+009,1.210227106502951E-002,
3.933158678498498E+009,1.176357734759158E-002,
3.938143543743744E+009,1.182467029525455E-002,
3.943128408988989E+009,1.197450280926550E-002,
3.948113274234234E+009,1.218414963235055E-002,
3.953098139479479E+009,1.241852002235025E-002,
3.958083004724725E+009,1.267355194533155E-002,
3.963067869969970E+009,1.297588870816435E-002,
3.968052735215215E+009,1.311583292391218E-002,
3.973037600460461E+009,1.325536308778107E-002,
3.978022465705706E+009,1.335092517109338E-002,
3.983007330950951E+009,1.316935538184949E-002,
3.987992196196196E+009,1.307360990354218E-002,
3.992977061441442E+009,1.293768356954671E-002,
3.997961926686687E+009,1.300124775076275E-002,
4.002946791931932E+009,1.287539263798967E-002,
4.007931657177177E+009,1.288194918041445E-002,
4.012916522422422E+009,1.281782240621639E-002,
4.017901387667668E+009,1.279785187237401E-002,
4.022886252912913E+009,1.276637836647323E-002,
4.027871118158158E+009,1.265410159200418E-002,
4.032855983403403E+009,1.251633521350815E-002,
4.037840848648649E+009,1.224782860341487E-002,
4.042825713893894E+009,1.213350895472561E-002,
4.047810579139139E+009,1.218922642956243E-002,
4.052795444384385E+009,1.224961876469723E-002,
4.057780309629630E+009,1.253378745185041E-002,
4.062765174874875E+009,1.261732279356226E-002,
4.067750040120120E+009,1.276727726566756E-002,
4.072734905365366E+009,1.290084954203324E-002,
4.077719770610611E+009,1.304682675132483E-002,
4.082704635855856E+009,1.319273909116162E-002,
4.087689501101101E+009,1.315377187124712E-002,
4.092674366346346E+009,1.294614444974583E-002,
4.097659231591592E+009,1.247494262596996E-002,
4.102644096836837E+009,1.232171111948892E-002,
4.107628962082082E+009,1.195122140526122E-002,
4.112613827327327E+009,1.156865498593481E-002,
4.117598692572573E+009,1.138449418996194E-002,
4.122583557817818E+009,1.117722367088393E-002,
4.127568423063063E+009,1.110522269015736E-002,
4.132553288308308E+009,1.116382335773955E-002,
4.137538153553554E+009,1.111380534632325E-002,
4.142523018798799E+009,1.122874562064632E-002,
4.147507884044044E+009,1.143795990274246E-002,
4.152492749289290E+009,1.148706946563824E-002,
4.157477614534535E+009,1.141607069946473E-002,
4.162462479779780E+009,1.135829683711191E-002,
4.167447345025025E+009,1.147591288004849E-002,
4.172432210270270E+009,1.153313247425324E-002,
4.177417075515515E+009,1.163799318248708E-002,
4.182401940760761E+009,1.176206241486060E-002,
4.187386806006006E+009,1.167866010970334E-002,
4.192371671251251E+009,1.150545822405874E-002,
4.197356536496497E+009,1.116104117688300E-002,
4.202341401741742E+009,1.099417891457902E-002,
4.207326266986987E+009,1.093583867024324E-002,
4.212311132232232E+009,1.071952420954511E-002,
4.217295997477478E+009,1.049134056827253E-002,
4.222280862722723E+009,1.024843704999374E-002,
4.227265727967968E+009,1.005253006865466E-002,
4.232250593213213E+009,1.007139241528996E-002,
4.237235458458458E+009,1.019147560049373E-002,
4.242220323703704E+009,1.031538591445791E-002,
4.247205188948949E+009,1.055201121549614E-002,
4.252190054194194E+009,1.077532570236369E-002,
4.257174919439439E+009,1.106214617360960E-002,
4.262159784684685E+009,1.129858017836468E-002,
4.267144649929930E+009,1.159339323925814E-002,
4.272129515175175E+009,1.177415860018582E-002,
4.277114380420421E+009,1.194202095810493E-002,
4.282099245665666E+009,1.185098742750716E-002,
4.287084110910911E+009,1.173991673455918E-002,
4.292068976156156E+009,1.147241113721561E-002,
4.297053841401402E+009,1.138561822211341E-002,
4.302038706646647E+009,1.118667220583264E-002,
4.307023571891892E+009,1.099772546760074E-002,
4.312008437137137E+009,1.069249714787802E-002,
4.316993302382382E+009,1.043406782847361E-002,
4.321978167627627E+009,1.021338701010364E-002,
4.326963032872873E+009,9.880542443469028E-003,
4.331947898118118E+009,9.512722888280110E-003,
4.336932763363363E+009,9.179793677374383E-003,
4.341917628608608E+009,8.929356826589806E-003,
4.346902493853854E+009,8.560926812065429E-003,
4.351887359099099E+009,8.268880854336615E-003,
4.356872224344344E+009,8.152681984733580E-003,
4.361857089589590E+009,8.079532303356927E-003,
4.366841954834835E+009,7.747446494639529E-003,
4.371826820080080E+009,7.451604418484728E-003,
4.376811685325325E+009,7.182943030378265E-003,
4.381796550570571E+009,6.973870136122520E-003,
4.386781415815816E+009,6.648700617709391E-003,
4.391766281061061E+009,6.469636465119145E-003,
4.396751146306306E+009,6.054503647951864E-003,
4.401736011551552E+009,5.675729335950198E-003,
4.406720876796797E+009,5.396625328246705E-003,
4.411705742042042E+009,5.022914911849499E-003,
4.416690607287288E+009,4.809050565314103E-003,
4.421675472532533E+009,4.581915717430843E-003,
4.426660337777778E+009,4.383611023323387E-003,
4.431645203023023E+009,4.213463095000069E-003,
4.436630068268269E+009,3.965849496487779E-003,
4.441614933513514E+009,3.814414235638848E-003,
4.446599798758759E+009,3.668155513015086E-003,
4.451584664004005E+009,3.425610161067363E-003,
4.456569529249250E+009,3.227175539431126E-003,
4.461554394494494E+009,3.076472816420402E-003,
4.466539259739739E+009,2.929065074918894E-003,
4.471524124984985E+009,2.820442554598294E-003,
4.476508990230230E+009,2.767244170379364E-003,
4.481493855475475E+009,2.859373753456179E-003,
4.486478720720720E+009,2.884650990404994E-003,
4.491463585965966E+009,2.864137213918017E-003,
4.496448451211211E+009,2.952571460249197E-003,
4.501433316456456E+009,2.898864043666575E-003,
4.506418181701702E+009,2.877993355889580E-003,
4.511403046946947E+009,2.868194476644685E-003,
4.516387912192192E+009,2.839522436402636E-003,
4.521372777437437E+009,2.735129299613322E-003,
4.526357642682683E+009,2.696974398235387E-003,
4.531342507927928E+009,2.578171300070055E-003,
4.536327373173173E+009,2.449741767056675E-003,
4.541312238418419E+009,2.371071013897082E-003,
4.546297103663664E+009,2.293711604027028E-003,
4.551281968908909E+009,2.163033129952804E-003,
4.556266834154154E+009,2.175407636239659E-003,
4.561251699399400E+009,2.216886490225035E-003,
4.566236564644645E+009,2.358135063350591E-003,
4.571221429889890E+009,2.384360734206525E-003,
4.576206295135135E+009,2.521308272163251E-003,
4.581191160380381E+009,2.780911675063909E-003,
4.586176025625626E+009,2.916145591441403E-003,
4.591160890870871E+009,3.031001280551398E-003,
4.596145756116117E+009,3.219464708885545E-003,
4.601130621361362E+009,3.535837131760299E-003,
4.606115486606607E+009,3.838999845248523E-003,
4.611100351851852E+009,3.861225424415103E-003,
4.616085217097097E+009,4.093083764278441E-003,
4.621070082342342E+009,4.047530532708600E-003,
4.626054947587587E+009,4.126243631370305E-003,
4.631039812832833E+009,4.187327258302868E-003,
4.636024678078078E+009,4.224067248711245E-003,
4.641009543323323E+009,4.243683090672936E-003,
4.645994408568568E+009,4.095697787820763E-003,
4.650979273813814E+009,4.250506656803117E-003,
4.655964139059059E+009,4.261253032396737E-003,
4.660949004304304E+009,4.437377151912425E-003,
4.665933869549550E+009,4.550903241361069E-003,
4.670918734794795E+009,4.798747518850691E-003,
4.675903600040040E+009,4.942989292502478E-003,
4.680888465285285E+009,5.112588588167316E-003,
4.685873330530531E+009,5.292142768474588E-003,
4.690858195775776E+009,5.501140578367435E-003,
4.695843061021021E+009,5.918068781475902E-003,
4.700827926266266E+009,6.200113881502828E-003,
4.705812791511512E+009,6.726070881296240E-003,
4.710797656756757E+009,7.024595085652352E-003,
4.715782522002002E+009,7.192538161839225E-003,
4.720767387247248E+009,7.335428965977348E-003,
4.725752252492493E+009,7.456039500368516E-003,
4.730737117737738E+009,7.257231943893050E-003,
4.735721982982983E+009,7.039501609527544E-003,
4.740706848228229E+009,6.689030283641982E-003,
4.745691713473474E+009,6.400340007618824E-003,
4.750676578718719E+009,6.255041687278014E-003,
4.755661443963965E+009,6.162105229783325E-003,
4.760646309209209E+009,6.168533034168844E-003,
4.765631174454454E+009,6.156118360295626E-003,
4.770616039699699E+009,6.340367118169260E-003,
4.775600904944945E+009,6.456081820578681E-003,
4.780585770190190E+009,6.646991854482329E-003,
4.785570635435435E+009,6.980080271853913E-003,
4.790555500680680E+009,7.402526325927996E-003,
4.795540365925926E+009,7.813827775874846E-003,
4.800525231171171E+009,8.112259050893023E-003,
4.805510096416416E+009,8.444867784350994E-003,
4.810494961661662E+009,8.870958085031125E-003,
4.815479826906907E+009,8.994863674577261E-003,
4.820464692152152E+009,9.267061101742380E-003,
4.825449557397397E+009,9.318182565112923E-003,
4.830434422642643E+009,9.293721778491288E-003,
4.835419287887888E+009,9.153503645782076E-003,
4.840404153133133E+009,8.805761775901444E-003,
4.845389018378379E+009,8.492482643146858E-003,
4.850373883623624E+009,8.407926590212951E-003,
4.855358748868869E+009,8.197845088944470E-003,
4.860343614114114E+009,8.116651312690314E-003,
4.865328479359360E+009,8.233512937062747E-003,
4.870313344604605E+009,8.298860952728832E-003,
4.875298209849850E+009,8.464818711619089E-003,
4.880283075095095E+009,8.733207301020517E-003,
4.885267940340341E+009,8.920297780043071E-003,
4.890252805585586E+009,9.124400410930263E-003,
4.895237670830831E+009,9.506029829348874E-003,
4.900222536076077E+009,9.862935003881940E-003,
4.905207401321322E+009,1.017023974228198E-002,
4.910192266566567E+009,1.051582084757760E-002,
4.915177131811811E+009,1.082168830880748E-002,
4.920161997057057E+009,1.104087001706230E-002,
4.925146862302302E+009,1.124989319681754E-002,
4.930131727547547E+009,1.103628702312329E-002,
4.935116592792793E+009,1.084075215475227E-002,
4.940101458038038E+009,1.057776352652336E-002,
4.945086323283283E+009,1.035346264088223E-002,
4.950071188528528E+009,1.012108039345764E-002,
4.955056053773774E+009,9.892633245576080E-003,
4.960040919019019E+009,9.727622067864051E-003,
4.965025784264264E+009,9.464484373765182E-003,
4.970010649509509E+009,9.290536708225636E-003,
4.974995514754755E+009,9.182365620152205E-003,
4.979980380000000E+009,9.108250494719850E-003,
