% Version 1.00
%
% Ref Impedances: Z01: 50, Z02: 50
% 
%freq[Hz];Trc1_S21[U];
1.000000000000000E+005,4.095979260931198E-005,
5.084865245245245E+006,1.508546530123511E-004,
1.006973049049049E+007,8.919303465755389E-004,
1.505459573573574E+007,1.749180986106672E-003,
2.003946098098098E+007,2.368154910144223E-003,
2.502432622622623E+007,3.317390101315092E-003,
3.000919147147147E+007,4.622582712775211E-003,
3.499405671671671E+007,8.099577954882926E-003,
3.997892196196196E+007,1.512830650686573E-002,
4.496378720720721E+007,4.766976859398512E-002,
4.994865245245245E+007,6.489811233139932E-002,
5.493351769769770E+007,2.886923326210188E-002,
5.991838294294295E+007,2.399231576874490E-002,
6.490324818818819E+007,1.747374356315300E-002,
6.988811343343343E+007,1.427352838708002E-002,
7.487297867867868E+007,1.224214175621218E-002,
7.985784392392393E+007,1.047508244192808E-002,
8.484270916916917E+007,1.077554007039360E-002,
8.982757441441442E+007,1.147711653823566E-002,
9.481243965965965E+007,1.183927328732661E-002,
9.979730490490490E+007,1.347222727353939E-002,
1.047821701501502E+008,1.526726049799531E-002,
1.097670353953954E+008,1.724742074247096E-002,
1.147519006406407E+008,1.993877739646443E-002,
1.197367658858859E+008,2.297315586220501E-002,
1.247216311311311E+008,2.737176097054784E-002,
1.297064963763764E+008,3.335924547069378E-002,
1.346913616216216E+008,4.280315237924857E-002,
1.396762268668669E+008,5.887253340712625E-002,
1.446610921121121E+008,8.947566597330048E-002,
1.496459573573574E+008,1.703398213659871E-001,
1.546308226026026E+008,2.910861088560157E-001,
1.596156878478479E+008,1.634464865912887E-001,
1.646005530930931E+008,1.089278633186607E-001,
1.695854183383384E+008,8.814578205079993E-002,
1.745702835835836E+008,6.507509971077781E-002,
1.795551488288288E+008,3.478970904990632E-002,
1.845400140740741E+008,2.141280954546657E-002,
1.895248793193193E+008,1.556997109695035E-002,
1.945097445645646E+008,1.293008585372145E-002,
1.994946098098098E+008,1.069579293077352E-002,
2.044794750550551E+008,8.793042751771067E-003,
2.094643403003003E+008,7.488783784890895E-003,
2.144492055455456E+008,6.678293216089922E-003,
2.194340707907908E+008,5.640727575528295E-003,
2.244189360360360E+008,5.426825857907872E-003,
2.294038012812813E+008,6.211041779168384E-003,
2.343886665265265E+008,8.216681064409950E-003,
2.393735317717718E+008,1.103945536266342E-002,
2.443583970170170E+008,1.558094354586753E-002,
2.493432622622623E+008,2.156990772903929E-002,
2.543281275075075E+008,3.039913659483680E-002,
2.593129927527528E+008,4.537992798761827E-002,
2.642978579979980E+008,7.039759447433268E-002,
2.692827232432432E+008,1.210293090563624E-001,
2.742675884884885E+008,2.231337192486244E-001,
2.792524537337337E+008,1.856605747631908E-001,
2.842373189789790E+008,1.143230308441500E-001,
2.892221842242242E+008,8.099479798996828E-002,
2.942070494694695E+008,6.296063081571156E-002,
2.991919147147147E+008,5.142824449460545E-002,
3.041767799599600E+008,4.372009780783295E-002,
3.091616452052052E+008,3.798453361095726E-002,
3.141465104504505E+008,3.344973899900524E-002,
3.191313756956957E+008,2.853829985820648E-002,
3.241162409409409E+008,2.519813359140210E-002,
3.291011061861862E+008,2.181074888147181E-002,
3.340859714314314E+008,1.958335176375359E-002,
3.390708366766767E+008,1.703562844312366E-002,
3.440557019219219E+008,1.430619157119514E-002,
3.490405671671672E+008,1.233815564613752E-002,
3.540254324124124E+008,1.068315277162646E-002,
3.590102976576577E+008,9.517123948081942E-003,
3.639951629029029E+008,8.637093449307040E-003,
3.689800281481482E+008,7.446450541313147E-003,
3.739648933933934E+008,6.656213736536901E-003,
3.789497586386386E+008,6.270143154663134E-003,
3.839346238838839E+008,6.426661674590343E-003,
3.889194891291291E+008,7.277555209957070E-003,
3.939043543743744E+008,8.332150567559288E-003,
3.988892196196196E+008,9.540622137223998E-003,
4.038740848648649E+008,1.042463842990445E-002,
4.088589501101101E+008,1.105299332165231E-002,
4.138438153553554E+008,1.171842519126967E-002,
4.188286806006006E+008,1.244601780787260E-002,
4.238135458458459E+008,1.327486443227785E-002,
4.287984110910911E+008,1.363689430433583E-002,
4.337832763363363E+008,1.371506952938699E-002,
4.387681415815816E+008,1.336252613660664E-002,
4.437530068268268E+008,1.336194339166904E-002,
4.487378720720721E+008,1.373949883839349E-002,
4.537227373173173E+008,1.377161115522364E-002,
4.587076025625626E+008,1.395423926170124E-002,
4.636924678078078E+008,1.477534927166679E-002,
4.686773330530531E+008,1.561045975518547E-002,
4.736621982982983E+008,1.667864849425486E-002,
4.786470635435436E+008,1.824894645440821E-002,
4.836319287887888E+008,1.970706015336288E-002,
4.886167940340340E+008,2.158813729770406E-002,
4.936016592792793E+008,2.375269016391394E-002,
4.985865245245245E+008,2.529586968841811E-002,
5.035713897697698E+008,2.711939362462745E-002,
5.085562550150150E+008,2.817913865366273E-002,
5.135411202602603E+008,2.864276614823831E-002,
5.185259855055055E+008,2.902232064981657E-002,
5.235108507507508E+008,2.970511478616290E-002,
5.284957159959960E+008,2.982738210916618E-002,
5.334805812412412E+008,3.084492163134516E-002,
5.384654464864864E+008,3.180335247539633E-002,
5.434503117317318E+008,3.346994988932209E-002,
5.484351769769770E+008,3.546391225014397E-002,
5.534200422222222E+008,3.761395982395795E-002,
5.584049074674674E+008,4.053615410265184E-002,
5.633897727127128E+008,4.270447604690003E-002,
5.683746379579580E+008,4.548386774492876E-002,
5.733595032032032E+008,4.901481730865628E-002,
5.783443684484484E+008,5.227363118137234E-002,
5.833292336936938E+008,5.499896870393101E-002,
5.883140989389390E+008,5.757676316775628E-002,
5.932989641841842E+008,5.889296775334393E-002,
5.982838294294294E+008,5.958138561810544E-002,
6.032686946746746E+008,5.935260753603870E-002,
6.082535599199200E+008,6.034176155992215E-002,
6.132384251651652E+008,6.052633847629711E-002,
6.182232904104104E+008,6.048801285069173E-002,
6.232081556556556E+008,6.105613020204380E-002,
6.281930209009010E+008,6.138093071808585E-002,
6.331778861461462E+008,6.120595314090856E-002,
6.381627513913914E+008,6.083601596488558E-002,
6.431476166366366E+008,6.172119695612343E-002,
6.481324818818818E+008,6.342587970050866E-002,
6.531173471271272E+008,6.458200335450845E-002,
6.581022123723724E+008,6.752703673095725E-002,
6.630870776176176E+008,7.226058604022537E-002,
6.680719428628628E+008,7.622734330113330E-002,
6.730568081081082E+008,8.099029365267671E-002,
6.780416733533534E+008,8.645376974249752E-002,
6.830265385985986E+008,9.258433338332538E-002,
6.880114038438438E+008,9.844578290452592E-002,
6.929962690890890E+008,1.049284132421017E-001,
6.979811343343344E+008,1.105771576579566E-001,
7.029659995795796E+008,1.163313532260847E-001,
7.079508648248248E+008,1.210743321231769E-001,
7.129357300700700E+008,1.224887652074619E-001,
7.179205953153154E+008,1.248846001471506E-001,
7.229054605605606E+008,1.276748162201886E-001,
7.278903258058058E+008,1.294014542040913E-001,
7.328751910510510E+008,1.321384560263070E-001,
7.378600562962964E+008,1.372564399218580E-001,
7.428449215415416E+008,1.421833789225282E-001,
7.478297867867868E+008,1.475070787100349E-001,
7.528146520320320E+008,1.534953321151908E-001,
7.577995172772772E+008,1.601184924349778E-001,
7.627843825225226E+008,1.665725538839601E-001,
7.677692477677678E+008,1.703170968644223E-001,
7.727541130130130E+008,1.709820490060049E-001,
7.777389782582582E+008,1.704372556214299E-001,
7.827238435035036E+008,1.687542915331679E-001,
7.877087087487488E+008,1.664028727620202E-001,
7.926935739939940E+008,1.615232247150814E-001,
7.976784392392392E+008,1.584254714668718E-001,
8.026633044844844E+008,1.568441506003443E-001,
8.076481697297298E+008,1.560634139261992E-001,
8.126330349749750E+008,1.537767766924359E-001,
8.176179002202202E+008,1.514084625538620E-001,
8.226027654654654E+008,1.481994735578227E-001,
8.275876307107108E+008,1.489945126147892E-001,
8.325724959559560E+008,1.484903849180562E-001,
8.375573612012012E+008,1.499490184747653E-001,
8.425422264464464E+008,1.494688912385465E-001,
8.475270916916918E+008,1.492612543879695E-001,
8.525119569369370E+008,1.500755632304494E-001,
8.574968221821822E+008,1.516835551047485E-001,
8.624816874274274E+008,1.518727633917558E-001,
8.674665526726726E+008,1.485782180916597E-001,
8.724514179179180E+008,1.431050490263413E-001,
8.774362831631632E+008,1.369929931105381E-001,
8.824211484084084E+008,1.322587921262664E-001,
8.874060136536536E+008,1.255988234099842E-001,
8.923908788988990E+008,1.191256457020069E-001,
8.973757441441442E+008,1.177787969951205E-001,
9.023606093893894E+008,1.214219349295280E-001,
9.073454746346346E+008,1.251333501752775E-001,
9.123303398798798E+008,1.259723453781476E-001,
9.173152051251252E+008,1.282252496889527E-001,
9.223000703703704E+008,1.315857948685572E-001,
9.272849356156156E+008,1.354544567960880E-001,
9.322698008608608E+008,1.376476047587443E-001,
9.372546661061062E+008,1.391097108319632E-001,
9.422395313513514E+008,1.389967612785785E-001,
9.472243965965966E+008,1.387043390636157E-001,
9.522092618418418E+008,1.404064337209371E-001,
9.571941270870872E+008,1.431412755490055E-001,
9.621789923323324E+008,1.462597522015026E-001,
9.671638575775776E+008,1.472694442587399E-001,
9.721487228228228E+008,1.477540128939986E-001,
9.771335880680680E+008,1.472404157738605E-001,
9.821184533133134E+008,1.450804465422086E-001,
9.871033185585586E+008,1.412154839823999E-001,
9.920881838038038E+008,1.391886386258385E-001,
9.970730490490490E+008,1.385641685232382E-001,
1.002057914294294E+009,1.384421237292239E-001,
1.007042779539540E+009,1.378406152303047E-001,
1.012027644784785E+009,1.382390686472107E-001,
1.017012510030030E+009,1.373504699176427E-001,
1.021997375275275E+009,1.355599680358759E-001,
1.026982240520521E+009,1.324325070472786E-001,
1.031967105765766E+009,1.282545148019285E-001,
1.036951971011011E+009,1.245030052107632E-001,
1.041936836256256E+009,1.213682699679528E-001,
1.046921701501502E+009,1.179675268976595E-001,
1.051906566746747E+009,1.160704327814314E-001,
1.056891431991992E+009,1.160620863569166E-001,
1.061876297237237E+009,1.163504608168590E-001,
1.066861162482482E+009,1.176197463659072E-001,
1.071846027727728E+009,1.181641247303127E-001,
1.076830892972973E+009,1.188000917183719E-001,
1.081815758218218E+009,1.194613014042620E-001,
1.086800623463464E+009,1.192305342218809E-001,
1.091785488708709E+009,1.192345844450176E-001,
1.096770353953954E+009,1.192953198573997E-001,
1.101755219199199E+009,1.198288641655267E-001,
1.106740084444444E+009,1.192414064414034E-001,
1.111724949689690E+009,1.185814206281952E-001,
1.116709814934935E+009,1.170282204609998E-001,
1.121694680180180E+009,1.173720066656036E-001,
1.126679545425426E+009,1.176530314865799E-001,
1.131664410670671E+009,1.157721397495748E-001,
1.136649275915916E+009,1.150162829200355E-001,
1.141634141161161E+009,1.122346585052436E-001,
1.146619006406406E+009,1.084392765518368E-001,
1.151603871651652E+009,1.040538064759383E-001,
1.156588736896897E+009,9.953179752363871E-002,
1.161573602142142E+009,9.522665243414552E-002,
1.166558467387388E+009,9.301732288333046E-002,
1.171543332632633E+009,9.202561606115434E-002,
1.176528197877878E+009,9.171275636768710E-002,
1.181513063123123E+009,9.203036787370994E-002,
1.186497928368368E+009,9.319507725733264E-002,
1.191482793613614E+009,9.552370560851273E-002,
1.196467658858859E+009,9.758706211077883E-002,
1.201452524104104E+009,9.977853968992619E-002,
1.206437389349349E+009,1.001733292435830E-001,
1.211422254594595E+009,9.920474179238362E-002,
1.216407119839840E+009,9.695877854678474E-002,
1.221391985085085E+009,9.511749802949225E-002,
1.226376850330330E+009,9.176554534534064E-002,
1.231361715575576E+009,8.900031513046246E-002,
1.236346580820821E+009,8.555089812786876E-002,
1.241331446066066E+009,8.282879404588263E-002,
1.246316311311311E+009,7.985163711974418E-002,
1.251301176556557E+009,7.842295217130756E-002,
1.256286041801802E+009,7.734233762737688E-002,
1.261270907047047E+009,7.615288916238820E-002,
1.266255772292292E+009,7.510221836113944E-002,
1.271240637537538E+009,7.365800089718363E-002,
1.276225502782783E+009,7.250923951741059E-002,
1.281210368028028E+009,7.072503218383404E-002,
1.286195233273273E+009,6.907785399733807E-002,
1.291180098518518E+009,6.708486637496100E-002,
1.296164963763764E+009,6.630631306060625E-002,
1.301149829009009E+009,6.507967436141840E-002,
1.306134694254254E+009,6.438662837077493E-002,
1.311119559499500E+009,6.367342175184999E-002,
1.316104424744745E+009,6.222240549256851E-002,
1.321089289989990E+009,6.047414189770594E-002,
1.326074155235235E+009,5.886420423412925E-002,
1.331059020480480E+009,5.800135514777893E-002,
1.336043885725726E+009,5.643817560983198E-002,
1.341028750970971E+009,5.512513120980173E-002,
1.346013616216216E+009,5.416907053966379E-002,
1.350998481461462E+009,5.317164082693383E-002,
1.355983346706707E+009,5.284188586253977E-002,
1.360968211951952E+009,5.284677531110886E-002,
1.365953077197197E+009,5.328138243623459E-002,
1.370937942442442E+009,5.461999248369973E-002,
1.375922807687688E+009,5.535160851459033E-002,
1.380907672932933E+009,5.620420028313059E-002,
1.385892538178178E+009,5.597387900800976E-002,
1.390877403423424E+009,5.599064549450132E-002,
1.395862268668669E+009,5.481265568771288E-002,
1.400847133913914E+009,5.361617860117011E-002,
1.405831999159159E+009,5.216290594044200E-002,
1.410816864404404E+009,5.103462662917610E-002,
1.415801729649650E+009,4.965893105185461E-002,
1.420786594894895E+009,4.829840544490658E-002,
1.425771460140140E+009,4.646406941532628E-002,
1.430756325385386E+009,4.436116364774314E-002,
1.435741190630631E+009,4.283296834039374E-002,
1.440726055875876E+009,4.175782910002122E-002,
1.445710921121121E+009,4.160943832390921E-002,
1.450695786366366E+009,4.222733384389341E-002,
1.455680651611612E+009,4.322646502283763E-002,
1.460665516856857E+009,4.511426698732782E-002,
1.465650382102102E+009,4.679773979657793E-002,
1.470635247347347E+009,4.847935805433262E-002,
1.475620112592593E+009,5.031532688435667E-002,
1.480604977837838E+009,5.199504564213133E-002,
1.485589843083083E+009,5.329368653807504E-002,
1.490574708328328E+009,5.453535564202273E-002,
1.495559573573574E+009,5.498466713338674E-002,
1.500544438818819E+009,5.470341484889876E-002,
1.505529304064064E+009,5.390161365071546E-002,
1.510514169309309E+009,5.270160651143610E-002,
1.515499034554555E+009,5.148218390715693E-002,
1.520483899799800E+009,5.034499551211318E-002,
1.525468765045045E+009,4.934314117637292E-002,
1.530453630290290E+009,4.926064141866928E-002,
1.535438495535536E+009,4.973972446544504E-002,
1.540423360780781E+009,4.958944298400304E-002,
1.545408226026026E+009,5.015251597905549E-002,
1.550393091271271E+009,5.047529438837203E-002,
1.555377956516516E+009,5.077404914811160E-002,
1.560362821761762E+009,5.099916857989049E-002,
1.565347687007007E+009,5.165053974782990E-002,
1.570332552252252E+009,5.173382549926942E-002,
1.575317417497498E+009,5.094477363060586E-002,
1.580302282742743E+009,5.004208222060583E-002,
1.585287147987988E+009,4.816837325767442E-002,
1.590272013233233E+009,4.693329121555710E-002,
1.595256878478478E+009,4.557520621424389E-002,
1.600241743723724E+009,4.428086442458128E-002,
1.605226608968969E+009,4.317765710171452E-002,
1.610211474214214E+009,4.274811697421976E-002,
1.615196339459460E+009,4.232992666044570E-002,
1.620181204704705E+009,4.196177090656252E-002,
1.625166069949950E+009,4.199520460815690E-002,
1.630150935195195E+009,4.212572905095507E-002,
1.635135800440440E+009,4.125613800799836E-002,
1.640120665685686E+009,4.119133967763879E-002,
1.645105530930931E+009,4.143186895493031E-002,
1.650090396176176E+009,4.134072042283423E-002,
1.655075261421422E+009,4.119329465211894E-002,
1.660060126666667E+009,4.124403499385721E-002,
1.665044991911912E+009,4.185625801147712E-002,
1.670029857157157E+009,4.252084082305508E-002,
1.675014722402402E+009,4.341816815380949E-002,
1.679999587647648E+009,4.515139759754781E-002,
1.684984452892893E+009,4.695707180701516E-002,
1.689969318138138E+009,4.770754155700559E-002,
1.694954183383384E+009,4.769556349560029E-002,
1.699939048628629E+009,4.732993529341872E-002,
1.704923913873874E+009,4.682139442616629E-002,
1.709908779119119E+009,4.624740915116987E-002,
1.714893644364364E+009,4.572149474269199E-002,
1.719878509609610E+009,4.569763340139960E-002,
1.724863374854855E+009,4.559014592276982E-002,
1.729848240100100E+009,4.483558756307714E-002,
1.734833105345345E+009,4.418225783760454E-002,
1.739817970590591E+009,4.286305827391931E-002,
1.744802835835836E+009,4.226969753424889E-002,
1.749787701081081E+009,4.123866234117169E-002,
1.754772566326326E+009,4.070990021717417E-002,
1.759757431571572E+009,3.971271490267821E-002,
1.764742296816817E+009,3.920778703904274E-002,
1.769727162062062E+009,3.933068260430185E-002,
1.774712027307307E+009,3.970256110544064E-002,
1.779696892552553E+009,4.018574915606936E-002,
1.784681757797798E+009,4.035345771601282E-002,
1.789666623043043E+009,4.163309579052084E-002,
1.794651488288288E+009,4.246412259463988E-002,
1.799636353533534E+009,4.439554642975818E-002,
1.804621218778779E+009,4.527269935007704E-002,
1.809606084024024E+009,4.675976495523917E-002,
1.814590949269269E+009,4.807021338224892E-002,
1.819575814514514E+009,4.911011564159505E-002,
1.824560679759760E+009,5.021760614729594E-002,
1.829545545005005E+009,5.082135220565710E-002,
1.834530410250250E+009,5.178122627410507E-002,
1.839515275495496E+009,5.316771885347802E-002,
1.844500140740741E+009,5.397809060066075E-002,
1.849485005985986E+009,5.436396742940375E-002,
1.854469871231231E+009,5.439139201090388E-002,
1.859454736476476E+009,5.402845814534445E-002,
1.864439601721722E+009,5.330868874225318E-002,
1.869424466966967E+009,5.251639715559317E-002,
1.874409332212212E+009,5.253831217880132E-002,
1.879394197457458E+009,5.240359328603745E-002,
1.884379062702703E+009,5.209999817698102E-002,
1.889363927947948E+009,5.108394634588602E-002,
1.894348793193193E+009,4.941151676877580E-002,
1.899333658438438E+009,4.785468183754223E-002,
1.904318523683684E+009,4.605874655277609E-002,
1.909303388928929E+009,4.419490019685556E-002,
1.914288254174174E+009,4.293408802735544E-002,
1.919273119419420E+009,4.135384100170199E-002,
1.924257984664665E+009,3.996030103264702E-002,
1.929242849909910E+009,3.891026582506137E-002,
1.934227715155155E+009,3.780348464116436E-002,
1.939212580400400E+009,3.667152027545014E-002,
1.944197445645646E+009,3.603967480671834E-002,
1.949182310890891E+009,3.419843512505131E-002,
1.954167176136136E+009,3.221601736480328E-002,
1.959152041381382E+009,3.109780526570552E-002,
1.964136906626627E+009,2.921271569287665E-002,
1.969121771871872E+009,2.816411688417062E-002,
1.974106637117117E+009,2.648647585968256E-002,
1.979091502362362E+009,2.544520648846217E-002,
1.984076367607608E+009,2.387616787384103E-002,
1.989061232852853E+009,2.285780684900529E-002,
1.994046098098098E+009,2.119174924480725E-002,
1.999030963343343E+009,2.002904234140823E-002,
2.004015828588589E+009,1.948970730991333E-002,
2.009000693833834E+009,1.941528537361496E-002,
2.013985559079079E+009,1.813157699063692E-002,
2.018970424324324E+009,1.751399600650953E-002,
2.023955289569570E+009,1.646992576545392E-002,
2.028940154814815E+009,1.543566698239741E-002,
2.033925020060060E+009,1.517803820238860E-002,
2.038909885305305E+009,1.417251683862785E-002,
2.043894750550551E+009,1.361724581787865E-002,
2.048879615795796E+009,1.273494739515572E-002,
2.053864481041041E+009,1.111050343053974E-002,
2.058849346286286E+009,1.031250133727614E-002,
2.063834211531532E+009,8.464289850886231E-003,
2.068819076776777E+009,7.210677012214790E-003,
2.073803942022022E+009,6.072560657776984E-003,
2.078788807267267E+009,5.173769469081500E-003,
2.083773672512512E+009,4.389516949621739E-003,
2.088758537757758E+009,3.848039257797982E-003,
2.093743403003003E+009,3.737398438610455E-003,
2.098728268248248E+009,3.916112503533952E-003,
2.103713133493494E+009,3.877513798263736E-003,
2.108697998738739E+009,3.951753460362745E-003,
2.113682863983984E+009,3.991969607323942E-003,
2.118667729229229E+009,4.086183536007813E-003,
2.123652594474474E+009,4.126045692341626E-003,
2.128637459719720E+009,3.940386325171757E-003,
2.133622324964965E+009,3.766521842357567E-003,
2.138607190210210E+009,3.765342835913725E-003,
2.143592055455456E+009,3.752998968201314E-003,
2.148576920700701E+009,3.684160750602595E-003,
2.153561785945946E+009,3.767964374412438E-003,
2.158546651191191E+009,4.246034500484880E-003,
2.163531516436437E+009,5.029537285378072E-003,
2.168516381681682E+009,5.947512353058679E-003,
2.173501246926927E+009,6.950664546610005E-003,
2.178486112172172E+009,7.915388655702698E-003,
2.183470977417418E+009,8.782093549143472E-003,
2.188455842662663E+009,9.557584852637947E-003,
2.193440707907908E+009,1.040399111075020E-002,
2.198425573153153E+009,1.094379804996542E-002,
2.203410438398398E+009,1.299256532343325E-002,
2.208395303643644E+009,1.360628508384942E-002,
2.213380168888889E+009,1.479974976297880E-002,
2.218365034134134E+009,1.553723750182467E-002,
2.223349899379379E+009,1.645547719682147E-002,
2.228334764624625E+009,1.712169585581351E-002,
2.233319629869870E+009,1.727104702880996E-002,
2.238304495115115E+009,1.751908133688507E-002,
2.243289360360360E+009,1.723041715659312E-002,
2.248274225605606E+009,1.664236391212080E-002,
2.253259090850851E+009,1.567169948040662E-002,
2.258243956096096E+009,1.452086117954991E-002,
2.263228821341342E+009,1.317970604759677E-002,
2.268213686586587E+009,1.253811543353582E-002,
2.273198551831832E+009,1.179067894356617E-002,
2.278183417077077E+009,1.191064385115263E-002,
2.283168282322322E+009,1.201381506669098E-002,
2.288153147567567E+009,1.211684483287531E-002,
2.293138012812813E+009,1.312424668572338E-002,
2.298122878058058E+009,1.397599612646879E-002,
2.303107743303303E+009,1.625216902362439E-002,
2.308092608548549E+009,1.795161924834993E-002,
2.313077473793794E+009,2.044622970605632E-002,
2.318062339039039E+009,2.278549068031113E-002,
2.323047204284284E+009,2.461832991687369E-002,
2.328032069529530E+009,2.763491073070307E-002,
2.333016934774775E+009,2.952468383638509E-002,
2.338001800020020E+009,3.177483159631636E-002,
2.342986665265266E+009,3.349442944757686E-002,
2.347971530510510E+009,3.465694600301821E-002,
2.352956395755756E+009,3.552649172638119E-002,
2.357941261001001E+009,3.721103458767165E-002,
2.362926126246246E+009,3.835647102244748E-002,
2.367910991491491E+009,3.923635359035735E-002,
2.372895856736737E+009,3.975804601974049E-002,
2.377880721981982E+009,4.062875235848205E-002,
2.382865587227227E+009,4.143765842860609E-002,
2.387850452472473E+009,4.292723278108537E-002,
2.392835317717718E+009,4.361197606953556E-002,
2.397820182962963E+009,4.486422147823181E-002,
2.402805048208208E+009,4.534293954312427E-002,
2.407789913453454E+009,4.595494938217343E-002,
2.412774778698699E+009,4.621922515220363E-002,
2.417759643943944E+009,4.650400893883645E-002,
2.422744509189189E+009,4.643182120310328E-002,
2.427729374434434E+009,4.602742516070164E-002,
2.432714239679680E+009,4.613602574828658E-002,
2.437699104924925E+009,4.677705773036942E-002,
2.442683970170170E+009,4.669951624587452E-002,
2.447668835415415E+009,4.665402595201346E-002,
2.452653700660661E+009,4.652893399967734E-002,
2.457638565905906E+009,4.625480531578272E-002,
2.462623431151151E+009,4.620809697418374E-002,
2.467608296396397E+009,4.607862815135173E-002,
2.472593161641642E+009,4.638852789518808E-002,
2.477578026886887E+009,4.694504163754128E-002,
2.482562892132132E+009,4.703631528470010E-002,
2.487547757377378E+009,4.739137478602314E-002,
2.492532622622623E+009,4.786838875558445E-002,
2.497517487867868E+009,4.833852937210923E-002,
2.502502353113113E+009,4.851739368395038E-002,
2.507487218358358E+009,4.963448008638256E-002,
2.512472083603604E+009,4.990783955433852E-002,
2.517456948848849E+009,5.009331440924755E-002,
2.522441814094094E+009,5.061718192340643E-002,
2.527426679339339E+009,5.105013915789208E-002,
2.532411544584585E+009,5.066909727424811E-002,
2.537396409829830E+009,4.993025942524350E-002,
2.542381275075075E+009,4.870656300376002E-002,
2.547366140320320E+009,4.808337713198383E-002,
2.552351005565566E+009,4.723662547535973E-002,
2.557335870810811E+009,4.724026045458561E-002,
2.562320736056056E+009,4.622831312071929E-002,
2.567305601301302E+009,4.488039193193490E-002,
2.572290466546547E+009,4.347579901998461E-002,
2.577275331791792E+009,4.210476713999507E-002,
2.582260197037037E+009,4.143399723005026E-002,
2.587245062282282E+009,4.024967432766797E-002,
2.592229927527527E+009,3.968479205224224E-002,
2.597214792772773E+009,3.887401934655198E-002,
2.602199658018018E+009,3.867232514173129E-002,
2.607184523263263E+009,3.819361444001479E-002,
2.612169388508509E+009,3.850815583648715E-002,
2.617154253753754E+009,3.927716941372598E-002,
2.622139118998999E+009,3.870064426123900E-002,
2.627123984244244E+009,3.879814398748152E-002,
2.632108849489490E+009,3.938059393538758E-002,
2.637093714734735E+009,3.949154104196512E-002,
2.642078579979980E+009,4.024838312840393E-002,
2.647063445225225E+009,4.012514373877198E-002,
2.652048310470470E+009,4.044540302189519E-002,
2.657033175715716E+009,4.093104543048939E-002,
2.662018040960961E+009,4.082738503149230E-002,
2.667002906206206E+009,4.110827101469071E-002,
2.671987771451451E+009,4.107903982483726E-002,
2.676972636696697E+009,4.136366500354250E-002,
2.681957501941942E+009,4.053779209286212E-002,
2.686942367187187E+009,4.054726360219507E-002,
2.691927232432433E+009,3.976383795734879E-002,
2.696912097677678E+009,3.894926894302000E-002,
2.701896962922923E+009,3.864038580998137E-002,
2.706881828168168E+009,3.748350120755035E-002,
2.711866693413414E+009,3.718051139795344E-002,
2.716851558658659E+009,3.686810294348120E-002,
2.721836423903904E+009,3.557017897848161E-002,
2.726821289149149E+009,3.483922848566334E-002,
2.731806154394394E+009,3.424775469547355E-002,
2.736791019639640E+009,3.290622918799672E-002,
2.741775884884885E+009,3.183984809284610E-002,
2.746760750130130E+009,3.079133699489015E-002,
2.751745615375375E+009,3.034600802417813E-002,
2.756730480620621E+009,3.002520021640086E-002,
2.761715345865866E+009,3.003443201538627E-002,
2.766700211111111E+009,3.006124137038717E-002,
2.771685076356356E+009,3.030804614628831E-002,
2.776669941601602E+009,3.038774454428749E-002,
2.781654806846847E+009,2.999824324246221E-002,
2.786639672092092E+009,2.926283479448166E-002,
2.791624537337338E+009,2.910451559316112E-002,
2.796609402582583E+009,2.748846967930969E-002,
2.801594267827828E+009,2.658847440068819E-002,
2.806579133073073E+009,2.562717682611544E-002,
2.811563998318318E+009,2.455577144816088E-002,
2.816548863563564E+009,2.307750817198432E-002,
2.821533728808809E+009,2.242556317054489E-002,
2.826518594054054E+009,2.208355114666001E-002,
2.831503459299299E+009,2.120715354648580E-002,
2.836488324544545E+009,2.132044357461418E-002,
2.841473189789790E+009,2.099414949587070E-002,
2.846458055035035E+009,2.091333392385521E-002,
2.851442920280280E+009,1.975054301272047E-002,
2.856427785525526E+009,1.923209155863780E-002,
2.861412650770771E+009,1.889362228295139E-002,
2.866397516016016E+009,1.789091668737516E-002,
2.871382381261262E+009,1.749446147408601E-002,
2.876367246506506E+009,1.515039751688142E-002,
2.881352111751752E+009,1.409775958685964E-002,
2.886336976996997E+009,1.345252678023846E-002,
2.891321842242242E+009,1.199704686761599E-002,
2.896306707487487E+009,1.091620696851296E-002,
2.901291572732733E+009,9.906862320043513E-003,
2.906276437977978E+009,9.192642905222145E-003,
2.911261303223223E+009,8.683322810487042E-003,
2.916246168468469E+009,8.417194411335593E-003,
2.921231033713714E+009,8.258603950211125E-003,
2.926215898958959E+009,8.374375400764448E-003,
2.931200764204204E+009,8.274338646595440E-003,
2.936185629449450E+009,7.813471134420321E-003,
2.941170494694695E+009,7.328727659833480E-003,
2.946155359939940E+009,7.028842315784030E-003,
2.951140225185185E+009,6.748323704710409E-003,
2.956125090430430E+009,6.718895405255046E-003,
2.961109955675676E+009,6.931309478306817E-003,
2.966094820920921E+009,7.345282254896886E-003,
2.971079686166166E+009,7.748298411178286E-003,
2.976064551411411E+009,8.159701021672747E-003,
2.981049416656657E+009,8.498731851149976E-003,
2.986034281901902E+009,8.765134455415361E-003,
2.991019147147147E+009,8.970912185912346E-003,
2.996004012392393E+009,9.017200376297389E-003,
3.000988877637638E+009,8.904290294816920E-003,
3.005973742882883E+009,8.858850459777091E-003,
3.010958608128128E+009,8.855683839725801E-003,
3.015943473373374E+009,8.815486522351814E-003,
3.020928338618619E+009,8.953866357774922E-003,
3.025913203863864E+009,9.168613873766891E-003,
3.030898069109109E+009,9.601677086267335E-003,
3.035882934354354E+009,1.020881004447251E-002,
3.040867799599600E+009,1.096695816312514E-002,
3.045852664844845E+009,1.179010302095859E-002,
3.050837530090090E+009,1.248003292124014E-002,
3.055822395335335E+009,1.298433402485368E-002,
3.060807260580581E+009,1.335239152025573E-002,
3.065792125825826E+009,1.366486889763504E-002,
3.070776991071071E+009,1.395849421679113E-002,
3.075761856316316E+009,1.431728698986015E-002,
3.080746721561562E+009,1.473865897580454E-002,
3.085731586806807E+009,1.491347199582964E-002,
3.090716452052052E+009,1.497285194625921E-002,
3.095701317297298E+009,1.502148887818236E-002,
3.100686182542543E+009,1.498450847044661E-002,
3.105671047787788E+009,1.495678764714208E-002,
3.110655913033033E+009,1.495573534664080E-002,
3.115640778278278E+009,1.505438841447482E-002,
3.120625643523523E+009,1.505481074877302E-002,
3.125610508768769E+009,1.520763569512004E-002,
3.130595374014014E+009,1.539709854317168E-002,
3.135580239259259E+009,1.593583187884650E-002,
3.140565104504505E+009,1.685050589076450E-002,
3.145549969749750E+009,1.764438191166240E-002,
3.150534834994995E+009,1.927652189121908E-002,
3.155519700240240E+009,1.960614566109586E-002,
3.160504565485486E+009,2.123462742159523E-002,
3.165489430730731E+009,2.210208852815294E-002,
3.170474295975976E+009,2.284094346370755E-002,
3.175459161221221E+009,2.385859515183662E-002,
3.180444026466466E+009,2.392347230584878E-002,
3.185428891711712E+009,2.394297501876761E-002,
3.190413756956957E+009,2.367079961701693E-002,
3.195398622202202E+009,2.491517812574653E-002,
3.200383487447447E+009,2.451447449239985E-002,
3.205368352692693E+009,2.425094449656268E-002,
3.210353217937938E+009,2.406026108240785E-002,
3.215338083183183E+009,2.355038194474975E-002,
3.220322948428429E+009,2.407805614378806E-002,
3.225307813673674E+009,2.372629709460264E-002,
3.230292678918919E+009,2.442653985082224E-002,
3.235277544164164E+009,2.444729704157782E-002,
3.240262409409410E+009,2.494233380510361E-002,
3.245247274654655E+009,2.534242852782341E-002,
3.250232139899900E+009,2.571513041953492E-002,
3.255217005145145E+009,2.743050685239493E-002,
3.260201870390390E+009,2.791718918851698E-002,
3.265186735635636E+009,2.837068969124062E-002,
3.270171600880881E+009,2.832695117537011E-002,
3.275156466126126E+009,2.880088601966744E-002,
3.280141331371371E+009,2.811221112188949E-002,
3.285126196616617E+009,2.866069854935160E-002,
3.290111061861862E+009,2.875176125149526E-002,
3.295095927107107E+009,2.800574053151720E-002,
3.300080792352352E+009,2.757325082415875E-002,
3.305065657597598E+009,2.661516513130749E-002,
3.310050522842843E+009,2.650719558593033E-002,
3.315035388088088E+009,2.713767456426579E-002,
3.320020253333334E+009,2.752001886122729E-002,
3.325005118578579E+009,2.723528075087706E-002,
3.329989983823824E+009,2.750429060022290E-002,
3.334974849069069E+009,2.788641402455469E-002,
3.339959714314314E+009,2.813608239803264E-002,
3.344944579559560E+009,2.791367620060228E-002,
3.349929444804805E+009,2.870258267494958E-002,
3.354914310050050E+009,2.862896829543932E-002,
3.359899175295295E+009,2.922323543668890E-002,
3.364884040540541E+009,2.878815681999423E-002,
3.369868905785786E+009,2.896746334243189E-002,
3.374853771031031E+009,2.847749763304690E-002,
3.379838636276276E+009,2.822242282348473E-002,
3.384823501521522E+009,2.844385152334613E-002,
3.389808366766767E+009,2.797347507849997E-002,
3.394793232012012E+009,2.782594414802922E-002,
3.399778097257258E+009,2.730752093685842E-002,
3.404762962502502E+009,2.704230369701099E-002,
3.409747827747748E+009,2.733346664471575E-002,
3.414732692992993E+009,2.697146852950397E-002,
3.419717558238238E+009,2.667547251166279E-002,
3.424702423483483E+009,2.662336484911246E-002,
3.429687288728729E+009,2.592631623657241E-002,
3.434672153973974E+009,2.518192615058599E-002,
3.439657019219219E+009,2.507444003227941E-002,
3.444641884464465E+009,2.446797077251729E-002,
3.449626749709710E+009,2.497909318636616E-002,
3.454611614954955E+009,2.476480243783253E-002,
3.459596480200200E+009,2.458857118745491E-002,
3.464581345445446E+009,2.500798589310981E-002,
3.469566210690691E+009,2.489434108826670E-002,
3.474551075935936E+009,2.477970928324649E-002,
3.479535941181181E+009,2.460134463018981E-002,
3.484520806426426E+009,2.482158945964746E-002,
3.489505671671672E+009,2.539586538148469E-002,
3.494490536916917E+009,2.507804843959221E-002,
3.499475402162162E+009,2.570588261529414E-002,
3.504460267407407E+009,2.588186592599686E-002,
3.509445132652653E+009,2.565017717914521E-002,
3.514429997897898E+009,2.526961289449977E-002,
3.519414863143143E+009,2.454472620663487E-002,
3.524399728388389E+009,2.499338470930859E-002,
3.529384593633634E+009,2.461281781099686E-002,
3.534369458878879E+009,2.326087039365402E-002,
3.539354324124124E+009,2.251615483247949E-002,
3.544339189369370E+009,2.215843020260673E-002,
3.549324054614615E+009,2.147729091386618E-002,
3.554308919859860E+009,2.025171885494654E-002,
3.559293785105105E+009,1.903676749663165E-002,
3.564278650350350E+009,1.929196758912952E-002,
3.569263515595596E+009,1.858671128856506E-002,
3.574248380840841E+009,1.837000468862778E-002,
3.579233246086086E+009,1.854745351216762E-002,
3.584218111331331E+009,1.854939089624733E-002,
3.589202976576577E+009,1.850703958269944E-002,
3.594187841821822E+009,1.822237234237130E-002,
3.599172707067067E+009,1.747230148206172E-002,
3.604157572312312E+009,1.767322866556583E-002,
3.609142437557558E+009,1.798803034253318E-002,
3.614127302802803E+009,1.807820235088048E-002,
3.619112168048048E+009,1.815401040375895E-002,
3.624097033293294E+009,1.795998918775986E-002,
3.629081898538539E+009,1.782418418458969E-002,
3.634066763783784E+009,1.724266487994929E-002,
3.639051629029029E+009,1.727405549020780E-002,
3.644036494274274E+009,1.651342752887209E-002,
3.649021359519519E+009,1.703661672719019E-002,
3.654006224764765E+009,1.683136228612375E-002,
3.658991090010010E+009,1.607218128883202E-002,
3.663975955255255E+009,1.582885210017094E-002,
3.668960820500501E+009,1.547984864298801E-002,
3.673945685745746E+009,1.520261958949063E-002,
3.678930550990991E+009,1.504953139015159E-002,
3.683915416236236E+009,1.487513839486977E-002,
3.688900281481482E+009,1.496624034577993E-002,
3.693885146726727E+009,1.493948722692611E-002,
3.698870011971972E+009,1.481193038826010E-002,
3.703854877217217E+009,1.473744580624339E-002,
3.708839742462462E+009,1.434504708458118E-002,
3.713824607707708E+009,1.390343542742771E-002,
3.718809472952953E+009,1.325182632780534E-002,
3.723794338198198E+009,1.281892617688452E-002,
3.728779203443443E+009,1.233911387383318E-002,
3.733764068688689E+009,1.197617432028733E-002,
3.738748933933934E+009,1.158955254848301E-002,
3.743733799179179E+009,1.139412943262957E-002,
3.748718664424425E+009,1.135883763567263E-002,
3.753703529669670E+009,1.144050325695202E-002,
3.758688394914915E+009,1.144882553390995E-002,
3.763673260160160E+009,1.146155351216888E-002,
3.768658125405406E+009,1.143617361387877E-002,
3.773642990650651E+009,1.161383782965261E-002,
3.778627855895896E+009,1.181615960281943E-002,
3.783612721141141E+009,1.197389729579396E-002,
3.788597586386386E+009,1.190284985523878E-002,
3.793582451631632E+009,1.174869786601063E-002,
3.798567316876877E+009,1.158374857300644E-002,
3.803552182122122E+009,1.159746413694546E-002,
3.808537047367367E+009,1.158234026920995E-002,
3.813521912612613E+009,1.156899290291036E-002,
3.818506777857858E+009,1.143535096287195E-002,
3.823491643103103E+009,1.127765000585992E-002,
3.828476508348349E+009,1.105406188934599E-002,
3.833461373593594E+009,1.093594562387136E-002,
3.838446238838839E+009,1.086314880820174E-002,
3.843431104084084E+009,1.078206675821140E-002,
3.848415969329330E+009,1.061541698377242E-002,
3.853400834574575E+009,1.036206625980509E-002,
3.858385699819820E+009,1.014860745494422E-002,
3.863370565065065E+009,9.894097623567905E-003,
3.868355430310310E+009,9.643624922893088E-003,
3.873340295555556E+009,9.442371208936823E-003,
3.878325160800801E+009,9.406809855865724E-003,
3.883310026046046E+009,9.403981380762443E-003,
3.888294891291291E+009,9.264105027123529E-003,
3.893279756536537E+009,9.010264913680873E-003,
3.898264621781782E+009,8.769021505152887E-003,
3.903249487027027E+009,8.603568610812382E-003,
3.908234352272272E+009,8.307601753128313E-003,
3.913219217517518E+009,7.989278494018029E-003,
3.918204082762763E+009,7.745269722951264E-003,
3.923188948008008E+009,7.487388674525675E-003,
3.928173813253254E+009,7.578408295811477E-003,
3.933158678498498E+009,7.443938399156003E-003,
3.938143543743744E+009,7.587227867693127E-003,
3.943128408988989E+009,7.579136884584050E-003,
3.948113274234234E+009,7.646653139492687E-003,
3.953098139479479E+009,7.718980961248011E-003,
3.958083004724725E+009,7.887091600436477E-003,
3.963067869969970E+009,8.068587760303354E-003,
3.968052735215215E+009,8.603867349651042E-003,
3.973037600460461E+009,8.978890449999529E-003,
3.978022465705706E+009,9.172668508024177E-003,
3.983007330950951E+009,9.270422281996907E-003,
3.987992196196196E+009,9.219527968078772E-003,
3.992977061441442E+009,9.269921843488882E-003,
3.997961926686687E+009,9.076816881286413E-003,
4.002946791931932E+009,9.020228201200188E-003,
4.007931657177177E+009,8.879488287573099E-003,
4.012916522422422E+009,8.683097751541153E-003,
4.017901387667668E+009,8.393491149903150E-003,
4.022886252912913E+009,8.246478837370605E-003,
4.027871118158158E+009,8.000050861380994E-003,
4.032855983403403E+009,7.753299956176987E-003,
4.037840848648649E+009,7.597125871677531E-003,
4.042825713893894E+009,7.654146151513466E-003,
4.047810579139139E+009,7.613571225701993E-003,
4.052795444384385E+009,7.655073471239149E-003,
4.057780309629630E+009,7.735224014020163E-003,
4.062765174874875E+009,7.783204588650575E-003,
4.067750040120120E+009,7.902606896320741E-003,
4.072734905365366E+009,8.011046604839209E-003,
4.077719770610611E+009,8.265394247184015E-003,
4.082704635855856E+009,8.346884555698245E-003,
4.087689501101101E+009,8.382526314014203E-003,
4.092674366346346E+009,8.453155377849599E-003,
4.097659231591592E+009,8.454569820128757E-003,
4.102644096836837E+009,8.198166908959283E-003,
4.107628962082082E+009,8.064132270631309E-003,
4.112613827327327E+009,7.919448322042208E-003,
4.117598692572573E+009,7.829178830922450E-003,
4.122583557817818E+009,7.682267273860087E-003,
4.127568423063063E+009,7.492237242927025E-003,
4.132553288308308E+009,7.292091360834612E-003,
4.137538153553554E+009,7.308845181587242E-003,
4.142523018798799E+009,7.243425492658513E-003,
4.147507884044044E+009,7.393856624812590E-003,
4.152492749289290E+009,7.489116639968196E-003,
4.157477614534535E+009,7.509787007840902E-003,
4.162462479779780E+009,7.565036554207733E-003,
4.167447345025025E+009,7.748941887066627E-003,
4.172432210270270E+009,7.913000649427198E-003,
4.177417075515515E+009,7.983364346348408E-003,
4.182401940760761E+009,7.878970296062668E-003,
4.187386806006006E+009,7.740114106443425E-003,
4.192371671251251E+009,7.335133966848114E-003,
4.197356536496497E+009,7.020265933185515E-003,
4.202341401741742E+009,6.644189486841836E-003,
4.207326266986987E+009,6.298118968819227E-003,
4.212311132232232E+009,6.072926470891742E-003,
4.217295997477478E+009,5.736402668046076E-003,
4.222280862722723E+009,5.522306492319110E-003,
4.227265727967968E+009,5.494268476428249E-003,
4.232250593213213E+009,5.427783395347554E-003,
4.237235458458458E+009,5.317426487060481E-003,
4.242220323703704E+009,5.075562766021517E-003,
4.247205188948949E+009,4.801590484839130E-003,
4.252190054194194E+009,4.581410277386283E-003,
4.257174919439439E+009,4.537698989346623E-003,
4.262159784684685E+009,4.550948158864376E-003,
4.267144649929930E+009,4.602943994660559E-003,
4.272129515175175E+009,4.586863049040078E-003,
4.277114380420421E+009,4.649010175572661E-003,
4.282099245665666E+009,4.525589311647844E-003,
4.287084110910911E+009,4.468416502671816E-003,
4.292068976156156E+009,4.360565728135851E-003,
4.297053841401402E+009,4.253843869962215E-003,
4.302038706646647E+009,4.168352831452145E-003,
4.307023571891892E+009,4.115076122720423E-003,
4.312008437137137E+009,4.104779933198214E-003,
4.316993302382382E+009,3.993331012506913E-003,
4.321978167627627E+009,3.904288559894587E-003,
4.326963032872873E+009,3.801986078767191E-003,
4.331947898118118E+009,3.765790216365580E-003,
4.336932763363363E+009,3.754693437452803E-003,
4.341917628608608E+009,3.903445612957197E-003,
4.346902493853854E+009,3.991098592240354E-003,
4.351887359099099E+009,4.032270838855797E-003,
4.356872224344344E+009,4.286705008170009E-003,
4.361857089589590E+009,4.511752904005574E-003,
4.366841954834835E+009,4.807487739887590E-003,
4.371826820080080E+009,4.984431146845576E-003,
4.376811685325325E+009,5.309234740342368E-003,
4.381796550570571E+009,5.386284338148635E-003,
4.386781415815816E+009,5.710771841176203E-003,
4.391766281061061E+009,5.934681465813783E-003,
4.396751146306306E+009,6.228732116466131E-003,
4.401736011551552E+009,6.451873696272520E-003,
4.406720876796797E+009,6.595345049954285E-003,
4.411705742042042E+009,6.799166384961415E-003,
4.416690607287288E+009,6.792963311102475E-003,
4.421675472532533E+009,7.062063145212992E-003,
4.426660337777778E+009,7.096067767341788E-003,
4.431645203023023E+009,7.185771195915250E-003,
4.436630068268269E+009,7.305654447995380E-003,
4.441614933513514E+009,7.657101753411357E-003,
4.446599798758759E+009,7.805691929736253E-003,
4.451584664004005E+009,8.016894564102536E-003,
4.456569529249250E+009,8.135781836728724E-003,
4.461554394494494E+009,8.258986532392846E-003,
4.466539259739739E+009,8.673759294731338E-003,
4.471524124984985E+009,8.937237319792549E-003,
4.476508990230230E+009,9.321810330722283E-003,
4.481493855475475E+009,9.622680092579227E-003,
4.486478720720720E+009,9.995533005572346E-003,
4.491463585965966E+009,1.056950182544435E-002,
4.496448451211211E+009,1.097782661253142E-002,
4.501433316456456E+009,1.128664966298086E-002,
4.506418181701702E+009,1.159261486420392E-002,
4.511403046946947E+009,1.187903345188093E-002,
4.516387912192192E+009,1.202760022746743E-002,
4.521372777437437E+009,1.208138754244162E-002,
4.526357642682683E+009,1.182746280272705E-002,
4.531342507927928E+009,1.173654117930632E-002,
4.536327373173173E+009,1.154975682536190E-002,
4.541312238418419E+009,1.137842656929976E-002,
4.546297103663664E+009,1.126036053505617E-002,
4.551281968908909E+009,1.104125812781385E-002,
4.556266834154154E+009,1.089690772027537E-002,
4.561251699399400E+009,1.079037648257690E-002,
4.566236564644645E+009,1.078710640431008E-002,
4.571221429889890E+009,1.086920447570394E-002,
4.576206295135135E+009,1.101216753647044E-002,
4.581191160380381E+009,1.117913250169032E-002,
4.586176025625626E+009,1.149450440863017E-002,
4.591160890870871E+009,1.156950048348818E-002,
4.596145756116117E+009,1.190757517738892E-002,
4.601130621361362E+009,1.236621624394897E-002,
4.606115486606607E+009,1.270126482288562E-002,
4.611100351851852E+009,1.300819989166328E-002,
4.616085217097097E+009,1.303893232230850E-002,
4.621070082342342E+009,1.297691665470826E-002,
4.626054947587587E+009,1.273200494746988E-002,
4.631039812832833E+009,1.241605612089301E-002,
4.636024678078078E+009,1.201454130580863E-002,
4.641009543323323E+009,1.138393708473436E-002,
4.645994408568568E+009,1.090415165039171E-002,
4.650979273813814E+009,1.031075884028411E-002,
4.655964139059059E+009,9.852591148016366E-003,
4.660949004304304E+009,9.558888174249720E-003,
4.665933869549550E+009,9.656250317026403E-003,
4.670918734794795E+009,9.605355182453106E-003,
4.675903600040040E+009,9.788752868850217E-003,
4.680888465285285E+009,1.005554588607188E-002,
4.685873330530531E+009,1.024584576544887E-002,
4.690858195775776E+009,1.074909781938912E-002,
4.695843061021021E+009,1.101733795521542E-002,
4.700827926266266E+009,1.139974908591946E-002,
4.705812791511512E+009,1.172770626915074E-002,
4.710797656756757E+009,1.184346627786833E-002,
4.715782522002002E+009,1.152148379454909E-002,
4.720767387247248E+009,1.134229007734528E-002,
4.725752252492493E+009,1.101670507019438E-002,
4.730737117737738E+009,1.062926125952981E-002,
4.735721982982983E+009,1.022786759758159E-002,
4.740706848228229E+009,9.829993427479743E-003,
4.745691713473474E+009,9.350094778750744E-003,
4.750676578718719E+009,9.027972053570735E-003,
4.755661443963965E+009,8.685411743441070E-003,
4.760646309209209E+009,8.439005179478759E-003,
4.765631174454454E+009,8.168937276682295E-003,
4.770616039699699E+009,8.008659560890998E-003,
4.775600904944945E+009,8.012500715862760E-003,
4.780585770190190E+009,7.984819768108841E-003,
4.785570635435435E+009,8.118917561155495E-003,
4.790555500680680E+009,8.371637705526862E-003,
4.795540365925926E+009,8.701992168450424E-003,
4.800525231171171E+009,9.090095495528982E-003,
4.805510096416416E+009,9.581061889237250E-003,
4.810494961661662E+009,9.912766159982061E-003,
4.815479826906907E+009,1.017347063666448E-002,
4.820464692152152E+009,1.014021749520421E-002,
4.825449557397397E+009,1.007837014422683E-002,
4.830434422642643E+009,9.737110471077884E-003,
4.835419287887888E+009,9.344014727879817E-003,
4.840404153133133E+009,8.858404912170501E-003,
4.845389018378379E+009,8.438200527949755E-003,
4.850373883623624E+009,8.030489478638245E-003,
4.855358748868869E+009,7.652867087747275E-003,
4.860343614114114E+009,7.495593259000897E-003,
4.865328479359360E+009,7.311665831483205E-003,
4.870313344604605E+009,7.341461942057978E-003,
4.875298209849850E+009,7.359665925033734E-003,
4.880283075095095E+009,7.428821674391185E-003,
4.885267940340341E+009,7.487049297573103E-003,
4.890252805585586E+009,7.630122083174860E-003,
4.895237670830831E+009,7.718766994899737E-003,
4.900222536076077E+009,7.867767381416556E-003,
4.905207401321322E+009,8.077021067529408E-003,
4.910192266566567E+009,8.264175294500150E-003,
4.915177131811811E+009,8.379966024857796E-003,
4.920161997057057E+009,8.485035820640096E-003,
4.925146862302302E+009,8.470845228635931E-003,
4.930131727547547E+009,8.238240647512971E-003,
4.935116592792793E+009,7.935102021397630E-003,
4.940101458038038E+009,7.681204212745567E-003,
4.945086323283283E+009,7.369785604389594E-003,
4.950071188528528E+009,7.069219696960195E-003,
4.955056053773774E+009,6.844111899043789E-003,
4.960040919019019E+009,6.630741380361827E-003,
4.965025784264264E+009,6.608287067869876E-003,
4.970010649509509E+009,6.525056105737301E-003,
4.974995514754755E+009,6.448327344864818E-003,
4.979980380000000E+009,6.228563944250820E-003,
