% Version 1.00
%
% Ref Impedances: Z01: 50, Z02: 50
% 
%freq[Hz];Trc1_S21[U];
1.000000000000000E+005,2.424558974461246E-006,
5.084865245245245E+006,4.855274366396352E-004,
1.006973049049049E+007,9.273602139127553E-004,
1.505459573573574E+007,1.800925259380260E-003,
2.003946098098098E+007,2.351297060257624E-003,
2.502432622622623E+007,3.314148013088596E-003,
3.000919147147147E+007,4.609469610797425E-003,
3.499405671671671E+007,7.659743591431238E-003,
3.997892196196196E+007,1.482312770764374E-002,
4.496378720720721E+007,4.339139317315117E-002,
4.994865245245245E+007,7.858630938606764E-002,
5.493351769769770E+007,3.139300496604849E-002,
5.991838294294295E+007,2.512224610021855E-002,
6.490324818818819E+007,1.770522355206475E-002,
6.988811343343343E+007,1.398843168482068E-002,
7.487297867867868E+007,1.127592740392134E-002,
7.985784392392393E+007,9.673538789245935E-003,
8.484270916916917E+007,1.018761128970235E-002,
8.982757441441442E+007,1.055075064219755E-002,
9.481243965965965E+007,1.132945092160139E-002,
9.979730490490490E+007,1.246360132483443E-002,
1.047821701501502E+008,1.442901990422552E-002,
1.097670353953954E+008,1.653706090290049E-002,
1.147519006406407E+008,1.910137970243136E-002,
1.197367658858859E+008,2.235844662445962E-002,
1.247216311311311E+008,2.667684068590697E-002,
1.297064963763764E+008,3.340227329996837E-002,
1.346913616216216E+008,4.420160353046317E-002,
1.396762268668669E+008,6.316680479573295E-002,
1.446610921121121E+008,1.037093257603890E-001,
1.496459573573574E+008,2.223553387056350E-001,
1.546308226026026E+008,2.329777772670348E-001,
1.596156878478479E+008,1.271418922940551E-001,
1.646005530930931E+008,9.154537121576531E-002,
1.695854183383384E+008,7.963587342917559E-002,
1.745702835835836E+008,6.599753232463244E-002,
1.795551488288288E+008,3.895651373554119E-002,
1.845400140740741E+008,2.327572836189199E-002,
1.895248793193193E+008,1.618293034534397E-002,
1.945097445645646E+008,1.237971660936146E-002,
1.994946098098098E+008,9.863585107819928E-003,
2.044794750550551E+008,8.207148755367690E-003,
2.094643403003003E+008,7.260682277928068E-003,
2.144492055455456E+008,6.615101549903646E-003,
2.194340707907908E+008,6.404433824886534E-003,
2.244189360360360E+008,6.451092586949906E-003,
2.294038012812813E+008,7.141769229827405E-003,
2.343886665265265E+008,8.606672087303592E-003,
2.393735317717718E+008,1.091941900197718E-002,
2.443583970170170E+008,1.338618564158140E-002,
2.493432622622623E+008,1.740448587042212E-002,
2.543281275075075E+008,2.303831321413928E-002,
2.593129927527528E+008,3.050755613714548E-002,
2.642978579979980E+008,4.172932100356395E-002,
2.692827232432432E+008,5.946024405373972E-002,
2.742675884884885E+008,9.300260024405500E-002,
2.792524537337337E+008,1.622955615302762E-001,
2.842373189789790E+008,2.151624656722264E-001,
2.892221842242242E+008,1.407627343295408E-001,
2.942070494694695E+008,9.252026437015967E-002,
2.991919147147147E+008,6.747573219723813E-002,
3.041767799599600E+008,5.299926671115826E-002,
3.091616452052052E+008,4.399032677335184E-002,
3.141465104504505E+008,3.693495688174772E-002,
3.191313756956957E+008,3.131338594849890E-002,
3.241162409409409E+008,2.704342314942842E-002,
3.291011061861862E+008,2.335015420859451E-002,
3.340859714314314E+008,2.029142503043410E-002,
3.390708366766767E+008,1.713717346400442E-002,
3.440557019219219E+008,1.427856227736832E-002,
3.490405671671672E+008,1.224331992004716E-002,
3.540254324124124E+008,1.041876885234297E-002,
3.590102976576577E+008,9.466489694961236E-003,
3.639951629029029E+008,8.034621710425908E-003,
3.689800281481482E+008,7.358949515006483E-003,
3.739648933933934E+008,6.508418895566969E-003,
3.789497586386386E+008,6.016358659127706E-003,
3.839346238838839E+008,6.743927839956812E-003,
3.889194891291291E+008,7.638507198572152E-003,
3.939043543743744E+008,8.649916297996062E-003,
3.988892196196196E+008,9.639635041908911E-003,
4.038740848648649E+008,1.060569718206021E-002,
4.088589501101101E+008,1.205427256651332E-002,
4.138438153553554E+008,1.357650829386826E-002,
4.188286806006006E+008,1.454666933385556E-002,
4.238135458458459E+008,1.572978238107545E-002,
4.287984110910911E+008,1.582715549586946E-002,
4.337832763363363E+008,1.554454470515548E-002,
4.387681415815816E+008,1.543264208101606E-002,
4.437530068268268E+008,1.502394808981786E-002,
4.487378720720721E+008,1.477147949036464E-002,
4.537227373173173E+008,1.484314954608323E-002,
4.587076025625626E+008,1.502243364815028E-002,
4.636924678078078E+008,1.542934077556868E-002,
4.686773330530531E+008,1.590280897118065E-002,
4.736621982982983E+008,1.639881848993104E-002,
4.786470635435436E+008,1.765093617256340E-002,
4.836319287887888E+008,1.940441475290484E-002,
4.886167940340340E+008,2.105356400221813E-002,
4.936016592792793E+008,2.225786438783266E-002,
4.985865245245245E+008,2.436117691417089E-002,
5.035713897697698E+008,2.618723735124923E-002,
5.085562550150150E+008,2.694482730481303E-002,
5.135411202602603E+008,2.760339765663012E-002,
5.185259855055055E+008,2.797194485639277E-002,
5.235108507507508E+008,2.880117669918175E-002,
5.284957159959960E+008,2.942142098969552E-002,
5.334805812412412E+008,3.083217785990694E-002,
5.384654464864864E+008,3.233415591648076E-002,
5.434503117317318E+008,3.386684476525624E-002,
5.484351769769770E+008,3.536759420555977E-002,
5.534200422222222E+008,3.783232950489791E-002,
5.584049074674674E+008,4.005232398940634E-002,
5.633897727127128E+008,4.263484969940201E-002,
5.683746379579580E+008,4.537612955050115E-002,
5.733595032032032E+008,4.886307982281439E-002,
5.783443684484484E+008,5.241611169286835E-002,
5.833292336936938E+008,5.463347529390369E-002,
5.883140989389390E+008,5.594092550306553E-002,
5.932989641841842E+008,5.727200438553936E-002,
5.982838294294294E+008,5.754696156676176E-002,
6.032686946746746E+008,5.793535417749186E-002,
6.082535599199200E+008,5.840307141682818E-002,
6.132384251651652E+008,5.899559807192360E-002,
6.182232904104104E+008,6.048072580060073E-002,
6.232081556556556E+008,6.131357678921431E-002,
6.281930209009010E+008,6.302501542156867E-002,
6.331778861461462E+008,6.305415967736680E-002,
6.381627513913914E+008,6.399723807194223E-002,
6.431476166366366E+008,6.651442663776906E-002,
6.481324818818818E+008,6.958917535388018E-002,
6.531173471271272E+008,7.213281896909665E-002,
6.581022123723724E+008,7.566565329179724E-002,
6.630870776176176E+008,7.960361459661498E-002,
6.680719428628628E+008,8.340471749914774E-002,
6.730568081081082E+008,8.776892717767107E-002,
6.780416733533534E+008,9.179345422599448E-002,
6.830265385985986E+008,9.566914228805525E-002,
6.880114038438438E+008,9.957893586229664E-002,
6.929962690890890E+008,1.051023671265989E-001,
6.979811343343344E+008,1.095826236980992E-001,
7.029659995795796E+008,1.135757260503188E-001,
7.079508648248248E+008,1.167635559775408E-001,
7.129357300700700E+008,1.195106937216549E-001,
7.179205953153154E+008,1.231809841720105E-001,
7.229054605605606E+008,1.256021300436602E-001,
7.278903258058058E+008,1.267993012186024E-001,
7.328751910510510E+008,1.288969399043677E-001,
7.378600562962964E+008,1.330806096548677E-001,
7.428449215415416E+008,1.381670244131071E-001,
7.478297867867868E+008,1.442540851877552E-001,
7.528146520320320E+008,1.517757913742409E-001,
7.577995172772772E+008,1.615876791842502E-001,
7.627843825225226E+008,1.709754728048495E-001,
7.677692477677678E+008,1.779008056332271E-001,
7.727541130130130E+008,1.811879867598102E-001,
7.777389782582582E+008,1.814488543242235E-001,
7.827238435035036E+008,1.804516170347201E-001,
7.877087087487488E+008,1.768155401225622E-001,
7.926935739939940E+008,1.724377324675199E-001,
7.976784392392392E+008,1.693647630906936E-001,
8.026633044844844E+008,1.677757970204957E-001,
8.076481697297298E+008,1.658460632268922E-001,
8.126330349749750E+008,1.629473257687374E-001,
8.176179002202202E+008,1.611236349111813E-001,
8.226027654654654E+008,1.598031368615712E-001,
8.275876307107108E+008,1.590153799161282E-001,
8.325724959559560E+008,1.575225594202162E-001,
8.375573612012012E+008,1.569207396412501E-001,
8.425422264464464E+008,1.551930278068082E-001,
8.475270916916918E+008,1.534975042796557E-001,
8.525119569369370E+008,1.512100661848566E-001,
8.574968221821822E+008,1.500557751299410E-001,
8.624816874274274E+008,1.466257307797753E-001,
8.674665526726726E+008,1.423798530488353E-001,
8.724514179179180E+008,1.380851744997118E-001,
8.774362831631632E+008,1.322835210176590E-001,
8.824211484084084E+008,1.256960925343600E-001,
8.874060136536536E+008,1.203945016283766E-001,
8.923908788988990E+008,1.195290301257764E-001,
8.973757441441442E+008,1.218408340830687E-001,
9.023606093893894E+008,1.253699852572475E-001,
9.073454746346346E+008,1.271264871042039E-001,
9.123303398798798E+008,1.283115712088914E-001,
9.173152051251252E+008,1.294774618203002E-001,
9.223000703703704E+008,1.312845876649747E-001,
9.272849356156156E+008,1.334399482985366E-001,
9.322698008608608E+008,1.338662112933437E-001,
9.372546661061062E+008,1.340098670986828E-001,
9.422395313513514E+008,1.339133031840811E-001,
9.472243965965966E+008,1.323276495525187E-001,
9.522092618418418E+008,1.302947243561527E-001,
9.571941270870872E+008,1.285022797118897E-001,
9.621789923323324E+008,1.263220424620610E-001,
9.671638575775776E+008,1.231387924349464E-001,
9.721487228228228E+008,1.212161101352420E-001,
9.771335880680680E+008,1.202778582202046E-001,
9.821184533133134E+008,1.181997340620789E-001,
9.871033185585586E+008,1.166646781860230E-001,
9.920881838038038E+008,1.164554867118067E-001,
9.970730490490490E+008,1.167371110265533E-001,
1.002057914294294E+009,1.173435202532533E-001,
1.007042779539540E+009,1.186771707426026E-001,
1.012027644784785E+009,1.211341032789659E-001,
1.017012510030030E+009,1.236948359369717E-001,
1.021997375275275E+009,1.255742443898607E-001,
1.026982240520521E+009,1.262796866409463E-001,
1.031967105765766E+009,1.280035336871724E-001,
1.036951971011011E+009,1.293614368310557E-001,
1.041936836256256E+009,1.299582737528459E-001,
1.046921701501502E+009,1.299104226530182E-001,
1.051906566746747E+009,1.283726105962711E-001,
1.056891431991992E+009,1.252964713788230E-001,
1.061876297237237E+009,1.209563342445936E-001,
1.066861162482482E+009,1.167216920940320E-001,
1.071846027727728E+009,1.133309799593118E-001,
1.076830892972973E+009,1.098881007306742E-001,
1.081815758218218E+009,1.064227346349301E-001,
1.086800623463464E+009,1.032969110472393E-001,
1.091785488708709E+009,1.014868514281813E-001,
1.096770353953954E+009,1.012839908377797E-001,
1.101755219199199E+009,1.012027045161985E-001,
1.106740084444444E+009,1.014673179593688E-001,
1.111724949689690E+009,1.020149353282975E-001,
1.116709814934935E+009,1.029292814224422E-001,
1.121694680180180E+009,1.029786219167107E-001,
1.126679545425426E+009,1.024142386572327E-001,
1.131664410670671E+009,1.022294597683890E-001,
1.136649275915916E+009,1.021956526400400E-001,
1.141634141161161E+009,1.005918473464342E-001,
1.146619006406406E+009,9.938187900887205E-002,
1.151603871651652E+009,9.752597491150411E-002,
1.156588736896897E+009,9.648642208101220E-002,
1.161573602142142E+009,9.661366922139879E-002,
1.166558467387388E+009,9.721131596361032E-002,
1.171543332632633E+009,9.870300451668050E-002,
1.176528197877878E+009,1.001835822564574E-001,
1.181513063123123E+009,1.015975633407600E-001,
1.186497928368368E+009,1.026218114701545E-001,
1.191482793613614E+009,1.021304777794450E-001,
1.196467658858859E+009,1.011659785782547E-001,
1.201452524104104E+009,9.878518937815901E-002,
1.206437389349349E+009,9.706627012938776E-002,
1.211422254594595E+009,9.535644310617668E-002,
1.216407119839840E+009,9.441398676155799E-002,
1.221391985085085E+009,9.261917466141309E-002,
1.226376850330330E+009,9.113605685839316E-002,
1.231361715575576E+009,8.824729204671444E-002,
1.236346580820821E+009,8.461981599196838E-002,
1.241331446066066E+009,8.097213678201275E-002,
1.246316311311311E+009,7.759022250165788E-002,
1.251301176556557E+009,7.473541455092880E-002,
1.256286041801802E+009,7.250947659432563E-002,
1.261270907047047E+009,7.089003161896082E-002,
1.266255772292292E+009,7.088425166291680E-002,
1.271240637537538E+009,7.090259460811618E-002,
1.276225502782783E+009,7.199470695586985E-002,
1.281210368028028E+009,7.320036195440668E-002,
1.286195233273273E+009,7.467777524650011E-002,
1.291180098518518E+009,7.609467968559786E-002,
1.296164963763764E+009,7.682146183137618E-002,
1.301149829009009E+009,7.732805667053508E-002,
1.306134694254254E+009,7.656486856291367E-002,
1.311119559499500E+009,7.548238749771101E-002,
1.316104424744745E+009,7.455809523719174E-002,
1.321089289989990E+009,7.309912544746694E-002,
1.326074155235235E+009,7.187250906499536E-002,
1.331059020480480E+009,7.056059660129913E-002,
1.336043885725726E+009,6.931474275023862E-002,
1.341028750970971E+009,6.696054355358995E-002,
1.346013616216216E+009,6.502078558332033E-002,
1.350998481461462E+009,6.308745800967318E-002,
1.355983346706707E+009,6.176053717938057E-002,
1.360968211951952E+009,6.048118595036515E-002,
1.365953077197197E+009,5.886334640626316E-002,
1.370937942442442E+009,5.761378525806058E-002,
1.375922807687688E+009,5.757384462223123E-002,
1.380907672932933E+009,5.773129314568514E-002,
1.385892538178178E+009,5.860722124906617E-002,
1.390877403423424E+009,5.853802715272104E-002,
1.395862268668669E+009,5.755529966894168E-002,
1.400847133913914E+009,5.700241795932549E-002,
1.405831999159159E+009,5.555491512203231E-002,
1.410816864404404E+009,5.406660702735704E-002,
1.415801729649650E+009,5.258604826680486E-002,
1.420786594894895E+009,5.049665585779366E-002,
1.425771460140140E+009,4.830646472798248E-002,
1.430756325385386E+009,4.649235429356798E-002,
1.435741190630631E+009,4.578826675780204E-002,
1.440726055875876E+009,4.602493733216517E-002,
1.445710921121121E+009,4.570146640020368E-002,
1.450695786366366E+009,4.639750204696382E-002,
1.455680651611612E+009,4.712256966238861E-002,
1.460665516856857E+009,4.907532877644124E-002,
1.465650382102102E+009,4.987373151569912E-002,
1.470635247347347E+009,5.104227675235729E-002,
1.475620112592593E+009,5.230529283642524E-002,
1.480604977837838E+009,5.260395678252052E-002,
1.485589843083083E+009,5.269548724143449E-002,
1.490574708328328E+009,5.253742243095387E-002,
1.495559573573574E+009,5.158973329365906E-002,
1.500544438818819E+009,5.127537753652482E-002,
1.505529304064064E+009,5.067656987994962E-002,
1.510514169309309E+009,4.954619660725000E-002,
1.515499034554555E+009,4.885110528267794E-002,
1.520483899799800E+009,4.819519347294880E-002,
1.525468765045045E+009,4.724965310306988E-002,
1.530453630290290E+009,4.658706791046834E-002,
1.535438495535536E+009,4.623294246671904E-002,
1.540423360780781E+009,4.655110774320488E-002,
1.545408226026026E+009,4.629505262904578E-002,
1.550393091271271E+009,4.660167368981966E-002,
1.555377956516516E+009,4.677436476122472E-002,
1.560362821761762E+009,4.751489520042973E-002,
1.565347687007007E+009,4.769999465439724E-002,
1.570332552252252E+009,4.712611938993270E-002,
1.575317417497498E+009,4.643516210726809E-002,
1.580302282742743E+009,4.491016560989247E-002,
1.585287147987988E+009,4.361586608855467E-002,
1.590272013233233E+009,4.215203082761525E-002,
1.595256878478478E+009,4.049057730573957E-002,
1.600241743723724E+009,3.880853585996171E-002,
1.605226608968969E+009,3.787133063220662E-002,
1.610211474214214E+009,3.715729882960132E-002,
1.615196339459460E+009,3.713790730412440E-002,
1.620181204704705E+009,3.668146683972322E-002,
1.625166069949950E+009,3.652454390250652E-002,
1.630150935195195E+009,3.652482008307414E-002,
1.635135800440440E+009,3.638904197657888E-002,
1.640120665685686E+009,3.698089179814310E-002,
1.645105530930931E+009,3.781448024879489E-002,
1.650090396176176E+009,3.826711393795360E-002,
1.655075261421422E+009,3.941051916601081E-002,
1.660060126666667E+009,4.014957704779101E-002,
1.665044991911912E+009,4.038761460047347E-002,
1.670029857157157E+009,4.019536967348696E-002,
1.675014722402402E+009,3.968400662861547E-002,
1.679999587647648E+009,3.961991852061098E-002,
1.684984452892893E+009,3.922960686986447E-002,
1.689969318138138E+009,3.885719798428451E-002,
1.694954183383384E+009,3.898345449385640E-002,
1.699939048628629E+009,3.845750852767988E-002,
1.704923913873874E+009,3.744108858850741E-002,
1.709908779119119E+009,3.708627913100362E-002,
1.714893644364364E+009,3.618311353146605E-002,
1.719878509609610E+009,3.505052355567375E-002,
1.724863374854855E+009,3.498163231464040E-002,
1.729848240100100E+009,3.462905840126424E-002,
1.734833105345345E+009,3.379875856365266E-002,
1.739817970590591E+009,3.376184454861848E-002,
1.744802835835836E+009,3.306536553519642E-002,
1.749787701081081E+009,3.298918390255873E-002,
1.754772566326326E+009,3.303245441961204E-002,
1.759757431571572E+009,3.382486835532581E-002,
1.764742296816817E+009,3.498272672825975E-002,
1.769727162062062E+009,3.660382528884018E-002,
1.774712027307307E+009,3.742475036362612E-002,
1.779696892552553E+009,3.785643805887569E-002,
1.784681757797798E+009,3.837748693720037E-002,
1.789666623043043E+009,3.893562302526302E-002,
1.794651488288288E+009,3.922642283501382E-002,
1.799636353533534E+009,3.965093815270102E-002,
1.804621218778779E+009,4.000627456853861E-002,
1.809606084024024E+009,3.967451054160958E-002,
1.814590949269269E+009,3.961256010334893E-002,
1.819575814514514E+009,3.982680332381648E-002,
1.824560679759760E+009,3.992658704389807E-002,
1.829545545005005E+009,4.060562333982760E-002,
1.834530410250250E+009,4.114122366415438E-002,
1.839515275495496E+009,4.112926928914194E-002,
1.844500140740741E+009,4.060860051651669E-002,
1.849485005985986E+009,3.982899297168020E-002,
1.854469871231231E+009,3.941998872816342E-002,
1.859454736476476E+009,3.860741319787338E-002,
1.864439601721722E+009,3.774429448612016E-002,
1.869424466966967E+009,3.703310258965434E-002,
1.874409332212212E+009,3.695923085726770E-002,
1.879394197457458E+009,3.701046556491277E-002,
1.884379062702703E+009,3.752832470107745E-002,
1.889363927947948E+009,3.765745061045297E-002,
1.894348793193193E+009,3.721787841355752E-002,
1.899333658438438E+009,3.731824931914331E-002,
1.904318523683684E+009,3.705151460177442E-002,
1.909303388928929E+009,3.726411767332691E-002,
1.914288254174174E+009,3.672161975570477E-002,
1.919273119419420E+009,3.603383370821536E-002,
1.924257984664665E+009,3.522077405296043E-002,
1.929242849909910E+009,3.498491432213748E-002,
1.934227715155155E+009,3.414018537176141E-002,
1.939212580400400E+009,3.296422339825118E-002,
1.944197445645646E+009,3.132767362833139E-002,
1.949182310890891E+009,2.889147679419545E-002,
1.954167176136136E+009,2.714127219309472E-002,
1.959152041381382E+009,2.578819760127633E-002,
1.964136906626627E+009,2.424344746890668E-002,
1.969121771871872E+009,2.255144697572737E-002,
1.974106637117117E+009,2.097302245795443E-002,
1.979091502362362E+009,1.970202373419261E-002,
1.984076367607608E+009,1.741488422209921E-002,
1.989061232852853E+009,1.510931674321413E-002,
1.994046098098098E+009,1.355002888257881E-002,
1.999030963343343E+009,1.318072679641540E-002,
2.004015828588589E+009,1.285183193480946E-002,
2.009000693833834E+009,1.288459830744771E-002,
2.013985559079079E+009,1.203034805823770E-002,
2.018970424324324E+009,1.215946251717759E-002,
2.023955289569570E+009,1.129979734622538E-002,
2.028940154814815E+009,1.079087142669768E-002,
2.033925020060060E+009,1.059260755665553E-002,
2.038909885305305E+009,1.098145769672004E-002,
2.043894750550551E+009,1.104950180463524E-002,
2.048879615795796E+009,1.078205675966660E-002,
2.053864481041041E+009,1.076792781290758E-002,
2.058849346286286E+009,1.033199451373584E-002,
2.063834211531532E+009,9.102649786901789E-003,
2.068819076776777E+009,8.314794660888270E-003,
2.073803942022022E+009,7.998787490686974E-003,
2.078788807267267E+009,6.881398604110985E-003,
2.083773672512512E+009,6.873832928741935E-003,
2.088758537757758E+009,7.278573333085395E-003,
2.093743403003003E+009,7.796887634609686E-003,
2.098728268248248E+009,8.453958603369605E-003,
2.103713133493494E+009,8.867269319711272E-003,
2.108697998738739E+009,9.051843231583708E-003,
2.113682863983984E+009,8.756768264846272E-003,
2.118667729229229E+009,8.457093100087175E-003,
2.123652594474474E+009,8.130849842197592E-003,
2.128637459719720E+009,7.766510973033305E-003,
2.133622324964965E+009,7.713329014180257E-003,
2.138607190210210E+009,8.024544054550779E-003,
2.143592055455456E+009,8.442880140424542E-003,
2.148576920700701E+009,8.971952097595524E-003,
2.153561785945946E+009,9.517942240989672E-003,
2.158546651191191E+009,1.013392557107558E-002,
2.163531516436437E+009,1.058291142545388E-002,
2.168516381681682E+009,1.101556346062042E-002,
2.173501246926927E+009,1.109970511159123E-002,
2.178486112172172E+009,1.115727086203057E-002,
2.183470977417418E+009,1.144542972611102E-002,
2.188455842662663E+009,1.185500183133377E-002,
2.193440707907908E+009,1.238400345367424E-002,
2.198425573153153E+009,1.308301898265041E-002,
2.203410438398398E+009,1.363933271870141E-002,
2.208395303643644E+009,1.441017676292650E-002,
2.213380168888889E+009,1.501260960247453E-002,
2.218365034134134E+009,1.507067831382680E-002,
2.223349899379379E+009,1.540304005400907E-002,
2.228334764624625E+009,1.576020125079215E-002,
2.233319629869870E+009,1.649974488931553E-002,
2.238304495115115E+009,1.689466020995378E-002,
2.243289360360360E+009,1.732188265412999E-002,
2.248274225605606E+009,1.735938861966090E-002,
2.253259090850851E+009,1.764482252374375E-002,
2.258243956096096E+009,1.804573022576453E-002,
2.263228821341342E+009,1.835419692160658E-002,
2.268213686586587E+009,1.900262113524348E-002,
2.273198551831832E+009,1.871378945600409E-002,
2.278183417077077E+009,1.907029254427262E-002,
2.283168282322322E+009,1.961845569953604E-002,
2.288153147567567E+009,1.941703121952791E-002,
2.293138012812813E+009,1.993705173477128E-002,
2.298122878058058E+009,2.054089488044380E-002,
2.303107743303303E+009,2.104867926005813E-002,
2.308092608548549E+009,2.151008292106353E-002,
2.313077473793794E+009,2.205347921515659E-002,
2.318062339039039E+009,2.250881300358853E-002,
2.323047204284284E+009,2.273875740376763E-002,
2.328032069529530E+009,2.230280414257480E-002,
2.333016934774775E+009,2.246566276065179E-002,
2.338001800020020E+009,2.235683109681133E-002,
2.342986665265266E+009,2.187006233036760E-002,
2.347971530510510E+009,2.178863944357525E-002,
2.352956395755756E+009,2.250158374955741E-002,
2.357941261001001E+009,2.240774781076244E-002,
2.362926126246246E+009,2.327203392833321E-002,
2.367910991491491E+009,2.407529029716238E-002,
2.372895856736737E+009,2.488173160479259E-002,
2.377880721981982E+009,2.532814001968826E-002,
2.382865587227227E+009,2.589907756874042E-002,
2.387850452472473E+009,2.684175077687609E-002,
2.392835317717718E+009,2.822128872698618E-002,
2.397820182962963E+009,2.990032762238629E-002,
2.402805048208208E+009,3.040489864760830E-002,
2.407789913453454E+009,3.155007619088159E-002,
2.412774778698699E+009,3.281959789612546E-002,
2.417759643943944E+009,3.377135621874138E-002,
2.422744509189189E+009,3.425980124473128E-002,
2.427729374434434E+009,3.510604144809224E-002,
2.432714239679680E+009,3.488359305485684E-002,
2.437699104924925E+009,3.464604248902501E-002,
2.442683970170170E+009,3.452808423262713E-002,
2.447668835415415E+009,3.453658598405951E-002,
2.452653700660661E+009,3.466216553131667E-002,
2.457638565905906E+009,3.417392941296460E-002,
2.462623431151151E+009,3.415953354302601E-002,
2.467608296396397E+009,3.375539745146208E-002,
2.472593161641642E+009,3.451615137277053E-002,
2.477578026886887E+009,3.494702783405728E-002,
2.482562892132132E+009,3.488098252729411E-002,
2.487547757377378E+009,3.560487204997685E-002,
2.492532622622623E+009,3.675168218320187E-002,
2.497517487867868E+009,3.751096986948496E-002,
2.502502353113113E+009,3.853799941557698E-002,
2.507487218358358E+009,3.965509788025257E-002,
2.512472083603604E+009,4.114371904260387E-002,
2.517456948848849E+009,4.241399119053340E-002,
2.522441814094094E+009,4.393648522291149E-002,
2.527426679339339E+009,4.535321957632588E-002,
2.532411544584585E+009,4.610305779135245E-002,
2.537396409829830E+009,4.644915251462710E-002,
2.542381275075075E+009,4.700584852757416E-002,
2.547366140320320E+009,4.687904849785202E-002,
2.552351005565566E+009,4.658280747602271E-002,
2.557335870810811E+009,4.639680690878414E-002,
2.562320736056056E+009,4.573991993304737E-002,
2.567305601301302E+009,4.522823177492491E-002,
2.572290466546547E+009,4.338531197405739E-002,
2.577275331791792E+009,4.250144337464665E-002,
2.582260197037037E+009,4.175454337128475E-002,
2.587245062282282E+009,4.078367706330748E-002,
2.592229927527527E+009,3.996724349400948E-002,
2.597214792772773E+009,3.913962955133377E-002,
2.602199658018018E+009,3.854178551310435E-002,
2.607184523263263E+009,3.771796942410279E-002,
2.612169388508509E+009,3.690168275048741E-002,
2.617154253753754E+009,3.705176131534629E-002,
2.622139118998999E+009,3.715762548348937E-002,
2.627123984244244E+009,3.702556895826092E-002,
2.632108849489490E+009,3.735380982897821E-002,
2.637093714734735E+009,3.790913337992310E-002,
2.642078579979980E+009,3.756069185864291E-002,
2.647063445225225E+009,3.763695131253297E-002,
2.652048310470470E+009,3.815250350238320E-002,
2.657033175715716E+009,3.900794221463325E-002,
2.662018040960961E+009,3.893815020708220E-002,
2.667002906206206E+009,3.995347944633119E-002,
2.671987771451451E+009,4.015480209648752E-002,
2.676972636696697E+009,3.984583144139764E-002,
2.681957501941942E+009,3.958988208616459E-002,
2.686942367187187E+009,3.975221613041607E-002,
2.691927232432433E+009,4.011571929349209E-002,
2.696912097677678E+009,4.027784836523087E-002,
2.701896962922923E+009,3.985629756344904E-002,
2.706881828168168E+009,3.932201685131657E-002,
2.711866693413414E+009,3.915630519197495E-002,
2.716851558658659E+009,3.808297357560053E-002,
2.721836423903904E+009,3.692699623137357E-002,
2.726821289149149E+009,3.599397808972580E-002,
2.731806154394394E+009,3.436752704202860E-002,
2.736791019639640E+009,3.285488485486023E-002,
2.741775884884885E+009,3.177274148315946E-002,
2.746760750130130E+009,3.198686935726064E-002,
2.751745615375375E+009,3.156870502610428E-002,
2.756730480620621E+009,3.165704123727550E-002,
2.761715345865866E+009,3.250130749734587E-002,
2.766700211111111E+009,3.257735644768033E-002,
2.771685076356356E+009,3.299532909622790E-002,
2.776669941601602E+009,3.234988018899846E-002,
2.781654806846847E+009,3.132548924293494E-002,
2.786639672092092E+009,3.068417058280907E-002,
2.791624537337338E+009,3.078264418388099E-002,
2.796609402582583E+009,2.956536623500785E-002,
2.801594267827828E+009,2.920677379694217E-002,
2.806579133073073E+009,2.837089744664840E-002,
2.811563998318318E+009,2.774299513466637E-002,
2.816548863563564E+009,2.723294726243196E-002,
2.821533728808809E+009,2.633816457791530E-002,
2.826518594054054E+009,2.649218962888624E-002,
2.831503459299299E+009,2.593414548342081E-002,
2.836488324544545E+009,2.598714698145451E-002,
2.841473189789790E+009,2.561437793904105E-002,
2.846458055035035E+009,2.553070606471203E-002,
2.851442920280280E+009,2.468367395134277E-002,
2.856427785525526E+009,2.465878334467070E-002,
2.861412650770771E+009,2.414835063424909E-002,
2.866397516016016E+009,2.415574908515720E-002,
2.871382381261262E+009,2.372880102885626E-002,
2.876367246506506E+009,2.301372180682773E-002,
2.881352111751752E+009,2.295556155915681E-002,
2.886336976996997E+009,2.227962046920604E-002,
2.891321842242242E+009,2.129904539494182E-002,
2.896306707487487E+009,2.071036601398227E-002,
2.901291572732733E+009,1.943137122471105E-002,
2.906276437977978E+009,1.844445038076297E-002,
2.911261303223223E+009,1.757748096471182E-002,
2.916246168468469E+009,1.715956534270808E-002,
2.921231033713714E+009,1.620541035790554E-002,
2.926215898958959E+009,1.491973445777687E-002,
2.931200764204204E+009,1.467405985455528E-002,
2.936185629449450E+009,1.426919395397264E-002,
2.941170494694695E+009,1.400763497020540E-002,
2.946155359939940E+009,1.423438946726860E-002,
2.951140225185185E+009,1.392203860301109E-002,
2.956125090430430E+009,1.396308171056431E-002,
2.961109955675676E+009,1.382579117832958E-002,
2.966094820920921E+009,1.356560462374049E-002,
2.971079686166166E+009,1.281525215564026E-002,
2.976064551411411E+009,1.157613722188303E-002,
2.981049416656657E+009,1.133040834778457E-002,
2.986034281901902E+009,1.027247571706492E-002,
2.991019147147147E+009,9.417512817177835E-003,
2.996004012392393E+009,8.594232972980417E-003,
3.000988877637638E+009,7.827907371991818E-003,
3.005973742882883E+009,7.308768823152140E-003,
3.010958608128128E+009,6.929706501905474E-003,
3.015943473373374E+009,6.501078395734999E-003,
3.020928338618619E+009,5.939279712162102E-003,
3.025913203863864E+009,5.246295952328988E-003,
3.030898069109109E+009,4.654332295769018E-003,
3.035882934354354E+009,4.158785039377774E-003,
3.040867799599600E+009,3.856514345972117E-003,
3.045852664844845E+009,3.636616523853662E-003,
3.050837530090090E+009,3.593553953281935E-003,
3.055822395335335E+009,3.495097282364113E-003,
3.060807260580581E+009,3.570433768548314E-003,
3.065792125825826E+009,3.576725483107155E-003,
3.070776991071071E+009,3.531636978243313E-003,
3.075761856316316E+009,3.500673613875640E-003,
3.080746721561562E+009,3.457696705225089E-003,
3.085731586806807E+009,3.601444693303148E-003,
3.090716452052052E+009,3.381068494963343E-003,
3.095701317297298E+009,3.017260870517227E-003,
3.100686182542543E+009,2.705240035744172E-003,
3.105671047787788E+009,2.177746438046120E-003,
3.110655913033033E+009,1.832765672860716E-003,
3.115640778278278E+009,1.560890081633493E-003,
3.120625643523523E+009,1.438418847193145E-003,
3.125610508768769E+009,1.553815448208154E-003,
3.130595374014014E+009,1.843129651171893E-003,
3.135580239259259E+009,2.102625356055037E-003,
3.140565104504505E+009,2.613273714095538E-003,
3.145549969749750E+009,3.167097257231597E-003,
3.150534834994995E+009,3.610577882807527E-003,
3.155519700240240E+009,4.102508112151549E-003,
3.160504565485486E+009,4.493256555034018E-003,
3.165489430730731E+009,5.064002727060336E-003,
3.170474295975976E+009,5.637337475320676E-003,
3.175459161221221E+009,5.996952530276204E-003,
3.180444026466466E+009,6.310766296100133E-003,
3.185428891711712E+009,6.663801745374989E-003,
3.190413756956957E+009,7.034960199911533E-003,
3.195398622202202E+009,7.130409001973627E-003,
3.200383487447447E+009,7.248112229911515E-003,
3.205368352692693E+009,7.037188340966915E-003,
3.210353217937938E+009,6.923008253914271E-003,
3.215338083183183E+009,6.763205788723045E-003,
3.220322948428429E+009,7.070214008261936E-003,
3.225307813673674E+009,7.465043349811833E-003,
3.230292678918919E+009,7.862885092732905E-003,
3.235277544164164E+009,8.361958093199548E-003,
3.240262409409410E+009,8.839070119041524E-003,
3.245247274654655E+009,9.174125044112505E-003,
3.250232139899900E+009,9.590022429057906E-003,
3.255217005145145E+009,9.756304426245185E-003,
3.260201870390390E+009,9.899809650593271E-003,
3.265186735635636E+009,9.916516951213905E-003,
3.270171600880881E+009,1.029583202913550E-002,
3.275156466126126E+009,1.061622276893826E-002,
3.280141331371371E+009,1.092004877843298E-002,
3.285126196616617E+009,1.109028283739499E-002,
3.290111061861862E+009,1.110269656241300E-002,
3.295095927107107E+009,1.117286430455365E-002,
3.300080792352352E+009,1.131097981118441E-002,
3.305065657597598E+009,1.175191246784962E-002,
3.310050522842843E+009,1.209979750172359E-002,
3.315035388088088E+009,1.252955589393946E-002,
3.320020253333334E+009,1.284253759385105E-002,
3.325005118578579E+009,1.312593847923862E-002,
3.329989983823824E+009,1.321454393479962E-002,
3.334974849069069E+009,1.355099653644545E-002,
3.339959714314314E+009,1.376730383701072E-002,
3.344944579559560E+009,1.411314830104964E-002,
3.349929444804805E+009,1.444887521066412E-002,
3.354914310050050E+009,1.479190727049395E-002,
3.359899175295295E+009,1.497477206754287E-002,
3.364884040540541E+009,1.507246213231202E-002,
3.369868905785786E+009,1.515249667591528E-002,
3.374853771031031E+009,1.526209802852873E-002,
3.379838636276276E+009,1.511569246879714E-002,
3.384823501521522E+009,1.489225806478429E-002,
3.389808366766767E+009,1.472953737224156E-002,
3.394793232012012E+009,1.476781259606857E-002,
3.399778097257258E+009,1.507152979879213E-002,
3.404762962502502E+009,1.552859077494420E-002,
3.409747827747748E+009,1.607099469273053E-002,
3.414732692992993E+009,1.660308812317330E-002,
3.419717558238238E+009,1.692232646217795E-002,
3.424702423483483E+009,1.708695238438087E-002,
3.429687288728729E+009,1.718625320090018E-002,
3.434672153973974E+009,1.736180978605698E-002,
3.439657019219219E+009,1.754467632173851E-002,
3.444641884464465E+009,1.775418379401176E-002,
3.449626749709710E+009,1.806786555158566E-002,
3.454611614954955E+009,1.826724962389185E-002,
3.459596480200200E+009,1.820478112784389E-002,
3.464581345445446E+009,1.832273088743339E-002,
3.469566210690691E+009,1.928159163628884E-002,
3.474551075935936E+009,1.925757963464846E-002,
3.479535941181181E+009,1.885046799616607E-002,
3.484520806426426E+009,1.927518044413246E-002,
3.489505671671672E+009,2.020558188472076E-002,
3.494490536916917E+009,2.008591757622015E-002,
3.499475402162162E+009,2.053332867257669E-002,
3.504460267407407E+009,1.990893891475495E-002,
3.509445132652653E+009,2.009570135596438E-002,
3.514429997897898E+009,2.018500634603723E-002,
3.519414863143143E+009,2.005399989143825E-002,
3.524399728388389E+009,2.020713491208235E-002,
3.529384593633634E+009,2.089664265053136E-002,
3.534369458878879E+009,2.035561388256359E-002,
3.539354324124124E+009,1.964384997090314E-002,
3.544339189369370E+009,1.959746151374600E-002,
3.549324054614615E+009,1.884760298428122E-002,
3.554308919859860E+009,1.892820929044249E-002,
3.559293785105105E+009,2.011501422317450E-002,
3.564278650350350E+009,1.924838986970753E-002,
3.569263515595596E+009,1.863331505389189E-002,
3.574248380840841E+009,1.884025041886448E-002,
3.579233246086086E+009,1.866817043338330E-002,
3.584218111331331E+009,1.982000535782081E-002,
3.589202976576577E+009,1.947877959988923E-002,
3.594187841821822E+009,2.005395349560145E-002,
3.599172707067067E+009,2.078097539939701E-002,
3.604157572312312E+009,2.141957891620972E-002,
3.609142437557558E+009,2.154557262680197E-002,
3.614127302802803E+009,2.159371833687644E-002,
3.619112168048048E+009,2.075513963157772E-002,
3.624097033293294E+009,2.038653087392081E-002,
3.629081898538539E+009,2.003722506776517E-002,
3.634066763783784E+009,2.007030448944632E-002,
3.639051629029029E+009,1.945028778597481E-002,
3.644036494274274E+009,1.883128643650107E-002,
3.649021359519519E+009,1.881891681177673E-002,
3.654006224764765E+009,1.775607446261386E-002,
3.658991090010010E+009,1.742363306208374E-002,
3.663975955255255E+009,1.720306384335174E-002,
3.668960820500501E+009,1.751734281551898E-002,
3.673945685745746E+009,1.732440670193889E-002,
3.678930550990991E+009,1.691897803980529E-002,
3.683915416236236E+009,1.676164882498217E-002,
3.688900281481482E+009,1.697244950273554E-002,
3.693885146726727E+009,1.705226391013173E-002,
3.698870011971972E+009,1.733503837541821E-002,
3.703854877217217E+009,1.725561778102559E-002,
3.708839742462462E+009,1.687108928824397E-002,
3.713824607707708E+009,1.705737142777613E-002,
3.718809472952953E+009,1.647712570867889E-002,
3.723794338198198E+009,1.596802445540988E-002,
3.728779203443443E+009,1.671210117988410E-002,
3.733764068688689E+009,1.624823034365273E-002,
3.738748933933934E+009,1.606365694771253E-002,
3.743733799179179E+009,1.605062935649032E-002,
3.748718664424425E+009,1.604379435276701E-002,
3.753703529669670E+009,1.591742291710589E-002,
3.758688394914915E+009,1.593353095399580E-002,
3.763673260160160E+009,1.592977931080831E-002,
3.768658125405406E+009,1.645000308698181E-002,
3.773642990650651E+009,1.626191415632459E-002,
3.778627855895896E+009,1.561230202742821E-002,
3.783612721141141E+009,1.603515034091018E-002,
3.788597586386386E+009,1.573217104397891E-002,
3.793582451631632E+009,1.539131544965625E-002,
3.798567316876877E+009,1.561138442222673E-002,
3.803552182122122E+009,1.487493286429296E-002,
3.808537047367367E+009,1.503349747599315E-002,
3.813521912612613E+009,1.395162335183374E-002,
3.818506777857858E+009,1.370456397817293E-002,
3.823491643103103E+009,1.355787675266951E-002,
3.828476508348349E+009,1.347999698499962E-002,
3.833461373593594E+009,1.336033219204080E-002,
3.838446238838839E+009,1.322864464931881E-002,
3.843431104084084E+009,1.296562631368401E-002,
3.848415969329330E+009,1.268311161380766E-002,
3.853400834574575E+009,1.254713599001860E-002,
3.858385699819820E+009,1.257252136736205E-002,
3.863370565065065E+009,1.269217451801193E-002,
3.868355430310310E+009,1.279707755965340E-002,
3.873340295555556E+009,1.302014344513105E-002,
3.878325160800801E+009,1.317577797624404E-002,
3.883310026046046E+009,1.328722999044174E-002,
3.888294891291291E+009,1.316000245282568E-002,
3.893279756536537E+009,1.309149218765371E-002,
3.898264621781782E+009,1.299562121481812E-002,
3.903249487027027E+009,1.293105216369949E-002,
3.908234352272272E+009,1.269112356804223E-002,
3.913219217517518E+009,1.242768919807079E-002,
3.918204082762763E+009,1.207483104351150E-002,
3.923188948008008E+009,1.163717939158656E-002,
3.928173813253254E+009,1.121482722511335E-002,
3.933158678498498E+009,1.075322375005478E-002,
3.938143543743744E+009,1.037099846589610E-002,
3.943128408988989E+009,1.038870842856082E-002,
3.948113274234234E+009,1.038408833476063E-002,
3.953098139479479E+009,1.050393321825050E-002,
3.958083004724725E+009,1.048296025207000E-002,
3.963067869969970E+009,1.056779367746388E-002,
3.968052735215215E+009,1.040959175108741E-002,
3.973037600460461E+009,1.019338464046836E-002,
3.978022465705706E+009,1.012342035543255E-002,
3.983007330950951E+009,1.032403267490813E-002,
3.987992196196196E+009,1.060311822624551E-002,
3.992977061441442E+009,1.081216822669868E-002,
3.997961926686687E+009,1.079618839035260E-002,
4.002946791931932E+009,1.069860542460966E-002,
4.007931657177177E+009,1.059197943640240E-002,
4.012916522422422E+009,1.038852258941232E-002,
4.017901387667668E+009,1.013272933882144E-002,
4.022886252912913E+009,9.928402231963191E-003,
4.027871118158158E+009,9.777888282816236E-003,
4.032855983403403E+009,9.852506992439407E-003,
4.037840848648649E+009,9.776713044681074E-003,
4.042825713893894E+009,1.007753114887241E-002,
4.047810579139139E+009,1.035088465626064E-002,
4.052795444384385E+009,1.062490813885912E-002,
4.057780309629630E+009,1.082618151579566E-002,
4.062765174874875E+009,1.115844939224953E-002,
4.067750040120120E+009,1.151827793426597E-002,
4.072734905365366E+009,1.174104501807520E-002,
4.077719770610611E+009,1.177736764556834E-002,
4.082704635855856E+009,1.187908741958081E-002,
4.087689501101101E+009,1.175721029819996E-002,
4.092674366346346E+009,1.166887419883823E-002,
4.097659231591592E+009,1.150674524667893E-002,
4.102644096836837E+009,1.125235883649981E-002,
4.107628962082082E+009,1.099787466003463E-002,
4.112613827327327E+009,1.092814489867351E-002,
4.117598692572573E+009,1.074435416443988E-002,
4.122583557817818E+009,1.066418033278235E-002,
4.127568423063063E+009,1.087094858391208E-002,
4.132553288308308E+009,1.109540721768731E-002,
4.137538153553554E+009,1.112723986408848E-002,
4.142523018798799E+009,1.118679731627229E-002,
4.147507884044044E+009,1.136860731037643E-002,
4.152492749289290E+009,1.156153097556308E-002,
4.157477614534535E+009,1.190455557703758E-002,
4.162462479779780E+009,1.221891987513635E-002,
4.167447345025025E+009,1.253940930814665E-002,
4.172432210270270E+009,1.285687213362301E-002,
4.177417075515515E+009,1.302960949109560E-002,
4.182401940760761E+009,1.322239789532744E-002,
4.187386806006006E+009,1.317873668939461E-002,
4.192371671251251E+009,1.304231354040956E-002,
4.197356536496497E+009,1.297754071501063E-002,
4.202341401741742E+009,1.290815477283611E-002,
4.207326266986987E+009,1.261278293812570E-002,
4.212311132232232E+009,1.248691669996957E-002,
4.217295997477478E+009,1.218495131661074E-002,
4.222280862722723E+009,1.206885135097720E-002,
4.227265727967968E+009,1.175004693580645E-002,
4.232250593213213E+009,1.157615462202132E-002,
4.237235458458458E+009,1.171081624189577E-002,
4.242220323703704E+009,1.167815706488545E-002,
4.247205188948949E+009,1.181955786151452E-002,
4.252190054194194E+009,1.203210686525762E-002,
4.257174919439439E+009,1.234936406187164E-002,
4.262159784684685E+009,1.250640722570654E-002,
4.267144649929930E+009,1.261198644044125E-002,
4.272129515175175E+009,1.279507284749530E-002,
4.277114380420421E+009,1.275898905965072E-002,
4.282099245665666E+009,1.276631844885811E-002,
4.287084110910911E+009,1.267019146286586E-002,
4.292068976156156E+009,1.247985104183373E-002,
4.297053841401402E+009,1.216599617579857E-002,
4.302038706646647E+009,1.189673637807777E-002,
4.307023571891892E+009,1.156706084112003E-002,
4.312008437137137E+009,1.125604092614563E-002,
4.316993302382382E+009,1.098747262101625E-002,
4.321978167627627E+009,1.066507125346743E-002,
4.326963032872873E+009,1.031330570289047E-002,
4.331947898118118E+009,1.023902567935397E-002,
4.336932763363363E+009,1.004198997884956E-002,
4.341917628608608E+009,9.907786980281202E-003,
4.346902493853854E+009,9.632099999200793E-003,
4.351887359099099E+009,9.418537223973400E-003,
4.356872224344344E+009,9.138833556618195E-003,
4.361857089589590E+009,8.796328481382041E-003,
4.366841954834835E+009,8.472828038821196E-003,
4.371826820080080E+009,8.278354099006515E-003,
4.376811685325325E+009,8.019495948668201E-003,
4.381796550570571E+009,7.766999130882597E-003,
4.386781415815816E+009,7.684434979026359E-003,
4.391766281061061E+009,7.483466063040693E-003,
4.396751146306306E+009,7.200663107579790E-003,
4.401736011551552E+009,7.051584219799286E-003,
4.406720876796797E+009,6.701665557622756E-003,
4.411705742042042E+009,6.422981891487452E-003,
4.416690607287288E+009,6.238049540381907E-003,
4.421675472532533E+009,5.962294910162640E-003,
4.426660337777778E+009,5.686964190919202E-003,
4.431645203023023E+009,5.452820596858500E-003,
4.436630068268269E+009,5.196539385715837E-003,
4.441614933513514E+009,4.787877702286059E-003,
4.446599798758759E+009,4.493144637662358E-003,
4.451584664004005E+009,4.287662182494962E-003,
4.456569529249250E+009,4.108158257181070E-003,
4.461554394494494E+009,3.959209419056036E-003,
4.466539259739739E+009,3.888361742870589E-003,
4.471524124984985E+009,3.906770171511055E-003,
4.476508990230230E+009,3.778752937431822E-003,
4.481493855475475E+009,3.783959936036212E-003,
4.486478720720720E+009,3.692343667575757E-003,
4.491463585965966E+009,3.520071365314067E-003,
4.496448451211211E+009,3.288195977989081E-003,
4.501433316456456E+009,3.147375277794887E-003,
4.506418181701702E+009,3.055867078095064E-003,
4.511403046946947E+009,3.017907480331707E-003,
4.516387912192192E+009,3.190785122967382E-003,
4.521372777437437E+009,3.266788549669144E-003,
4.526357642682683E+009,3.240744818266463E-003,
4.531342507927928E+009,3.134108900395836E-003,
4.536327373173173E+009,3.003363808809257E-003,
4.541312238418419E+009,3.062867243281290E-003,
4.546297103663664E+009,2.975224171670960E-003,
4.551281968908909E+009,3.046430190038762E-003,
4.556266834154154E+009,3.078778598118967E-003,
4.561251699399400E+009,3.102675156816216E-003,
4.566236564644645E+009,3.216052798180331E-003,
4.571221429889890E+009,3.191883688132531E-003,
4.576206295135135E+009,3.370164446051084E-003,
4.581191160380381E+009,3.455826168090946E-003,
4.586176025625626E+009,3.583449854899398E-003,
4.591160890870871E+009,3.954334200335375E-003,
4.596145756116117E+009,4.360582272011930E-003,
4.601130621361362E+009,4.727863670466974E-003,
4.606115486606607E+009,5.155870414624670E-003,
4.611100351851852E+009,5.443923723471377E-003,
4.616085217097097E+009,5.722532358376031E-003,
4.621070082342342E+009,5.796247339416001E-003,
4.626054947587587E+009,5.792845412956199E-003,
4.631039812832833E+009,5.534933592320363E-003,
4.636024678078078E+009,5.548888895769106E-003,
4.641009543323323E+009,5.360825073426715E-003,
4.645994408568568E+009,5.260561862549397E-003,
4.650979273813814E+009,5.180460455614993E-003,
4.655964139059059E+009,5.112180078593861E-003,
4.660949004304304E+009,4.878131030932742E-003,
4.665933869549550E+009,4.882550896372830E-003,
4.670918734794795E+009,5.093426401794933E-003,
4.675903600040040E+009,5.281818015445542E-003,
4.680888465285285E+009,5.414746466753383E-003,
4.685873330530531E+009,5.832584008340039E-003,
4.690858195775776E+009,6.040769490833002E-003,
4.695843061021021E+009,6.507207563735731E-003,
4.700827926266266E+009,6.969962831152724E-003,
4.705812791511512E+009,7.156779815519684E-003,
4.710797656756757E+009,7.364581407607358E-003,
4.715782522002002E+009,7.501801483226692E-003,
4.720767387247248E+009,7.458802340921004E-003,
4.725752252492493E+009,7.308020482194038E-003,
4.730737117737738E+009,7.141564607113836E-003,
4.735721982982983E+009,6.979788446177766E-003,
4.740706848228229E+009,6.612680573259574E-003,
4.745691713473474E+009,6.523362947463604E-003,
4.750676578718719E+009,6.516078662523921E-003,
4.755661443963965E+009,6.412079154101595E-003,
4.760646309209209E+009,6.395955886352517E-003,
4.765631174454454E+009,6.498893320746049E-003,
4.770616039699699E+009,6.534531359799021E-003,
4.775600904944945E+009,6.843304184174996E-003,
4.780585770190190E+009,7.010826783612582E-003,
4.785570635435435E+009,7.324378402654581E-003,
4.790555500680680E+009,7.599493411990651E-003,
4.795540365925926E+009,7.929199683611081E-003,
4.800525231171171E+009,8.275175704534898E-003,
4.805510096416416E+009,8.872682980003403E-003,
4.810494961661662E+009,9.358749594054389E-003,
4.815479826906907E+009,9.784684843489480E-003,
4.820464692152152E+009,1.001238574418826E-002,
4.825449557397397E+009,1.009710696777292E-002,
4.830434422642643E+009,9.928880501447442E-003,
4.835419287887888E+009,9.660880388707896E-003,
4.840404153133133E+009,9.372851216677632E-003,
4.845389018378379E+009,9.292364045838369E-003,
4.850373883623624E+009,9.032756766326845E-003,
4.855358748868869E+009,8.936947737193298E-003,
4.860343614114114E+009,8.733675625995486E-003,
4.865328479359360E+009,8.488800503877854E-003,
4.870313344604605E+009,8.518069270987831E-003,
4.875298209849850E+009,8.560626084676967E-003,
4.880283075095095E+009,8.721533185946468E-003,
4.885267940340341E+009,8.920770231969499E-003,
4.890252805585586E+009,9.240264537483564E-003,
4.895237670830831E+009,9.756781721311983E-003,
4.900222536076077E+009,1.015126047181142E-002,
4.905207401321322E+009,1.060245638896846E-002,
4.910192266566567E+009,1.091957590448905E-002,
4.915177131811811E+009,1.122317095018926E-002,
4.920161997057057E+009,1.141297630463173E-002,
4.925146862302302E+009,1.142346411853377E-002,
4.930131727547547E+009,1.135155621950697E-002,
4.935116592792793E+009,1.112052492663034E-002,
4.940101458038038E+009,1.086601295105096E-002,
4.945086323283283E+009,1.060890298966259E-002,
4.950071188528528E+009,1.032682838758097E-002,
4.955056053773774E+009,1.023941727557275E-002,
4.960040919019019E+009,1.020639994608494E-002,
4.965025784264264E+009,1.030447891394714E-002,
4.970010649509509E+009,1.021330988347661E-002,
4.974995514754755E+009,1.001006405222396E-002,
4.979980380000000E+009,1.005168658905107E-002,
