% Version 1.00
%
% Ref Impedances: Z01: 50, Z02: 50
% 
%freq[Hz];Trc1_S21[U];
1.000000000000000E+005,3.548015099977844E-005,
5.084865245245245E+006,3.899514942996250E-004,
1.006973049049049E+007,9.612120941002560E-004,
1.505459573573574E+007,1.859007911799193E-003,
2.003946098098098E+007,2.490461233474952E-003,
2.502432622622623E+007,3.576068200212276E-003,
3.000919147147147E+007,5.011713790758602E-003,
3.499405671671671E+007,8.977821962755241E-003,
3.997892196196196E+007,1.686022029618182E-002,
4.496378720720721E+007,5.851808073213694E-002,
4.994865245245245E+007,6.274474402173638E-002,
5.493351769769770E+007,2.910745663382245E-002,
5.991838294294295E+007,2.231911002126553E-002,
6.490324818818819E+007,1.605346508984894E-002,
6.988811343343343E+007,1.265074140943185E-002,
7.487297867867868E+007,1.013807411104931E-002,
7.985784392392393E+007,8.216781596311279E-003,
8.484270916916917E+007,8.533855620870027E-003,
8.982757441441442E+007,8.907253927170790E-003,
9.481243965965965E+007,9.382599542074080E-003,
9.979730490490490E+007,1.039876778308348E-002,
1.047821701501502E+008,1.217074539866576E-002,
1.097670353953954E+008,1.401171637833714E-002,
1.147519006406407E+008,1.629270649620289E-002,
1.197367658858859E+008,1.911678320990988E-002,
1.247216311311311E+008,2.319757265373974E-002,
1.297064963763764E+008,3.004739626644962E-002,
1.346913616216216E+008,4.028911110047068E-002,
1.396762268668669E+008,6.025292346795631E-002,
1.446610921121121E+008,1.050712142172066E-001,
1.496459573573574E+008,2.216903193182072E-001,
1.546308226026026E+008,1.592096290835834E-001,
1.596156878478479E+008,9.671380887853490E-002,
1.646005530930931E+008,7.535896680159407E-002,
1.695854183383384E+008,6.897272362660122E-002,
1.745702835835836E+008,6.205922935541450E-002,
1.795551488288288E+008,4.045930193820560E-002,
1.845400140740741E+008,2.526758561825670E-002,
1.895248793193193E+008,1.741515587423099E-002,
1.945097445645646E+008,1.289179337180948E-002,
1.994946098098098E+008,1.004972300756240E-002,
2.044794750550551E+008,7.979848747720002E-003,
2.094643403003003E+008,7.468715112859351E-003,
2.144492055455456E+008,7.210630020057791E-003,
2.194340707907908E+008,7.859939955504243E-003,
2.244189360360360E+008,8.354196308790623E-003,
2.294038012812813E+008,9.490156359230853E-003,
2.343886665265265E+008,1.121069271577569E-002,
2.393735317717718E+008,1.365217641991292E-002,
2.443583970170170E+008,1.615831776665981E-002,
2.493432622622623E+008,1.898275656231088E-002,
2.543281275075075E+008,2.330537161265154E-002,
2.593129927527528E+008,2.828541291757449E-002,
2.642978579979980E+008,3.528118733939331E-002,
2.692827232432432E+008,4.501851030002229E-002,
2.742675884884885E+008,5.994640424899971E-002,
2.792524537337337E+008,8.453252913285414E-002,
2.842373189789790E+008,1.306312470768915E-001,
2.892221842242242E+008,1.980827160344824E-001,
2.942070494694695E+008,1.723986116163274E-001,
2.991919147147147E+008,1.101090291768033E-001,
3.041767799599600E+008,7.723468589149091E-002,
3.091616452052052E+008,5.912641103944191E-002,
3.141465104504505E+008,4.674842379892710E-002,
3.191313756956957E+008,3.807345264958423E-002,
3.241162409409409E+008,3.197375780064734E-002,
3.291011061861862E+008,2.734375327125873E-002,
3.340859714314314E+008,2.326908848077314E-002,
3.390708366766767E+008,1.949572236046080E-002,
3.440557019219219E+008,1.604106145362109E-002,
3.490405671671672E+008,1.364009841913566E-002,
3.540254324124124E+008,1.181741988573714E-002,
3.590102976576577E+008,1.054477617775578E-002,
3.639951629029029E+008,9.248173941521855E-003,
3.689800281481482E+008,7.968648924638243E-003,
3.739648933933934E+008,7.365164257495601E-003,
3.789497586386386E+008,7.252620251970948E-003,
3.839346238838839E+008,7.233298477814651E-003,
3.889194891291291E+008,8.366762934118170E-003,
3.939043543743744E+008,9.395870857396023E-003,
3.988892196196196E+008,1.075449423708216E-002,
4.038740848648649E+008,1.199943729917941E-002,
4.088589501101101E+008,1.422256978875075E-002,
4.138438153553554E+008,1.648483486075386E-002,
4.188286806006006E+008,1.803757316371760E-002,
4.238135458458459E+008,1.889360348794020E-002,
4.287984110910911E+008,1.870790235146014E-002,
4.337832763363363E+008,1.851380512952673E-002,
4.387681415815816E+008,1.787124099582992E-002,
4.437530068268268E+008,1.769121238807181E-002,
4.487378720720721E+008,1.705303151755296E-002,
4.537227373173173E+008,1.721603917836150E-002,
4.587076025625626E+008,1.775477855785697E-002,
4.636924678078078E+008,1.760865573277749E-002,
4.686773330530531E+008,1.801595020352945E-002,
4.736621982982983E+008,1.879049734110463E-002,
4.786470635435436E+008,2.023435723807518E-002,
4.836319287887888E+008,2.174536989703214E-002,
4.886167940340340E+008,2.344333058379877E-002,
4.936016592792793E+008,2.482298983352685E-002,
4.985865245245245E+008,2.649533689617777E-002,
5.035713897697698E+008,2.800624630700276E-002,
5.085562550150150E+008,2.844245588980016E-002,
5.135411202602603E+008,2.915801790566014E-002,
5.185259855055055E+008,2.959892882986770E-002,
5.235108507507508E+008,2.991346805702592E-002,
5.284957159959960E+008,3.111415750093850E-002,
5.334805812412412E+008,3.242589402096224E-002,
5.384654464864864E+008,3.392943093607927E-002,
5.434503117317318E+008,3.550685868889201E-002,
5.484351769769770E+008,3.724490743784530E-002,
5.534200422222222E+008,3.996707193943279E-002,
5.584049074674674E+008,4.222570930019341E-002,
5.633897727127128E+008,4.473947411054809E-002,
5.683746379579580E+008,4.776128296420704E-002,
5.733595032032032E+008,5.093570823298308E-002,
5.783443684484484E+008,5.387586594767497E-002,
5.833292336936938E+008,5.551686803208795E-002,
5.883140989389390E+008,5.669472942743358E-002,
5.932989641841842E+008,5.698733078547295E-002,
5.982838294294294E+008,5.763257609920044E-002,
6.032686946746746E+008,5.885520091989466E-002,
6.082535599199200E+008,5.939350167747678E-002,
6.132384251651652E+008,6.053650425100526E-002,
6.182232904104104E+008,6.195523483150756E-002,
6.232081556556556E+008,6.356120844476407E-002,
6.281930209009010E+008,6.512254099622283E-002,
6.331778861461462E+008,6.540122849890753E-002,
6.381627513913914E+008,6.670920153166886E-002,
6.431476166366366E+008,7.013348081950670E-002,
6.481324818818818E+008,7.329210734732812E-002,
6.531173471271272E+008,7.715692623881147E-002,
6.581022123723724E+008,8.129162117730776E-002,
6.630870776176176E+008,8.493967615314076E-002,
6.680719428628628E+008,8.893298765722581E-002,
6.730568081081082E+008,9.336062069756297E-002,
6.780416733533534E+008,9.716783710983271E-002,
6.830265385985986E+008,1.005722930878426E-001,
6.880114038438438E+008,1.032841468874892E-001,
6.929962690890890E+008,1.065342270855125E-001,
6.979811343343344E+008,1.100379563558228E-001,
7.029659995795796E+008,1.124285296597556E-001,
7.079508648248248E+008,1.147296379191885E-001,
7.129357300700700E+008,1.179716607460447E-001,
7.179205953153154E+008,1.225343354350708E-001,
7.229054605605606E+008,1.254382115996807E-001,
7.278903258058058E+008,1.281531586423900E-001,
7.328751910510510E+008,1.325418243263196E-001,
7.378600562962964E+008,1.373174502677348E-001,
7.428449215415416E+008,1.440541718169408E-001,
7.478297867867868E+008,1.509449135033953E-001,
7.528146520320320E+008,1.593615132073347E-001,
7.577995172772772E+008,1.683069343474921E-001,
7.627843825225226E+008,1.770821883500235E-001,
7.677692477677678E+008,1.828921599433063E-001,
7.727541130130130E+008,1.844605414707871E-001,
7.777389782582582E+008,1.837438107841336E-001,
7.827238435035036E+008,1.807887661777628E-001,
7.877087087487488E+008,1.751898711922836E-001,
7.926935739939940E+008,1.694454604291485E-001,
7.976784392392392E+008,1.638654591172931E-001,
8.026633044844844E+008,1.600966283946863E-001,
8.076481697297298E+008,1.567632763198569E-001,
8.126330349749750E+008,1.530473131509438E-001,
8.176179002202202E+008,1.521348171336934E-001,
8.226027654654654E+008,1.521836176450793E-001,
8.275876307107108E+008,1.513603546872577E-001,
8.325724959559560E+008,1.513866534885048E-001,
8.375573612012012E+008,1.516208814965871E-001,
8.425422264464464E+008,1.520831119245591E-001,
8.475270916916918E+008,1.527488363231620E-001,
8.525119569369370E+008,1.513980521435941E-001,
8.574968221821822E+008,1.500797726388785E-001,
8.624816874274274E+008,1.469559050147745E-001,
8.674665526726726E+008,1.455415679454884E-001,
8.724514179179180E+008,1.429605146426571E-001,
8.774362831631632E+008,1.379679676797372E-001,
8.824211484084084E+008,1.334941855298364E-001,
8.874060136536536E+008,1.326036499055461E-001,
8.923908788988990E+008,1.337566313099159E-001,
8.973757441441442E+008,1.336710185071140E-001,
9.023606093893894E+008,1.321044351960425E-001,
9.073454746346346E+008,1.301293550911571E-001,
9.123303398798798E+008,1.285706696479933E-001,
9.173152051251252E+008,1.259064325648666E-001,
9.223000703703704E+008,1.246272211997488E-001,
9.272849356156156E+008,1.216387686343488E-001,
9.322698008608608E+008,1.188870926803532E-001,
9.372546661061062E+008,1.165360998195563E-001,
9.422395313513514E+008,1.157314433801743E-001,
9.472243965965966E+008,1.142827780946071E-001,
9.522092618418418E+008,1.118041061038988E-001,
9.571941270870872E+008,1.100592469573529E-001,
9.621789923323324E+008,1.090225153223334E-001,
9.671638575775776E+008,1.080337430648687E-001,
9.721487228228228E+008,1.076308658095720E-001,
9.771335880680680E+008,1.093930793167564E-001,
9.821184533133134E+008,1.118346626118961E-001,
9.871033185585586E+008,1.155362465359647E-001,
9.920881838038038E+008,1.183413160995175E-001,
9.970730490490490E+008,1.210162048844515E-001,
1.002057914294294E+009,1.238359759778778E-001,
1.007042779539540E+009,1.270184153693851E-001,
1.012027644784785E+009,1.290527819780323E-001,
1.017012510030030E+009,1.303455647989414E-001,
1.021997375275275E+009,1.305098844277635E-001,
1.026982240520521E+009,1.283198859921910E-001,
1.031967105765766E+009,1.253873771014621E-001,
1.036951971011011E+009,1.222767408229464E-001,
1.041936836256256E+009,1.200507807251236E-001,
1.046921701501502E+009,1.179393598561067E-001,
1.051906566746747E+009,1.146614403356933E-001,
1.056891431991992E+009,1.089979838887482E-001,
1.061876297237237E+009,1.040504743954126E-001,
1.066861162482482E+009,9.868768700017849E-002,
1.071846027727728E+009,9.385863705888087E-002,
1.076830892972973E+009,8.961775610523420E-002,
1.081815758218218E+009,8.601002442911387E-002,
1.086800623463464E+009,8.432005905448226E-002,
1.091785488708709E+009,8.454431141389235E-002,
1.096770353953954E+009,8.626785688230948E-002,
1.101755219199199E+009,8.946443021174591E-002,
1.106740084444444E+009,9.466282452240214E-002,
1.111724949689690E+009,9.941555701847123E-002,
1.116709814934935E+009,1.025120120262523E-001,
1.121694680180180E+009,1.050857701393973E-001,
1.126679545425426E+009,1.053008153803529E-001,
1.131664410670671E+009,1.051457407970511E-001,
1.136649275915916E+009,1.026466681198255E-001,
1.141634141161161E+009,9.950396972436558E-002,
1.146619006406406E+009,9.684523192949364E-002,
1.151603871651652E+009,9.406269402075677E-002,
1.156588736896897E+009,9.202862036997832E-002,
1.161573602142142E+009,9.001489098353725E-002,
1.166558467387388E+009,8.847154923299255E-002,
1.171543332632633E+009,8.675870290840691E-002,
1.176528197877878E+009,8.627828915827106E-002,
1.181513063123123E+009,8.653733126457332E-002,
1.186497928368368E+009,8.690432150248237E-002,
1.191482793613614E+009,8.636069752828225E-002,
1.196467658858859E+009,8.515727550414613E-002,
1.201452524104104E+009,8.332858650751353E-002,
1.206437389349349E+009,8.211195165215134E-002,
1.211422254594595E+009,8.138976198770961E-002,
1.216407119839840E+009,8.050303097395127E-002,
1.221391985085085E+009,8.036115524481655E-002,
1.226376850330330E+009,8.045256281446511E-002,
1.231361715575576E+009,8.104311643111659E-002,
1.236346580820821E+009,8.051334574408817E-002,
1.241331446066066E+009,7.995039123524443E-002,
1.246316311311311E+009,7.971383896262368E-002,
1.251301176556557E+009,7.919101629993817E-002,
1.256286041801802E+009,7.917717172828913E-002,
1.261270907047047E+009,7.967192728040440E-002,
1.266255772292292E+009,7.947255822448432E-002,
1.271240637537538E+009,7.912351341544385E-002,
1.276225502782783E+009,7.875102217377543E-002,
1.281210368028028E+009,7.961786495646585E-002,
1.286195233273273E+009,7.954284079300682E-002,
1.291180098518518E+009,7.943846091644398E-002,
1.296164963763764E+009,7.950272024880552E-002,
1.301149829009009E+009,7.884423867393621E-002,
1.306134694254254E+009,7.836515441596643E-002,
1.311119559499500E+009,7.730413555739389E-002,
1.316104424744745E+009,7.678659383000311E-002,
1.321089289989990E+009,7.570000912062026E-002,
1.326074155235235E+009,7.345454978957734E-002,
1.331059020480480E+009,7.204328445806499E-002,
1.336043885725726E+009,7.052909017479256E-002,
1.341028750970971E+009,6.836974717350375E-002,
1.346013616216216E+009,6.627116550375281E-002,
1.350998481461462E+009,6.447183310199267E-002,
1.355983346706707E+009,6.285155094003626E-002,
1.360968211951952E+009,6.163735472126153E-002,
1.365953077197197E+009,6.106097135245334E-002,
1.370937942442442E+009,6.095781458667577E-002,
1.375922807687688E+009,6.109755323914869E-002,
1.380907672932933E+009,6.203730838037647E-002,
1.385892538178178E+009,6.286447623200736E-002,
1.390877403423424E+009,6.270028177276403E-002,
1.395862268668669E+009,6.201715654180890E-002,
1.400847133913914E+009,6.136318517641141E-002,
1.405831999159159E+009,5.921904259604034E-002,
1.410816864404404E+009,5.809649466028383E-002,
1.415801729649650E+009,5.659634986748220E-002,
1.420786594894895E+009,5.443705343306129E-002,
1.425771460140140E+009,5.335469351787680E-002,
1.430756325385386E+009,5.244180041763986E-002,
1.435741190630631E+009,5.118896276138829E-002,
1.440726055875876E+009,5.065362908587674E-002,
1.445710921121121E+009,4.979386529235986E-002,
1.450695786366366E+009,4.927339118299054E-002,
1.455680651611612E+009,4.943977953710924E-002,
1.460665516856857E+009,4.992873580642585E-002,
1.465650382102102E+009,5.073575847234115E-002,
1.470635247347347E+009,5.106892934875010E-002,
1.475620112592593E+009,5.149537723689671E-002,
1.480604977837838E+009,5.154706902357446E-002,
1.485589843083083E+009,5.096372125434272E-002,
1.490574708328328E+009,4.962379204742079E-002,
1.495559573573574E+009,4.856190665716306E-002,
1.500544438818819E+009,4.726533049471349E-002,
1.505529304064064E+009,4.593709774551463E-002,
1.510514169309309E+009,4.523628245537541E-002,
1.515499034554555E+009,4.460964149458191E-002,
1.520483899799800E+009,4.389316248982874E-002,
1.525468765045045E+009,4.271387945977460E-002,
1.530453630290290E+009,4.171503164399504E-002,
1.535438495535536E+009,4.155228457474372E-002,
1.540423360780781E+009,4.141762512311555E-002,
1.545408226026026E+009,4.060982743376091E-002,
1.550393091271271E+009,4.066299364111142E-002,
1.555377956516516E+009,4.090534293750872E-002,
1.560362821761762E+009,4.103067015494621E-002,
1.565347687007007E+009,4.054263368255082E-002,
1.570332552252252E+009,3.968723215531165E-002,
1.575317417497498E+009,3.843917836118353E-002,
1.580302282742743E+009,3.741735355583014E-002,
1.585287147987988E+009,3.694519802567255E-002,
1.590272013233233E+009,3.593488070852079E-002,
1.595256878478478E+009,3.543247204796639E-002,
1.600241743723724E+009,3.460803568751483E-002,
1.605226608968969E+009,3.343956591917641E-002,
1.610211474214214E+009,3.261242014767427E-002,
1.615196339459460E+009,3.237421311339706E-002,
1.620181204704705E+009,3.280299367943492E-002,
1.625166069949950E+009,3.313937641507669E-002,
1.630150935195195E+009,3.370328759698234E-002,
1.635135800440440E+009,3.351635786099587E-002,
1.640120665685686E+009,3.333248800863708E-002,
1.645105530930931E+009,3.318156170163797E-002,
1.650090396176176E+009,3.273947438966413E-002,
1.655075261421422E+009,3.271196684196375E-002,
1.660060126666667E+009,3.306177063211378E-002,
1.665044991911912E+009,3.317426691050801E-002,
1.670029857157157E+009,3.382042309882336E-002,
1.675014722402402E+009,3.449507810265837E-002,
1.679999587647648E+009,3.471918904661248E-002,
1.684984452892893E+009,3.504420978117363E-002,
1.689969318138138E+009,3.557661317921056E-002,
1.694954183383384E+009,3.618654903749149E-002,
1.699939048628629E+009,3.639604319145861E-002,
1.704923913873874E+009,3.616084068835384E-002,
1.709908779119119E+009,3.571255016446844E-002,
1.714893644364364E+009,3.454553242099586E-002,
1.719878509609610E+009,3.384530946324704E-002,
1.724863374854855E+009,3.314915720921629E-002,
1.729848240100100E+009,3.245359071676405E-002,
1.734833105345345E+009,3.136004845371056E-002,
1.739817970590591E+009,3.102156321725718E-002,
1.744802835835836E+009,3.002371043746048E-002,
1.749787701081081E+009,2.934567912313535E-002,
1.754772566326326E+009,2.902093249955360E-002,
1.759757431571572E+009,2.795610508767601E-002,
1.764742296816817E+009,2.702027275336755E-002,
1.769727162062062E+009,2.607593791544747E-002,
1.774712027307307E+009,2.462844559419232E-002,
1.779696892552553E+009,2.309528639412330E-002,
1.784681757797798E+009,2.195210945921269E-002,
1.789666623043043E+009,2.041051281045913E-002,
1.794651488288288E+009,1.962504466946243E-002,
1.799636353533534E+009,1.977586693654459E-002,
1.804621218778779E+009,2.123566145912437E-002,
1.809606084024024E+009,2.283833979220923E-002,
1.814590949269269E+009,2.424642287544006E-002,
1.819575814514514E+009,2.466075290065199E-002,
1.824560679759760E+009,2.485640662704336E-002,
1.829545545005005E+009,2.460029745251646E-002,
1.834530410250250E+009,2.483481874768795E-002,
1.839515275495496E+009,2.521532161537993E-002,
1.844500140740741E+009,2.526603624911046E-002,
1.849485005985986E+009,2.530443370288398E-002,
1.854469871231231E+009,2.602242517179469E-002,
1.859454736476476E+009,2.666512694698158E-002,
1.864439601721722E+009,2.704478957753630E-002,
1.869424466966967E+009,2.703338474386553E-002,
1.874409332212212E+009,2.691333925428736E-002,
1.879394197457458E+009,2.717542433450327E-002,
1.884379062702703E+009,2.675458954710545E-002,
1.889363927947948E+009,2.572733488765034E-002,
1.894348793193193E+009,2.412484416728572E-002,
1.899333658438438E+009,2.271413899078007E-002,
1.904318523683684E+009,2.188597722614942E-002,
1.909303388928929E+009,2.165913448074973E-002,
1.914288254174174E+009,2.066834305944979E-002,
1.919273119419420E+009,2.023495355621755E-002,
1.924257984664665E+009,1.972859168641363E-002,
1.929242849909910E+009,1.917704823056556E-002,
1.934227715155155E+009,1.865279765517909E-002,
1.939212580400400E+009,1.827339214960588E-002,
1.944197445645646E+009,1.874299197926719E-002,
1.949182310890891E+009,1.851994278169282E-002,
1.954167176136136E+009,1.795331821840043E-002,
1.959152041381382E+009,1.747932066100010E-002,
1.964136906626627E+009,1.762441168420436E-002,
1.969121771871872E+009,1.792553675566987E-002,
1.974106637117117E+009,1.784085251406574E-002,
1.979091502362362E+009,1.784355989780168E-002,
1.984076367607608E+009,1.804828919098954E-002,
1.989061232852853E+009,1.855943003926519E-002,
1.994046098098098E+009,1.755556628520985E-002,
1.999030963343343E+009,1.692088108931084E-002,
2.004015828588589E+009,1.600723906261876E-002,
2.009000693833834E+009,1.433494925215134E-002,
2.013985559079079E+009,1.254015665973952E-002,
2.018970424324324E+009,1.081385872844649E-002,
2.023955289569570E+009,9.582881600981461E-003,
2.028940154814815E+009,8.958220072751081E-003,
2.033925020060060E+009,8.284798028919791E-003,
2.038909885305305E+009,8.032768452844561E-003,
2.043894750550551E+009,8.978173411393802E-003,
2.048879615795796E+009,9.855335470188867E-003,
2.053864481041041E+009,1.171048271357623E-002,
2.058849346286286E+009,1.286134521233840E-002,
2.063834211531532E+009,1.435065310352452E-002,
2.068819076776777E+009,1.626144404081190E-002,
2.073803942022022E+009,1.686827478711399E-002,
2.078788807267267E+009,1.790623066091154E-002,
2.083773672512512E+009,1.854854655239465E-002,
2.088758537757758E+009,1.874523008363479E-002,
2.093743403003003E+009,1.926820280884066E-002,
2.098728268248248E+009,1.960106160038948E-002,
2.103713133493494E+009,2.012844495357419E-002,
2.108697998738739E+009,2.070059932913889E-002,
2.113682863983984E+009,2.094209030041115E-002,
2.118667729229229E+009,2.230905271870879E-002,
2.123652594474474E+009,2.179238165310258E-002,
2.128637459719720E+009,2.204110177595139E-002,
2.133622324964965E+009,2.128038765090184E-002,
2.138607190210210E+009,2.074882699783798E-002,
2.143592055455456E+009,2.028287556061512E-002,
2.148576920700701E+009,1.960881108140023E-002,
2.153561785945946E+009,1.892968759658548E-002,
2.158546651191191E+009,1.820287915281674E-002,
2.163531516436437E+009,1.788564840299605E-002,
2.168516381681682E+009,1.693798311990208E-002,
2.173501246926927E+009,1.671253198194618E-002,
2.178486112172172E+009,1.622999429922557E-002,
2.183470977417418E+009,1.680636527448472E-002,
2.188455842662663E+009,1.713100452729935E-002,
2.193440707907908E+009,1.726649095429229E-002,
2.198425573153153E+009,1.784945183796336E-002,
2.203410438398398E+009,1.847348444728497E-002,
2.208395303643644E+009,1.933920757863856E-002,
2.213380168888889E+009,1.977805581607479E-002,
2.218365034134134E+009,2.012032642952571E-002,
2.223349899379379E+009,2.041937618238151E-002,
2.228334764624625E+009,2.067999411714890E-002,
2.233319629869870E+009,2.066855501735872E-002,
2.238304495115115E+009,2.084353571180341E-002,
2.243289360360360E+009,2.043925083617149E-002,
2.248274225605606E+009,2.012375133135763E-002,
2.253259090850851E+009,1.988480803324161E-002,
2.258243956096096E+009,1.947334647153821E-002,
2.263228821341342E+009,1.940678967423056E-002,
2.268213686586587E+009,1.874214887788744E-002,
2.273198551831832E+009,1.918380050529770E-002,
2.278183417077077E+009,1.916196284958456E-002,
2.283168282322322E+009,1.924418298578839E-002,
2.288153147567567E+009,1.920445377390231E-002,
2.293138012812813E+009,1.952675075584909E-002,
2.298122878058058E+009,1.949419615147842E-002,
2.303107743303303E+009,1.908589447478139E-002,
2.308092608548549E+009,1.909770640574661E-002,
2.313077473793794E+009,1.917929402399694E-002,
2.318062339039039E+009,1.848343260560596E-002,
2.323047204284284E+009,1.752658698951973E-002,
2.328032069529530E+009,1.675038787920049E-002,
2.333016934774775E+009,1.587798859450522E-002,
2.338001800020020E+009,1.531841681329682E-002,
2.342986665265266E+009,1.425449351552129E-002,
2.347971530510510E+009,1.301057180348357E-002,
2.352956395755756E+009,1.222844295750754E-002,
2.357941261001001E+009,1.090540770283555E-002,
2.362926126246246E+009,9.954209916820549E-003,
2.367910991491491E+009,9.230426776386655E-003,
2.372895856736737E+009,9.028751111309626E-003,
2.377880721981982E+009,9.213915909474362E-003,
2.382865587227227E+009,9.599036896644576E-003,
2.387850452472473E+009,9.802569178347417E-003,
2.392835317717718E+009,9.657473829539362E-003,
2.397820182962963E+009,1.028471273506863E-002,
2.402805048208208E+009,1.095598043866604E-002,
2.407789913453454E+009,1.180368741885002E-002,
2.412774778698699E+009,1.323467681534696E-002,
2.417759643943944E+009,1.431100208263748E-002,
2.422744509189189E+009,1.528424734734665E-002,
2.427729374434434E+009,1.638814365543381E-002,
2.432714239679680E+009,1.724266407572314E-002,
2.437699104924925E+009,1.805025709786310E-002,
2.442683970170170E+009,1.891505978926679E-002,
2.447668835415415E+009,1.958204745653281E-002,
2.452653700660661E+009,2.036417638106090E-002,
2.457638565905906E+009,2.150920849355154E-002,
2.462623431151151E+009,2.191833713246341E-002,
2.467608296396397E+009,2.284442708228446E-002,
2.472593161641642E+009,2.307446963494380E-002,
2.477578026886887E+009,2.332045434312608E-002,
2.482562892132132E+009,2.256201040205809E-002,
2.487547757377378E+009,2.237873274015881E-002,
2.492532622622623E+009,2.212321353377360E-002,
2.497517487867868E+009,2.211031598681045E-002,
2.502502353113113E+009,2.225721550256637E-002,
2.507487218358358E+009,2.307942133238546E-002,
2.512472083603604E+009,2.320654207137988E-002,
2.517456948848849E+009,2.410770021312428E-002,
2.522441814094094E+009,2.439793653099726E-002,
2.527426679339339E+009,2.420620517379251E-002,
2.532411544584585E+009,2.447972853597421E-002,
2.537396409829830E+009,2.490665327814624E-002,
2.542381275075075E+009,2.454407092389900E-002,
2.547366140320320E+009,2.459202860350754E-002,
2.552351005565566E+009,2.513111551166497E-002,
2.557335870810811E+009,2.635429046580741E-002,
2.562320736056056E+009,2.675892162848347E-002,
2.567305601301302E+009,2.678275976710007E-002,
2.572290466546547E+009,2.752081922868829E-002,
2.577275331791792E+009,2.799845604921958E-002,
2.582260197037037E+009,2.775470922919181E-002,
2.587245062282282E+009,2.818728312496728E-002,
2.592229927527527E+009,2.838342972209084E-002,
2.597214792772773E+009,2.863614572702383E-002,
2.602199658018018E+009,2.810846180386348E-002,
2.607184523263263E+009,2.808090834381074E-002,
2.612169388508509E+009,2.807990022970301E-002,
2.617154253753754E+009,2.813800366776831E-002,
2.622139118998999E+009,2.863769537686508E-002,
2.627123984244244E+009,2.865183041446641E-002,
2.632108849489490E+009,2.893809273224005E-002,
2.637093714734735E+009,2.893116734064012E-002,
2.642078579979980E+009,2.849469016773752E-002,
2.647063445225225E+009,2.831076615208381E-002,
2.652048310470470E+009,2.769680339842689E-002,
2.657033175715716E+009,2.734867904401149E-002,
2.662018040960961E+009,2.747205209325473E-002,
2.667002906206206E+009,2.714994263590889E-002,
2.671987771451451E+009,2.719683394326827E-002,
2.676972636696697E+009,2.797429338899788E-002,
2.681957501941942E+009,2.789002345369989E-002,
2.686942367187187E+009,2.856101076511686E-002,
2.691927232432433E+009,2.806208398289627E-002,
2.696912097677678E+009,2.866814746526668E-002,
2.701896962922923E+009,2.909057299403523E-002,
2.706881828168168E+009,2.922317542015594E-002,
2.711866693413414E+009,2.979439312164686E-002,
2.716851558658659E+009,2.978919745633104E-002,
2.721836423903904E+009,2.981867948736473E-002,
2.726821289149149E+009,2.981470985924068E-002,
2.731806154394394E+009,2.986313456920612E-002,
2.736791019639640E+009,2.980243951326421E-002,
2.741775884884885E+009,3.005742323183194E-002,
2.746760750130130E+009,2.991373480412685E-002,
2.751745615375375E+009,3.013058002977622E-002,
2.756730480620621E+009,2.968790171013585E-002,
2.761715345865866E+009,2.928562119824062E-002,
2.766700211111111E+009,2.877495979792698E-002,
2.771685076356356E+009,2.809784863669701E-002,
2.776669941601602E+009,2.714742805540585E-002,
2.781654806846847E+009,2.603907686354460E-002,
2.786639672092092E+009,2.548702571128313E-002,
2.791624537337338E+009,2.468239706789708E-002,
2.796609402582583E+009,2.338920987498227E-002,
2.801594267827828E+009,2.372001280361830E-002,
2.806579133073073E+009,2.299977036768769E-002,
2.811563998318318E+009,2.191954931779487E-002,
2.816548863563564E+009,2.188542270239267E-002,
2.821533728808809E+009,2.111239081575930E-002,
2.826518594054054E+009,2.108674137304491E-002,
2.831503459299299E+009,2.179886191027179E-002,
2.836488324544545E+009,2.184254722433688E-002,
2.841473189789790E+009,2.240231618903069E-002,
2.846458055035035E+009,2.315658227494823E-002,
2.851442920280280E+009,2.293195557030758E-002,
2.856427785525526E+009,2.309351815810942E-002,
2.861412650770771E+009,2.326696086044130E-002,
2.866397516016016E+009,2.361107566284279E-002,
2.871382381261262E+009,2.349203269865984E-002,
2.876367246506506E+009,2.298473291149016E-002,
2.881352111751752E+009,2.234521038345066E-002,
2.886336976996997E+009,2.171799676088304E-002,
2.891321842242242E+009,2.044838652718774E-002,
2.896306707487487E+009,1.947029972442169E-002,
2.901291572732733E+009,1.879856006881749E-002,
2.906276437977978E+009,1.753628349333256E-002,
2.911261303223223E+009,1.673312391357634E-002,
2.916246168468469E+009,1.566048619592669E-002,
2.921231033713714E+009,1.523305222919165E-002,
2.926215898958959E+009,1.452180082924153E-002,
2.931200764204204E+009,1.520469345020977E-002,
2.936185629449450E+009,1.448630871060698E-002,
2.941170494694695E+009,1.515453643446498E-002,
2.946155359939940E+009,1.600926006262763E-002,
2.951140225185185E+009,1.552124557393663E-002,
2.956125090430430E+009,1.596239409537051E-002,
2.961109955675676E+009,1.553125823803680E-002,
2.966094820920921E+009,1.571729108947955E-002,
2.971079686166166E+009,1.628737555196495E-002,
2.976064551411411E+009,1.537471193231286E-002,
2.981049416656657E+009,1.532888738291585E-002,
2.986034281901902E+009,1.528263312527693E-002,
2.991019147147147E+009,1.455024665570076E-002,
2.996004012392393E+009,1.419973055465346E-002,
3.000988877637638E+009,1.362844963974762E-002,
3.005973742882883E+009,1.290084760398611E-002,
3.010958608128128E+009,1.223336250542105E-002,
3.015943473373374E+009,1.210647918377075E-002,
3.020928338618619E+009,1.116414191546485E-002,
3.025913203863864E+009,1.066698613032656E-002,
3.030898069109109E+009,1.057311024934294E-002,
3.035882934354354E+009,1.013710967168662E-002,
3.040867799599600E+009,9.940391439878136E-003,
3.045852664844845E+009,9.946110799468100E-003,
3.050837530090090E+009,9.862566558398692E-003,
3.055822395335335E+009,9.947238755598060E-003,
3.060807260580581E+009,9.992863668131562E-003,
3.065792125825826E+009,1.004221479327145E-002,
3.070776991071071E+009,9.947512534579437E-003,
3.075761856316316E+009,9.760207854655589E-003,
3.080746721561562E+009,9.546570263251125E-003,
3.085731586806807E+009,9.208103888060360E-003,
3.090716452052052E+009,8.756812329390334E-003,
3.095701317297298E+009,8.378758089684508E-003,
3.100686182542543E+009,8.042167402717999E-003,
3.105671047787788E+009,7.715029818692431E-003,
3.110655913033033E+009,7.456535849809301E-003,
3.115640778278278E+009,7.122038107899059E-003,
3.120625643523523E+009,6.834050431830476E-003,
3.125610508768769E+009,6.821502791197679E-003,
3.130595374014014E+009,6.781408708593442E-003,
3.135580239259259E+009,6.630496829232542E-003,
3.140565104504505E+009,6.473480515725933E-003,
3.145549969749750E+009,6.386453188842713E-003,
3.150534834994995E+009,6.307297371844790E-003,
3.155519700240240E+009,6.287649798415953E-003,
3.160504565485486E+009,5.917324718907931E-003,
3.165489430730731E+009,5.575157954411216E-003,
3.170474295975976E+009,5.134100302304738E-003,
3.175459161221221E+009,4.726629385174513E-003,
3.180444026466466E+009,4.402324982792766E-003,
3.185428891711712E+009,4.165750536718913E-003,
3.190413756956957E+009,3.841578278829209E-003,
3.195398622202202E+009,3.552350234987978E-003,
3.200383487447447E+009,2.985307850522305E-003,
3.205368352692693E+009,2.594792288977976E-003,
3.210353217937938E+009,2.222087536983249E-003,
3.215338083183183E+009,1.701799716508143E-003,
3.220322948428429E+009,1.170169341534785E-003,
3.225307813673674E+009,8.608006251300376E-004,
3.230292678918919E+009,7.451562106384501E-004,
3.235277544164164E+009,8.591476327169373E-004,
3.240262409409410E+009,8.547001554329637E-004,
3.245247274654655E+009,8.950548334896403E-004,
3.250232139899900E+009,8.656390726617874E-004,
3.255217005145145E+009,6.432869500144304E-004,
3.260201870390390E+009,6.041672944401836E-004,
3.265186735635636E+009,7.144634913326592E-004,
3.270171600880881E+009,8.217899051811171E-004,
3.275156466126126E+009,9.438684541503993E-004,
3.280141331371371E+009,1.220825183712649E-003,
3.285126196616617E+009,1.496855044819280E-003,
3.290111061861862E+009,1.767956960975871E-003,
3.295095927107107E+009,2.178209346168753E-003,
3.300080792352352E+009,2.620640094160036E-003,
3.305065657597598E+009,3.144408687259459E-003,
3.310050522842843E+009,3.495826692686406E-003,
3.315035388088088E+009,3.783154702874324E-003,
3.320020253333334E+009,3.981395785572673E-003,
3.325005118578579E+009,4.102234212821639E-003,
3.329989983823824E+009,4.380206232999926E-003,
3.334974849069069E+009,4.711166171376871E-003,
3.339959714314314E+009,5.194869014399748E-003,
3.344944579559560E+009,5.623412233209984E-003,
3.349929444804805E+009,5.888664792742046E-003,
3.354914310050050E+009,6.107551136711061E-003,
3.359899175295295E+009,6.113209514896790E-003,
3.364884040540541E+009,5.945024293843735E-003,
3.369868905785786E+009,5.833703982352360E-003,
3.374853771031031E+009,5.895832255756796E-003,
3.379838636276276E+009,6.123417936300842E-003,
3.384823501521522E+009,6.317824409813830E-003,
3.389808366766767E+009,6.458833879600797E-003,
3.394793232012012E+009,6.539382100304087E-003,
3.399778097257258E+009,6.493592968858572E-003,
3.404762962502502E+009,6.549689921029560E-003,
3.409747827747748E+009,6.733027873838269E-003,
3.414732692992993E+009,6.861016982083924E-003,
3.419717558238238E+009,7.014410227087381E-003,
3.424702423483483E+009,7.022800065407788E-003,
3.429687288728729E+009,7.095828855991707E-003,
3.434672153973974E+009,7.245852338810270E-003,
3.439657019219219E+009,7.393826402381521E-003,
3.444641884464465E+009,7.649569195374587E-003,
3.449626749709710E+009,7.789209357890871E-003,
3.454611614954955E+009,8.080456758397289E-003,
3.459596480200200E+009,8.334062135113106E-003,
3.464581345445446E+009,8.898485201679173E-003,
3.469566210690691E+009,9.326110857926067E-003,
3.474551075935936E+009,9.548971309064715E-003,
3.479535941181181E+009,9.727219141032249E-003,
3.484520806426426E+009,9.788673422905762E-003,
3.489505671671672E+009,9.931318679938813E-003,
3.494490536916917E+009,1.022886725113530E-002,
3.499475402162162E+009,1.045035278464561E-002,
3.504460267407407E+009,1.068432394730722E-002,
3.509445132652653E+009,1.085939325339586E-002,
3.514429997897898E+009,1.090077294728731E-002,
3.519414863143143E+009,1.089162520559774E-002,
3.524399728388389E+009,1.067852537064168E-002,
3.529384593633634E+009,1.038142291804312E-002,
3.534369458878879E+009,1.000868850153704E-002,
3.539354324124124E+009,9.590969977743750E-003,
3.544339189369370E+009,9.267368597660846E-003,
3.549324054614615E+009,9.283675875654991E-003,
3.554308919859860E+009,9.320799934345363E-003,
3.559293785105105E+009,9.301446664992203E-003,
3.564278650350350E+009,9.373553282762296E-003,
3.569263515595596E+009,9.274688808807493E-003,
3.574248380840841E+009,9.468336416669112E-003,
3.579233246086086E+009,9.739649554858397E-003,
3.584218111331331E+009,1.010697686117583E-002,
3.589202976576577E+009,1.063317196692861E-002,
3.594187841821822E+009,1.114069839258545E-002,
3.599172707067067E+009,1.150014765385198E-002,
3.604157572312312E+009,1.172631751135476E-002,
3.609142437557558E+009,1.179073398949418E-002,
3.614127302802803E+009,1.189659432094770E-002,
3.619112168048048E+009,1.183042127802675E-002,
3.624097033293294E+009,1.170787679413234E-002,
3.629081898538539E+009,1.162407114391308E-002,
3.634066763783784E+009,1.161337237476789E-002,
3.639051629029029E+009,1.146726325569178E-002,
3.644036494274274E+009,1.132186406098655E-002,
3.649021359519519E+009,1.096679083703043E-002,
3.654006224764765E+009,1.053262490092183E-002,
3.658991090010010E+009,1.006158547113082E-002,
3.663975955255255E+009,9.981142016838517E-003,
3.668960820500501E+009,1.001061267045971E-002,
3.673945685745746E+009,9.981555594530832E-003,
3.678930550990991E+009,9.877534159537916E-003,
3.683915416236236E+009,9.851527261731823E-003,
3.688900281481482E+009,9.979853095843384E-003,
3.693885146726727E+009,1.020093364847490E-002,
3.698870011971972E+009,1.018640856890475E-002,
3.703854877217217E+009,1.026735756784469E-002,
3.708839742462462E+009,1.027180635823011E-002,
3.713824607707708E+009,1.035014637634541E-002,
3.718809472952953E+009,1.059861419296347E-002,
3.723794338198198E+009,1.056203542141965E-002,
3.728779203443443E+009,1.060783199124639E-002,
3.733764068688689E+009,1.045392636478181E-002,
3.738748933933934E+009,1.032255203884654E-002,
3.743733799179179E+009,1.009921769421874E-002,
3.748718664424425E+009,1.007011801827115E-002,
3.753703529669670E+009,1.012515482393741E-002,
3.758688394914915E+009,1.028736366134839E-002,
3.763673260160160E+009,1.066436382986951E-002,
3.768658125405406E+009,1.086862654897576E-002,
3.773642990650651E+009,1.109381848707532E-002,
3.778627855895896E+009,1.107605712356159E-002,
3.783612721141141E+009,1.101288828083414E-002,
3.788597586386386E+009,1.091190755583445E-002,
3.793582451631632E+009,1.071471591543548E-002,
3.798567316876877E+009,1.058462812255748E-002,
3.803552182122122E+009,1.035902404063024E-002,
3.808537047367367E+009,1.022279846213121E-002,
3.813521912612613E+009,1.010180165890520E-002,
3.818506777857858E+009,1.008364508866706E-002,
3.823491643103103E+009,1.020795629805797E-002,
3.828476508348349E+009,1.008041780161688E-002,
3.833461373593594E+009,9.828528468133138E-003,
3.838446238838839E+009,9.525236013438077E-003,
3.843431104084084E+009,9.471316619454613E-003,
3.848415969329330E+009,9.576082827092085E-003,
3.853400834574575E+009,9.829831200725146E-003,
3.858385699819820E+009,9.778988682952934E-003,
3.863370565065065E+009,9.928892075387011E-003,
3.868355430310310E+009,1.015958813145259E-002,
3.873340295555556E+009,1.032621569497968E-002,
3.878325160800801E+009,1.040925269186015E-002,
3.883310026046046E+009,1.045140660215241E-002,
3.888294891291291E+009,1.055564157433381E-002,
3.893279756536537E+009,1.039599499171210E-002,
3.898264621781782E+009,1.022974325172287E-002,
3.903249487027027E+009,9.989920578616697E-003,
3.908234352272272E+009,9.423249338190996E-003,
3.913219217517518E+009,8.948166427990631E-003,
3.918204082762763E+009,8.609451836124262E-003,
3.923188948008008E+009,8.383374631209460E-003,
3.928173813253254E+009,8.248327506156143E-003,
3.933158678498498E+009,8.176499964649671E-003,
3.938143543743744E+009,8.144241196599098E-003,
3.943128408988989E+009,8.152765885727614E-003,
3.948113274234234E+009,8.116024026244655E-003,
3.953098139479479E+009,7.939955165164984E-003,
3.958083004724725E+009,7.931964524599707E-003,
3.963067869969970E+009,7.939844898447049E-003,
3.968052735215215E+009,8.055337444319525E-003,
3.973037600460461E+009,8.261361425109255E-003,
3.978022465705706E+009,8.339916144990578E-003,
3.983007330950951E+009,8.440747045529450E-003,
3.987992196196196E+009,8.397774444248040E-003,
3.992977061441442E+009,8.293235050978200E-003,
3.997961926686687E+009,8.022088210277190E-003,
4.002946791931932E+009,7.887260257659430E-003,
4.007931657177177E+009,7.613640386636559E-003,
4.012916522422422E+009,7.499551435018599E-003,
4.017901387667668E+009,7.323946639167362E-003,
4.022886252912913E+009,7.196608813326607E-003,
4.027871118158158E+009,7.291214411743613E-003,
4.032855983403403E+009,7.346875417047225E-003,
4.037840848648649E+009,7.327009151426147E-003,
4.042825713893894E+009,7.542663098497796E-003,
4.047810579139139E+009,7.774976717191854E-003,
4.052795444384385E+009,8.108928193875434E-003,
4.057780309629630E+009,8.307339786150931E-003,
4.062765174874875E+009,8.521581209938928E-003,
4.067750040120120E+009,8.658778072465626E-003,
4.072734905365366E+009,8.997779182195654E-003,
4.077719770610611E+009,9.044898644319600E-003,
4.082704635855856E+009,9.040098577284461E-003,
4.087689501101101E+009,9.021166518527482E-003,
4.092674366346346E+009,8.904027665741242E-003,
4.097659231591592E+009,8.705141626939552E-003,
4.102644096836837E+009,8.733230560473959E-003,
4.107628962082082E+009,8.686572549665298E-003,
4.112613827327327E+009,8.640663485909439E-003,
4.117598692572573E+009,8.547326202336236E-003,
4.122583557817818E+009,8.495150399068504E-003,
4.127568423063063E+009,8.353288739539421E-003,
4.132553288308308E+009,8.314052008907056E-003,
4.137538153553554E+009,8.375584614251327E-003,
4.142523018798799E+009,8.750483374505224E-003,
4.147507884044044E+009,9.087151920799447E-003,
4.152492749289290E+009,9.537507937208685E-003,
4.157477614534535E+009,9.920566020098894E-003,
4.162462479779780E+009,1.025815468144890E-002,
4.167447345025025E+009,1.043565697506302E-002,
4.172432210270270E+009,1.080716607809743E-002,
4.177417075515515E+009,1.098943594248940E-002,
4.182401940760761E+009,1.115890253061623E-002,
4.187386806006006E+009,1.128420408499368E-002,
4.192371671251251E+009,1.129122044621688E-002,
4.197356536496497E+009,1.144400296909470E-002,
4.202341401741742E+009,1.125577754897337E-002,
4.207326266986987E+009,1.093414954939987E-002,
4.212311132232232E+009,1.056992449284908E-002,
4.217295997477478E+009,1.035327277243350E-002,
4.222280862722723E+009,1.008242511651063E-002,
4.227265727967968E+009,1.005104560875837E-002,
4.232250593213213E+009,1.005764720803082E-002,
4.237235458458458E+009,1.015341759461938E-002,
4.242220323703704E+009,1.022295558399524E-002,
4.247205188948949E+009,1.026509399849345E-002,
4.252190054194194E+009,1.020030913365833E-002,
4.257174919439439E+009,1.023114899660226E-002,
4.262159784684685E+009,1.037660685338452E-002,
4.267144649929930E+009,1.052485958856946E-002,
4.272129515175175E+009,1.067252099468813E-002,
4.277114380420421E+009,1.082040238466245E-002,
4.282099245665666E+009,1.095018107727838E-002,
4.287084110910911E+009,1.101807223161104E-002,
4.292068976156156E+009,1.100220850140382E-002,
4.297053841401402E+009,1.084157421257390E-002,
4.302038706646647E+009,1.059028608543253E-002,
4.307023571891892E+009,1.034159691794782E-002,
4.312008437137137E+009,9.976814025839064E-003,
4.316993302382382E+009,9.794162198305218E-003,
4.321978167627627E+009,9.715357314933984E-003,
4.326963032872873E+009,9.547532821073916E-003,
4.331947898118118E+009,9.328490296718289E-003,
4.336932763363363E+009,9.112091402056509E-003,
4.341917628608608E+009,9.049947095957831E-003,
4.346902493853854E+009,9.018487224022117E-003,
4.351887359099099E+009,8.920546624875602E-003,
4.356872224344344E+009,8.942365962163846E-003,
4.361857089589590E+009,8.869255975412072E-003,
4.366841954834835E+009,8.752062653442895E-003,
4.371826820080080E+009,8.713558715252385E-003,
4.376811685325325E+009,8.646232749725423E-003,
4.381796550570571E+009,8.593489600483837E-003,
4.386781415815816E+009,8.476448466158117E-003,
4.391766281061061E+009,8.357554003490839E-003,
4.396751146306306E+009,8.288522084649566E-003,
4.401736011551552E+009,8.172796562743905E-003,
4.406720876796797E+009,8.131066054199658E-003,
4.411705742042042E+009,8.146775642127794E-003,
4.416690607287288E+009,7.939027248796290E-003,
4.421675472532533E+009,7.762297218125574E-003,
4.426660337777778E+009,7.455550207521002E-003,
4.431645203023023E+009,7.091252921810670E-003,
4.436630068268269E+009,6.889853431096348E-003,
4.441614933513514E+009,6.866958467055315E-003,
4.446599798758759E+009,6.737514688901589E-003,
4.451584664004005E+009,6.608005048174126E-003,
4.456569529249250E+009,6.550917759091797E-003,
4.461554394494494E+009,6.309120713091939E-003,
4.466539259739739E+009,6.173813519894118E-003,
4.471524124984985E+009,6.025822961517488E-003,
4.476508990230230E+009,5.990349049408016E-003,
4.481493855475475E+009,5.875342148915655E-003,
4.486478720720720E+009,6.008629379976658E-003,
4.491463585965966E+009,5.981276978146460E-003,
4.496448451211211E+009,6.175979753844918E-003,
4.501433316456456E+009,6.001777478065068E-003,
4.506418181701702E+009,5.948206859818788E-003,
4.511403046946947E+009,5.784621508082035E-003,
4.516387912192192E+009,5.453792702267309E-003,
4.521372777437437E+009,5.150954031870875E-003,
4.526357642682683E+009,4.901214751298831E-003,
4.531342507927928E+009,4.555440639818308E-003,
4.536327373173173E+009,4.309160101478526E-003,
4.541312238418419E+009,4.033536281775150E-003,
4.546297103663664E+009,3.795782579304401E-003,
4.551281968908909E+009,3.484223958443804E-003,
4.556266834154154E+009,3.303645802663322E-003,
4.561251699399400E+009,3.262723082336189E-003,
4.566236564644645E+009,3.192705794752693E-003,
4.571221429889890E+009,3.057601822631635E-003,
4.576206295135135E+009,2.959131349424052E-003,
4.581191160380381E+009,2.816388291207627E-003,
4.586176025625626E+009,2.795997692949078E-003,
4.591160890870871E+009,2.653974873473543E-003,
4.596145756116117E+009,2.536429305120963E-003,
4.601130621361362E+009,2.126213551762290E-003,
4.606115486606607E+009,2.030350715143849E-003,
4.611100351851852E+009,1.999811828484688E-003,
4.616085217097097E+009,1.942506572134502E-003,
4.621070082342342E+009,1.860389516639219E-003,
4.626054947587587E+009,1.658641415637467E-003,
4.631039812832833E+009,1.524212323116155E-003,
4.636024678078078E+009,1.384681062651652E-003,
4.641009543323323E+009,1.060243311316910E-003,
4.645994408568568E+009,9.036442662109390E-004,
4.650979273813814E+009,8.474733882939354E-004,
4.655964139059059E+009,6.880863288072734E-004,
4.660949004304304E+009,5.893153328879972E-004,
4.665933869549550E+009,4.551765655347215E-004,
4.670918734794795E+009,4.859343834741809E-004,
4.675903600040040E+009,4.804558687013534E-004,
4.680888465285285E+009,4.945489884802057E-004,
4.685873330530531E+009,5.857540045600891E-004,
4.690858195775776E+009,5.882357176142622E-004,
4.695843061021021E+009,6.067207088707655E-004,
4.700827926266266E+009,6.889321347788791E-004,
4.705812791511512E+009,9.222559102697500E-004,
4.710797656756757E+009,1.094517766853182E-003,
4.715782522002002E+009,1.192523521696089E-003,
4.720767387247248E+009,1.389450730786717E-003,
4.725752252492493E+009,1.544326126268950E-003,
4.730737117737738E+009,1.521139346512833E-003,
4.735721982982983E+009,1.652712764541078E-003,
4.740706848228229E+009,1.665193216102526E-003,
4.745691713473474E+009,1.707800298033175E-003,
4.750676578718719E+009,1.802911798887759E-003,
4.755661443963965E+009,1.847426709031363E-003,
4.760646309209209E+009,1.849541091574527E-003,
4.765631174454454E+009,1.965604496871996E-003,
4.770616039699699E+009,1.926933217682206E-003,
4.775600904944945E+009,1.998684576195190E-003,
4.780585770190190E+009,2.007869164345773E-003,
4.785570635435435E+009,2.066724308205090E-003,
4.790555500680680E+009,2.157431752176504E-003,
4.795540365925926E+009,2.189703293074532E-003,
4.800525231171171E+009,2.383195285171777E-003,
4.805510096416416E+009,2.600595096239112E-003,
4.810494961661662E+009,2.704898065135861E-003,
4.815479826906907E+009,2.837912518418077E-003,
4.820464692152152E+009,2.811973072624963E-003,
4.825449557397397E+009,2.869633565438306E-003,
4.830434422642643E+009,2.755835139318111E-003,
4.835419287887888E+009,2.748462730829897E-003,
4.840404153133133E+009,2.564944150650477E-003,
4.845389018378379E+009,2.572999680750678E-003,
4.850373883623624E+009,2.434537297011464E-003,
4.855358748868869E+009,2.251123830058841E-003,
4.860343614114114E+009,2.162694930931649E-003,
4.865328479359360E+009,2.142966694380834E-003,
4.870313344604605E+009,2.108970445898973E-003,
4.875298209849850E+009,2.049886238751937E-003,
4.880283075095095E+009,2.066817764984250E-003,
4.885267940340341E+009,1.997124388085062E-003,
4.890252805585586E+009,2.083302835597108E-003,
4.895237670830831E+009,2.227710321901400E-003,
4.900222536076077E+009,2.156116466589738E-003,
4.905207401321322E+009,2.171825069691311E-003,
4.910192266566567E+009,2.228701776265350E-003,
4.915177131811811E+009,2.153186696837096E-003,
4.920161997057057E+009,2.066041052552460E-003,
4.925146862302302E+009,1.976948121161618E-003,
4.930131727547547E+009,1.916769084885861E-003,
4.935116592792793E+009,1.757000371877931E-003,
4.940101458038038E+009,1.598831501827069E-003,
4.945086323283283E+009,1.658212014409281E-003,
4.950071188528528E+009,1.719760260911983E-003,
4.955056053773774E+009,1.796278145420861E-003,
4.960040919019019E+009,1.849628080816457E-003,
4.965025784264264E+009,1.849385114715206E-003,
4.970010649509509E+009,1.807124110970312E-003,
4.974995514754755E+009,1.775628662561230E-003,
4.979980380000000E+009,1.839278110030836E-003,
