% Version 1.00
%
% Ref Impedances: Z01: 50, Z02: 50
% 
%freq[Hz];Trc1_S21[U];
1.000000000000000E+005,1.020464611404062E-005,
5.084865245245245E+006,4.644894634493081E-004,
1.006973049049049E+007,8.789437359010835E-004,
1.505459573573574E+007,1.795222648952214E-003,
2.003946098098098E+007,2.375569729004639E-003,
2.502432622622623E+007,3.447413758589489E-003,
3.000919147147147E+007,4.879214412922334E-003,
3.499405671671671E+007,8.513430420180166E-003,
3.997892196196196E+007,1.574656632448229E-002,
4.496378720720721E+007,4.464287602452723E-002,
4.994865245245245E+007,9.404595064184590E-002,
5.493351769769770E+007,3.360881392629344E-002,
5.991838294294295E+007,2.353478170868556E-002,
6.490324818818819E+007,1.445139262250490E-002,
6.988811343343343E+007,1.059529488148236E-002,
7.487297867867868E+007,7.980577812762140E-003,
7.985784392392393E+007,5.839467810010267E-003,
8.484270916916917E+007,5.748319891621232E-003,
8.982757441441442E+007,5.295425173975924E-003,
9.481243965965965E+007,5.142655969588139E-003,
9.979730490490490E+007,5.688347703879567E-003,
1.047821701501502E+008,6.314136823235195E-003,
1.097670353953954E+008,7.521676263896875E-003,
1.147519006406407E+008,8.409698321899906E-003,
1.197367658858859E+008,9.808775162708415E-003,
1.247216311311311E+008,1.047571864214411E-002,
1.297064963763764E+008,1.199460596968179E-002,
1.346913616216216E+008,1.473090811491049E-002,
1.396762268668669E+008,1.994721815533338E-002,
1.446610921121121E+008,2.631608700300073E-002,
1.496459573573574E+008,3.703753060879785E-002,
1.546308226026026E+008,5.936449168118754E-002,
1.596156878478479E+008,1.173287930622569E-001,
1.646005530930931E+008,1.556251987106930E-001,
1.695854183383384E+008,1.126966417484018E-001,
1.745702835835836E+008,6.797984090106002E-002,
1.795551488288288E+008,2.813671092966060E-002,
1.845400140740741E+008,1.442304465657892E-002,
1.895248793193193E+008,9.431817586260259E-003,
1.945097445645646E+008,8.078606584676604E-003,
1.994946098098098E+008,6.891986920132205E-003,
2.044794750550551E+008,5.455176487420536E-003,
2.094643403003003E+008,4.586902171041148E-003,
2.144492055455456E+008,4.076900032467233E-003,
2.194340707907908E+008,3.966857489310038E-003,
2.244189360360360E+008,4.442756914081177E-003,
2.294038012812813E+008,5.583888639033138E-003,
2.343886665265265E+008,7.219912431462102E-003,
2.393735317717718E+008,9.592765153088727E-003,
2.443583970170170E+008,1.235455547730867E-002,
2.493432622622623E+008,1.635630128128714E-002,
2.543281275075075E+008,2.204354311869744E-002,
2.593129927527528E+008,2.949283640570851E-002,
2.642978579979980E+008,4.196517819112441E-002,
2.692827232432432E+008,6.111886255667868E-002,
2.742675884884885E+008,9.425014321335698E-002,
2.792524537337337E+008,1.442328939953442E-001,
2.842373189789790E+008,1.569503433002474E-001,
2.892221842242242E+008,1.129725696094541E-001,
2.942070494694695E+008,7.955606219417227E-002,
2.991919147147147E+008,5.914322153105220E-002,
3.041767799599600E+008,4.619255073053022E-002,
3.091616452052052E+008,3.700039627160997E-002,
3.141465104504505E+008,2.876768714806972E-002,
3.191313756956957E+008,2.271424397235098E-002,
3.241162409409409E+008,1.817459484739828E-002,
3.291011061861862E+008,1.435061994325553E-002,
3.340859714314314E+008,1.100945604434266E-002,
3.390708366766767E+008,8.990101453077890E-003,
3.440557019219219E+008,7.705533098373032E-003,
3.490405671671672E+008,6.363613605561078E-003,
3.540254324124124E+008,5.416108301255853E-003,
3.590102976576577E+008,4.884704608678059E-003,
3.639951629029029E+008,4.349332173873767E-003,
3.689800281481482E+008,4.044446329915112E-003,
3.739648933933934E+008,4.142795940069870E-003,
3.789497586386386E+008,4.695124804307564E-003,
3.839346238838839E+008,5.076482048341312E-003,
3.889194891291291E+008,5.461469086059361E-003,
3.939043543743744E+008,6.059112821104455E-003,
3.988892196196196E+008,6.544896828903326E-003,
4.038740848648649E+008,7.390477561890272E-003,
4.088589501101101E+008,9.949378294921872E-003,
4.138438153553554E+008,1.291856252928583E-002,
4.188286806006006E+008,1.784978872248821E-002,
4.238135458458459E+008,2.589546224053908E-002,
4.287984110910911E+008,3.035436699883198E-002,
4.337832763363363E+008,3.045381569180573E-002,
4.387681415815816E+008,2.921487229977994E-002,
4.437530068268268E+008,2.819716936469061E-002,
4.487378720720721E+008,2.752229326181873E-002,
4.537227373173173E+008,2.687341277666955E-002,
4.587076025625626E+008,2.642733932726638E-002,
4.636924678078078E+008,2.660646514008682E-002,
4.686773330530531E+008,2.641832554558728E-002,
4.736621982982983E+008,2.728391157021609E-002,
4.786470635435436E+008,2.715595992490718E-002,
4.836319287887888E+008,2.827061468828975E-002,
4.886167940340340E+008,2.888101028147676E-002,
4.936016592792793E+008,2.950188245662600E-002,
4.985865245245245E+008,3.044161048329503E-002,
5.035713897697698E+008,3.045234790231141E-002,
5.085562550150150E+008,3.048541587144068E-002,
5.135411202602603E+008,2.993497809690322E-002,
5.185259855055055E+008,2.979250375603379E-002,
5.235108507507508E+008,3.028275639065397E-002,
5.284957159959960E+008,3.075161236802370E-002,
5.334805812412412E+008,3.176532953125062E-002,
5.384654464864864E+008,3.333857479317277E-002,
5.434503117317318E+008,3.560668092570959E-002,
5.484351769769770E+008,3.794206396855076E-002,
5.534200422222222E+008,4.066502424344316E-002,
5.584049074674674E+008,4.442826457162754E-002,
5.633897727127128E+008,4.699119104044258E-002,
5.683746379579580E+008,4.955434331728114E-002,
5.733595032032032E+008,5.204425591595267E-002,
5.783443684484484E+008,5.494645100395258E-002,
5.833292336936938E+008,5.763725755935344E-002,
5.883140989389390E+008,6.099615148680100E-002,
5.932989641841842E+008,6.450652752785120E-002,
5.982838294294294E+008,6.773392159458179E-002,
6.032686946746746E+008,7.100070146301465E-002,
6.082535599199200E+008,7.367265422645231E-002,
6.132384251651652E+008,7.640786184071145E-002,
6.182232904104104E+008,7.907886051996178E-002,
6.232081556556556E+008,8.184577476135009E-002,
6.281930209009010E+008,8.558297350220602E-002,
6.331778861461462E+008,8.915893834191099E-002,
6.381627513913914E+008,9.159036724281726E-002,
6.431476166366366E+008,9.403320142874430E-002,
6.481324818818818E+008,9.615227835135237E-002,
6.531173471271272E+008,9.837284248927841E-002,
6.581022123723724E+008,9.997691586101856E-002,
6.630870776176176E+008,1.009204475408911E-001,
6.680719428628628E+008,1.021994609921402E-001,
6.730568081081082E+008,1.017621950927244E-001,
6.780416733533534E+008,1.012627354536351E-001,
6.830265385985986E+008,1.000850583819294E-001,
6.880114038438438E+008,9.800270561287207E-002,
6.929962690890890E+008,9.577007669692127E-002,
6.979811343343344E+008,9.457889907408477E-002,
7.029659995795796E+008,9.374622191146573E-002,
7.079508648248248E+008,9.526907333598232E-002,
7.129357300700700E+008,9.843332342461107E-002,
7.179205953153154E+008,9.993435481469716E-002,
7.229054605605606E+008,9.986507224457349E-002,
7.278903258058058E+008,9.867016995139186E-002,
7.328751910510510E+008,1.010436291709191E-001,
7.378600562962964E+008,1.056509745805104E-001,
7.428449215415416E+008,1.094044187535046E-001,
7.478297867867868E+008,1.138474806577202E-001,
7.528146520320320E+008,1.196472591571444E-001,
7.577995172772772E+008,1.263103240658079E-001,
7.627843825225226E+008,1.303036130801298E-001,
7.677692477677678E+008,1.310794522282822E-001,
7.727541130130130E+008,1.273985758242211E-001,
7.777389782582582E+008,1.231825287270028E-001,
7.827238435035036E+008,1.198009780372245E-001,
7.877087087487488E+008,1.152879630934183E-001,
7.926935739939940E+008,1.096699032701793E-001,
7.976784392392392E+008,1.045319484685547E-001,
8.026633044844844E+008,1.023581749685785E-001,
8.076481697297298E+008,1.045666739845527E-001,
8.126330349749750E+008,1.072212521118281E-001,
8.176179002202202E+008,1.091697084130889E-001,
8.226027654654654E+008,1.108605459832749E-001,
8.275876307107108E+008,1.125924365968848E-001,
8.325724959559560E+008,1.174314628772133E-001,
8.375573612012012E+008,1.239336746143566E-001,
8.425422264464464E+008,1.287768964004410E-001,
8.475270916916918E+008,1.324393975261681E-001,
8.525119569369370E+008,1.333019348220356E-001,
8.574968221821822E+008,1.326274733452682E-001,
8.624816874274274E+008,1.310297290869509E-001,
8.674665526726726E+008,1.273725103897212E-001,
8.724514179179180E+008,1.248749666152290E-001,
8.774362831631632E+008,1.238184614991241E-001,
8.824211484084084E+008,1.210860668147744E-001,
8.874060136536536E+008,1.177862674128206E-001,
8.923908788988990E+008,1.156104335210624E-001,
8.973757441441442E+008,1.144914995070927E-001,
9.023606093893894E+008,1.168419643399745E-001,
9.073454746346346E+008,1.195421854030527E-001,
9.123303398798798E+008,1.206246289821117E-001,
9.173152051251252E+008,1.214812448277388E-001,
9.223000703703704E+008,1.210062508082580E-001,
9.272849356156156E+008,1.212924800371726E-001,
9.322698008608608E+008,1.202290831798449E-001,
9.372546661061062E+008,1.198731345766738E-001,
9.422395313513514E+008,1.175966148729321E-001,
9.472243965965966E+008,1.135996292842938E-001,
9.522092618418418E+008,1.103701869617973E-001,
9.571941270870872E+008,1.059313177525840E-001,
9.621789923323324E+008,1.029714197687050E-001,
9.671638575775776E+008,1.004604981332690E-001,
9.721487228228228E+008,9.976135874734053E-002,
9.771335880680680E+008,9.802709712697527E-002,
9.821184533133134E+008,9.766818712430687E-002,
9.871033185585586E+008,9.795238264438411E-002,
9.920881838038038E+008,9.976228010469766E-002,
9.970730490490490E+008,1.013035549460782E-001,
1.002057914294294E+009,1.033682979608951E-001,
1.007042779539540E+009,1.060274744372790E-001,
1.012027644784785E+009,1.092674597126989E-001,
1.017012510030030E+009,1.125740549813993E-001,
1.021997375275275E+009,1.148137157301983E-001,
1.026982240520521E+009,1.156706878126336E-001,
1.031967105765766E+009,1.165137732428215E-001,
1.036951971011011E+009,1.179682039787281E-001,
1.041936836256256E+009,1.185829183764108E-001,
1.046921701501502E+009,1.173210223242445E-001,
1.051906566746747E+009,1.163285745371733E-001,
1.056891431991992E+009,1.145645592286167E-001,
1.061876297237237E+009,1.118237224480241E-001,
1.066861162482482E+009,1.092537084396567E-001,
1.071846027727728E+009,1.072768306816979E-001,
1.076830892972973E+009,1.057063747675359E-001,
1.081815758218218E+009,1.045358228290861E-001,
1.086800623463464E+009,1.039503004193599E-001,
1.091785488708709E+009,1.049442525983809E-001,
1.096770353953954E+009,1.059704293249830E-001,
1.101755219199199E+009,1.072756263730610E-001,
1.106740084444444E+009,1.083795594208859E-001,
1.111724949689690E+009,1.100703624865309E-001,
1.116709814934935E+009,1.102114759283842E-001,
1.121694680180180E+009,1.081663872747043E-001,
1.126679545425426E+009,1.063488652496494E-001,
1.131664410670671E+009,1.031573382207366E-001,
1.136649275915916E+009,1.007079996449082E-001,
1.141634141161161E+009,9.897924973822080E-002,
1.146619006406406E+009,9.599366923273646E-002,
1.151603871651652E+009,9.346541934017719E-002,
1.156588736896897E+009,9.074858619915663E-002,
1.161573602142142E+009,8.879533678541124E-002,
1.166558467387388E+009,8.645447194753678E-002,
1.171543332632633E+009,8.535163028362432E-002,
1.176528197877878E+009,8.408486310656667E-002,
1.181513063123123E+009,8.305584854102151E-002,
1.186497928368368E+009,8.290722922534571E-002,
1.191482793613614E+009,8.274157298912721E-002,
1.196467658858859E+009,8.410014883249832E-002,
1.201452524104104E+009,8.609065223430859E-002,
1.206437389349349E+009,8.730394803702307E-002,
1.211422254594595E+009,8.716461434286553E-002,
1.216407119839840E+009,8.703300003223666E-002,
1.221391985085085E+009,8.686789450068579E-002,
1.226376850330330E+009,8.568761418692732E-002,
1.231361715575576E+009,8.428204112159549E-002,
1.236346580820821E+009,8.323657771983006E-002,
1.241331446066066E+009,8.239225217713499E-002,
1.246316311311311E+009,8.174916088186664E-002,
1.251301176556557E+009,8.147828605597358E-002,
1.256286041801802E+009,8.103094888157542E-002,
1.261270907047047E+009,8.113422036570608E-002,
1.266255772292292E+009,8.022656052602500E-002,
1.271240637537538E+009,7.940172129855476E-002,
1.276225502782783E+009,7.872440242177929E-002,
1.281210368028028E+009,7.933406929140854E-002,
1.286195233273273E+009,8.075013604389547E-002,
1.291180098518518E+009,8.277697232779038E-002,
1.296164963763764E+009,8.445053324267607E-002,
1.301149829009009E+009,8.570269696400251E-002,
1.306134694254254E+009,8.549999700122020E-002,
1.311119559499500E+009,8.459609948088838E-002,
1.316104424744745E+009,8.381423832239265E-002,
1.321089289989990E+009,8.154337470128784E-002,
1.326074155235235E+009,7.867752737419163E-002,
1.331059020480480E+009,7.674925612872358E-002,
1.336043885725726E+009,7.499645847687649E-002,
1.341028750970971E+009,7.309168970529238E-002,
1.346013616216216E+009,7.262229103625789E-002,
1.350998481461462E+009,7.224026342752149E-002,
1.355983346706707E+009,7.308126914649858E-002,
1.360968211951952E+009,7.350402937080244E-002,
1.365953077197197E+009,7.345777358241830E-002,
1.370937942442442E+009,7.332318077804571E-002,
1.375922807687688E+009,7.326813341100462E-002,
1.380907672932933E+009,7.385512681512572E-002,
1.385892538178178E+009,7.532045468927290E-002,
1.390877403423424E+009,7.513796209387998E-002,
1.395862268668669E+009,7.473446788438916E-002,
1.400847133913914E+009,7.309929335437539E-002,
1.405831999159159E+009,7.038699465981448E-002,
1.410816864404404E+009,6.759770535617239E-002,
1.415801729649650E+009,6.544598492480463E-002,
1.420786594894895E+009,6.384207923083091E-002,
1.425771460140140E+009,6.180849716425269E-002,
1.430756325385386E+009,6.008833292138683E-002,
1.435741190630631E+009,5.856427850054780E-002,
1.440726055875876E+009,5.747046712436065E-002,
1.445710921121121E+009,5.776349110208464E-002,
1.450695786366366E+009,5.744937336945129E-002,
1.455680651611612E+009,5.730998587889163E-002,
1.460665516856857E+009,5.663700573719061E-002,
1.465650382102102E+009,5.604633827959665E-002,
1.470635247347347E+009,5.512701760031703E-002,
1.475620112592593E+009,5.391702183329498E-002,
1.480604977837838E+009,5.356350123742554E-002,
1.485589843083083E+009,5.340597716965632E-002,
1.490574708328328E+009,5.369857181406418E-002,
1.495559573573574E+009,5.242517177701329E-002,
1.500544438818819E+009,5.205423030330834E-002,
1.505529304064064E+009,5.101398809000510E-002,
1.510514169309309E+009,4.996331360876196E-002,
1.515499034554555E+009,4.900460880484359E-002,
1.520483899799800E+009,4.827768832478978E-002,
1.525468765045045E+009,4.813609295783933E-002,
1.530453630290290E+009,4.804758622140897E-002,
1.535438495535536E+009,4.824220836740979E-002,
1.540423360780781E+009,4.898067620109717E-002,
1.545408226026026E+009,4.974118598357429E-002,
1.550393091271271E+009,4.972046487018222E-002,
1.555377956516516E+009,4.990781134818088E-002,
1.560362821761762E+009,4.966320127223123E-002,
1.565347687007007E+009,4.958526707671611E-002,
1.570332552252252E+009,4.952879686142164E-002,
1.575317417497498E+009,4.961164412211460E-002,
1.580302282742743E+009,4.914001059804438E-002,
1.585287147987988E+009,4.941473087354727E-002,
1.590272013233233E+009,4.902527971491098E-002,
1.595256878478478E+009,4.984620971469005E-002,
1.600241743723724E+009,4.959201408861988E-002,
1.605226608968969E+009,4.876979324971539E-002,
1.610211474214214E+009,4.840178042704178E-002,
1.615196339459460E+009,4.824498017018772E-002,
1.620181204704705E+009,4.723242301092431E-002,
1.625166069949950E+009,4.618820351513072E-002,
1.630150935195195E+009,4.519524950778823E-002,
1.635135800440440E+009,4.415177380966280E-002,
1.640120665685686E+009,4.312521065987081E-002,
1.645105530930931E+009,4.231105822570881E-002,
1.650090396176176E+009,4.125518174882548E-002,
1.655075261421422E+009,4.030912752930213E-002,
1.660060126666667E+009,3.897283002305545E-002,
1.665044991911912E+009,3.830975538960180E-002,
1.670029857157157E+009,3.700369575067868E-002,
1.675014722402402E+009,3.634339367532963E-002,
1.679999587647648E+009,3.573992016813801E-002,
1.684984452892893E+009,3.507590570131533E-002,
1.689969318138138E+009,3.391113431207537E-002,
1.694954183383384E+009,3.277072850456620E-002,
1.699939048628629E+009,3.152285332736922E-002,
1.704923913873874E+009,3.002820996805442E-002,
1.709908779119119E+009,2.851982676604833E-002,
1.714893644364364E+009,2.771615282634894E-002,
1.719878509609610E+009,2.746726163127464E-002,
1.724863374854855E+009,2.719255061391525E-002,
1.729848240100100E+009,2.630703560207511E-002,
1.734833105345345E+009,2.554275344403464E-002,
1.739817970590591E+009,2.524726396587123E-002,
1.744802835835836E+009,2.516601624794591E-002,
1.749787701081081E+009,2.537213596078778E-002,
1.754772566326326E+009,2.492993036768338E-002,
1.759757431571572E+009,2.441963901224441E-002,
1.764742296816817E+009,2.416377810132010E-002,
1.769727162062062E+009,2.315768076042065E-002,
1.774712027307307E+009,2.117547847248073E-002,
1.779696892552553E+009,1.876567981307768E-002,
1.784681757797798E+009,1.693098610133468E-002,
1.789666623043043E+009,1.439702882546336E-002,
1.794651488288288E+009,1.234209535838867E-002,
1.799636353533534E+009,1.077042677722954E-002,
1.804621218778779E+009,9.498259045054275E-003,
1.809606084024024E+009,8.725453819761196E-003,
1.814590949269269E+009,7.965871050803489E-003,
1.819575814514514E+009,7.668547322903504E-003,
1.824560679759760E+009,7.297240823245512E-003,
1.829545545005005E+009,7.883281740782960E-003,
1.834530410250250E+009,8.960137620268410E-003,
1.839515275495496E+009,1.016612669293026E-002,
1.844500140740741E+009,1.151685962062807E-002,
1.849485005985986E+009,1.243403620251955E-002,
1.854469871231231E+009,1.437840123975324E-002,
1.859454736476476E+009,1.586576160873104E-002,
1.864439601721722E+009,1.721311144036728E-002,
1.869424466966967E+009,1.861854813910962E-002,
1.874409332212212E+009,1.902566930861410E-002,
1.879394197457458E+009,1.898876749346224E-002,
1.884379062702703E+009,1.887724607038776E-002,
1.889363927947948E+009,1.899768971889326E-002,
1.894348793193193E+009,1.898907720082689E-002,
1.899333658438438E+009,1.843695123161817E-002,
1.904318523683684E+009,1.892002241852307E-002,
1.909303388928929E+009,1.922523071045178E-002,
1.914288254174174E+009,1.929788517092932E-002,
1.919273119419420E+009,2.009576793547248E-002,
1.924257984664665E+009,1.934057706363553E-002,
1.929242849909910E+009,1.855708861096015E-002,
1.934227715155155E+009,1.877347707199814E-002,
1.939212580400400E+009,1.864011213113103E-002,
1.944197445645646E+009,1.916258661256772E-002,
1.949182310890891E+009,1.908243831559313E-002,
1.954167176136136E+009,1.871533846285230E-002,
1.959152041381382E+009,1.858384657774350E-002,
1.964136906626627E+009,1.861153258832880E-002,
1.969121771871872E+009,1.829033482739767E-002,
1.974106637117117E+009,1.742014477080440E-002,
1.979091502362362E+009,1.683627119417782E-002,
1.984076367607608E+009,1.702149930087251E-002,
1.989061232852853E+009,1.809177694525115E-002,
1.994046098098098E+009,1.937650367189314E-002,
1.999030963343343E+009,2.105713264328554E-002,
2.004015828588589E+009,2.208466961096500E-002,
2.009000693833834E+009,2.242963785608655E-002,
2.013985559079079E+009,2.269203420167490E-002,
2.018970424324324E+009,2.341988425009977E-002,
2.023955289569570E+009,2.399541986082839E-002,
2.028940154814815E+009,2.449772359385142E-002,
2.033925020060060E+009,2.603070589691868E-002,
2.038909885305305E+009,2.665195751033852E-002,
2.043894750550551E+009,2.709755195910742E-002,
2.048879615795796E+009,2.828313771712269E-002,
2.053864481041041E+009,2.829486191000817E-002,
2.058849346286286E+009,2.774834094802741E-002,
2.063834211531532E+009,2.784148974561948E-002,
2.068819076776777E+009,2.721446479933755E-002,
2.073803942022022E+009,2.764720823884451E-002,
2.078788807267267E+009,2.728698451589349E-002,
2.083773672512512E+009,2.729860206978020E-002,
2.088758537757758E+009,2.703315149837891E-002,
2.093743403003003E+009,2.732391054844261E-002,
2.098728268248248E+009,2.725177933684560E-002,
2.103713133493494E+009,2.746580833142019E-002,
2.108697998738739E+009,2.773583525223058E-002,
2.113682863983984E+009,2.783557879407866E-002,
2.118667729229229E+009,2.698497003670453E-002,
2.123652594474474E+009,2.646193034300469E-002,
2.128637459719720E+009,2.598991514164559E-002,
2.133622324964965E+009,2.547531865079765E-002,
2.138607190210210E+009,2.471836039971886E-002,
2.143592055455456E+009,2.463495861075463E-002,
2.148576920700701E+009,2.368548857774593E-002,
2.153561785945946E+009,2.261522441805805E-002,
2.158546651191191E+009,2.195070111804299E-002,
2.163531516436437E+009,2.127543654842798E-002,
2.168516381681682E+009,2.093241441295471E-002,
2.173501246926927E+009,2.070010088451629E-002,
2.178486112172172E+009,2.107730340280444E-002,
2.183470977417418E+009,2.172410816385300E-002,
2.188455842662663E+009,2.186096732920892E-002,
2.193440707907908E+009,2.220492759849375E-002,
2.198425573153153E+009,2.347808085848955E-002,
2.203410438398398E+009,2.435064597110856E-002,
2.208395303643644E+009,2.499613803168918E-002,
2.213380168888889E+009,2.634062104261015E-002,
2.218365034134134E+009,2.666018616357092E-002,
2.223349899379379E+009,2.736929001259542E-002,
2.228334764624625E+009,2.734126583800964E-002,
2.233319629869870E+009,2.753260490175361E-002,
2.238304495115115E+009,2.766508021428923E-002,
2.243289360360360E+009,2.802437291653737E-002,
2.248274225605606E+009,2.826391535433584E-002,
2.253259090850851E+009,2.826080966871110E-002,
2.258243956096096E+009,2.833463895991854E-002,
2.263228821341342E+009,2.822308524614124E-002,
2.268213686586587E+009,2.866311592393524E-002,
2.273198551831832E+009,2.914319106536313E-002,
2.278183417077077E+009,2.903428670365225E-002,
2.283168282322322E+009,2.954621768692094E-002,
2.288153147567567E+009,2.972314245422617E-002,
2.293138012812813E+009,2.999060443413218E-002,
2.298122878058058E+009,3.008627290271888E-002,
2.303107743303303E+009,3.092562436821360E-002,
2.308092608548549E+009,3.099718336757696E-002,
2.313077473793794E+009,3.135090043525922E-002,
2.318062339039039E+009,3.177019859567466E-002,
2.323047204284284E+009,3.195722915791292E-002,
2.328032069529530E+009,3.234442536960738E-002,
2.333016934774775E+009,3.157216835538549E-002,
2.338001800020020E+009,3.073577347621497E-002,
2.342986665265266E+009,2.961949405169594E-002,
2.347971530510510E+009,2.841267412687520E-002,
2.352956395755756E+009,2.709333805810827E-002,
2.357941261001001E+009,2.595486502084904E-002,
2.362926126246246E+009,2.466170849089257E-002,
2.367910991491491E+009,2.324207709017275E-002,
2.372895856736737E+009,2.235254952339881E-002,
2.377880721981982E+009,2.150417317864822E-002,
2.382865587227227E+009,2.071370266943347E-002,
2.387850452472473E+009,1.975583759359157E-002,
2.392835317717718E+009,1.851482918559516E-002,
2.397820182962963E+009,1.712138903524272E-002,
2.402805048208208E+009,1.527472486674650E-002,
2.407789913453454E+009,1.413169364526691E-002,
2.412774778698699E+009,1.352858782997976E-002,
2.417759643943944E+009,1.322030577662235E-002,
2.422744509189189E+009,1.307725046016576E-002,
2.427729374434434E+009,1.214637146376061E-002,
2.432714239679680E+009,1.158607103935304E-002,
2.437699104924925E+009,1.072873721196630E-002,
2.442683970170170E+009,9.678130899643070E-003,
2.447668835415415E+009,9.919746928409337E-003,
2.452653700660661E+009,9.560939677417708E-003,
2.457638565905906E+009,1.002934744484497E-002,
2.462623431151151E+009,1.032387222447464E-002,
2.467608296396397E+009,1.064827545927355E-002,
2.472593161641642E+009,1.056447686609255E-002,
2.477578026886887E+009,1.043017520498219E-002,
2.482562892132132E+009,1.043764510496659E-002,
2.487547757377378E+009,9.856387709623904E-003,
2.492532622622623E+009,9.312338653099406E-003,
2.497517487867868E+009,9.229604210011568E-003,
2.502502353113113E+009,8.941676079177266E-003,
2.507487218358358E+009,8.464614307796558E-003,
2.512472083603604E+009,7.737361819121653E-003,
2.517456948848849E+009,7.226535970389018E-003,
2.522441814094094E+009,6.402175713877827E-003,
2.527426679339339E+009,5.083420770582904E-003,
2.532411544584585E+009,3.497040457815046E-003,
2.537396409829830E+009,1.931973964894952E-003,
2.542381275075075E+009,7.366861934055922E-004,
2.547366140320320E+009,1.982313307360438E-003,
2.552351005565566E+009,3.477324426472941E-003,
2.557335870810811E+009,4.667153316851002E-003,
2.562320736056056E+009,5.802316129782686E-003,
2.567305601301302E+009,7.142950987227040E-003,
2.572290466546547E+009,8.558788185674035E-003,
2.577275331791792E+009,1.012076861783143E-002,
2.582260197037037E+009,1.208325810368131E-002,
2.587245062282282E+009,1.388189966737620E-002,
2.592229927527527E+009,1.517313421869720E-002,
2.597214792772773E+009,1.681489859676265E-002,
2.602199658018018E+009,1.736349032167358E-002,
2.607184523263263E+009,1.847363989177728E-002,
2.612169388508509E+009,1.976139875411636E-002,
2.617154253753754E+009,2.122475955741877E-002,
2.622139118998999E+009,2.275289834002631E-002,
2.627123984244244E+009,2.394056177357807E-002,
2.632108849489490E+009,2.496926992390451E-002,
2.637093714734735E+009,2.497146865705365E-002,
2.642078579979980E+009,2.562014670715539E-002,
2.647063445225225E+009,2.527265752617178E-002,
2.652048310470470E+009,2.510215558399769E-002,
2.657033175715716E+009,2.493624048224144E-002,
2.662018040960961E+009,2.513455815346648E-002,
2.667002906206206E+009,2.495968097205973E-002,
2.671987771451451E+009,2.429628124123786E-002,
2.676972636696697E+009,2.385378247511977E-002,
2.681957501941942E+009,2.363159709134175E-002,
2.686942367187187E+009,2.171869830519542E-002,
2.691927232432433E+009,2.092180367003791E-002,
2.696912097677678E+009,2.095674022931536E-002,
2.701896962922923E+009,2.047160046339563E-002,
2.706881828168168E+009,2.092951794252413E-002,
2.711866693413414E+009,2.052195427606671E-002,
2.716851558658659E+009,2.049778035193815E-002,
2.721836423903904E+009,2.026282646724328E-002,
2.726821289149149E+009,2.007269900513065E-002,
2.731806154394394E+009,2.108852401066165E-002,
2.736791019639640E+009,2.148309642281170E-002,
2.741775884884885E+009,2.218120684030148E-002,
2.746760750130130E+009,2.286338642037993E-002,
2.751745615375375E+009,2.364331282855173E-002,
2.756730480620621E+009,2.616982463124700E-002,
2.761715345865866E+009,2.667723962780166E-002,
2.766700211111111E+009,2.782355090167612E-002,
2.771685076356356E+009,2.846845693264471E-002,
2.776669941601602E+009,2.920856786251978E-002,
2.781654806846847E+009,2.962983720612853E-002,
2.786639672092092E+009,3.032607176574444E-002,
2.791624537337338E+009,3.131040976295229E-002,
2.796609402582583E+009,3.164030207740563E-002,
2.801594267827828E+009,3.297492645676034E-002,
2.806579133073073E+009,3.274273819258076E-002,
2.811563998318318E+009,3.198717571228518E-002,
2.816548863563564E+009,3.270340655982566E-002,
2.821533728808809E+009,3.250762537944565E-002,
2.826518594054054E+009,3.222561324654925E-002,
2.831503459299299E+009,3.222524225263913E-002,
2.836488324544545E+009,3.245685634713554E-002,
2.841473189789790E+009,3.271550130635680E-002,
2.846458055035035E+009,3.301170668275159E-002,
2.851442920280280E+009,3.341491771699946E-002,
2.856427785525526E+009,3.419227367041747E-002,
2.861412650770771E+009,3.512160320185555E-002,
2.866397516016016E+009,3.555506051901656E-002,
2.871382381261262E+009,3.542796929562743E-002,
2.876367246506506E+009,3.505006890864807E-002,
2.881352111751752E+009,3.362513080885279E-002,
2.886336976996997E+009,3.222373427490082E-002,
2.891321842242242E+009,3.139774824524397E-002,
2.896306707487487E+009,2.988927109111508E-002,
2.901291572732733E+009,2.888640014371568E-002,
2.906276437977978E+009,2.778396452530914E-002,
2.911261303223223E+009,2.688986648534766E-002,
2.916246168468469E+009,2.642214752750249E-002,
2.921231033713714E+009,2.628507202948197E-002,
2.926215898958959E+009,2.538317418509896E-002,
2.931200764204204E+009,2.508532109169980E-002,
2.936185629449450E+009,2.530587460137293E-002,
2.941170494694695E+009,2.552505148004707E-002,
2.946155359939940E+009,2.672847316891196E-002,
2.951140225185185E+009,2.764332392778852E-002,
2.956125090430430E+009,2.829078879290954E-002,
2.961109955675676E+009,2.882944759651898E-002,
2.966094820920921E+009,2.962408101957948E-002,
2.971079686166166E+009,3.105129805119012E-002,
2.976064551411411E+009,3.024591733959857E-002,
2.981049416656657E+009,3.103808944518215E-002,
2.986034281901902E+009,3.063154462461903E-002,
2.991019147147147E+009,3.096446861055439E-002,
2.996004012392393E+009,3.048194480074888E-002,
3.000988877637638E+009,2.982969064982857E-002,
3.005973742882883E+009,2.901298927015176E-002,
3.010958608128128E+009,2.856253091869594E-002,
3.015943473373374E+009,2.818536160264065E-002,
3.020928338618619E+009,2.792026398214224E-002,
3.025913203863864E+009,2.832971202887260E-002,
3.030898069109109E+009,2.862598866030211E-002,
3.035882934354354E+009,2.860667013686573E-002,
3.040867799599600E+009,2.868475912118862E-002,
3.045852664844845E+009,2.896673985591336E-002,
3.050837530090090E+009,2.869208178244025E-002,
3.055822395335335E+009,3.021721851807383E-002,
3.060807260580581E+009,3.001084751094308E-002,
3.065792125825826E+009,3.110986262442674E-002,
3.070776991071071E+009,3.109346694505196E-002,
3.075761856316316E+009,3.163522584877244E-002,
3.080746721561562E+009,3.044924766860468E-002,
3.085731586806807E+009,2.969478025259106E-002,
3.090716452052052E+009,2.837069205740619E-002,
3.095701317297298E+009,2.616595170248611E-002,
3.100686182542543E+009,2.496692116732331E-002,
3.105671047787788E+009,2.400908360566190E-002,
3.110655913033033E+009,2.235502357185218E-002,
3.115640778278278E+009,2.284851563462380E-002,
3.120625643523523E+009,2.175445860272778E-002,
3.125610508768769E+009,2.182435178886226E-002,
3.130595374014014E+009,2.117710259036657E-002,
3.135580239259259E+009,2.097492588361946E-002,
3.140565104504505E+009,2.033689295499580E-002,
3.145549969749750E+009,2.138196798756726E-002,
3.150534834994995E+009,2.157365701445795E-002,
3.155519700240240E+009,2.219826989205238E-002,
3.160504565485486E+009,2.229152840642659E-002,
3.165489430730731E+009,2.275853858188711E-002,
3.170474295975976E+009,2.256185734384143E-002,
3.175459161221221E+009,2.273254958920380E-002,
3.180444026466466E+009,2.253603833938661E-002,
3.185428891711712E+009,2.255580202328270E-002,
3.190413756956957E+009,2.226790527045262E-002,
3.195398622202202E+009,2.221982678622143E-002,
3.200383487447447E+009,2.220886465074742E-002,
3.205368352692693E+009,2.231715048723475E-002,
3.210353217937938E+009,2.213012323062697E-002,
3.215338083183183E+009,2.153646417889671E-002,
3.220322948428429E+009,2.173011411276658E-002,
3.225307813673674E+009,2.270247182384828E-002,
3.230292678918919E+009,2.215228164446816E-002,
3.235277544164164E+009,2.217557078893300E-002,
3.240262409409410E+009,2.218493996380767E-002,
3.245247274654655E+009,2.244166074029764E-002,
3.250232139899900E+009,2.269419921588919E-002,
3.255217005145145E+009,2.398618777914509E-002,
3.260201870390390E+009,2.332557747626093E-002,
3.265186735635636E+009,2.270440810623376E-002,
3.270171600880881E+009,2.261578913804515E-002,
3.275156466126126E+009,2.268830843143852E-002,
3.280141331371371E+009,2.211719552665437E-002,
3.285126196616617E+009,2.108383648404917E-002,
3.290111061861862E+009,2.127565811891069E-002,
3.295095927107107E+009,2.064760544541575E-002,
3.300080792352352E+009,1.942237726227728E-002,
3.305065657597598E+009,1.847783743283818E-002,
3.310050522842843E+009,1.820506623958959E-002,
3.315035388088088E+009,1.765715139183247E-002,
3.320020253333334E+009,1.703899252707200E-002,
3.325005118578579E+009,1.748303456147761E-002,
3.329989983823824E+009,1.720805640758898E-002,
3.334974849069069E+009,1.681354613428815E-002,
3.339959714314314E+009,1.675347010094704E-002,
3.344944579559560E+009,1.601495137824596E-002,
3.349929444804805E+009,1.599064679715818E-002,
3.354914310050050E+009,1.512023303692517E-002,
3.359899175295295E+009,1.544407637135561E-002,
3.364884040540541E+009,1.461733667223252E-002,
3.369868905785786E+009,1.532342382910076E-002,
3.374853771031031E+009,1.466442319025349E-002,
3.379838636276276E+009,1.431729493705285E-002,
3.384823501521522E+009,1.424504256366665E-002,
3.389808366766767E+009,1.430150544789921E-002,
3.394793232012012E+009,1.449104200258207E-002,
3.399778097257258E+009,1.383673958842697E-002,
3.404762962502502E+009,1.349759025495841E-002,
3.409747827747748E+009,1.354002639326147E-002,
3.414732692992993E+009,1.350303778910861E-002,
3.419717558238238E+009,1.348904456873799E-002,
3.424702423483483E+009,1.356314963935509E-002,
3.429687288728729E+009,1.354786299713767E-002,
3.434672153973974E+009,1.354459777665031E-002,
3.439657019219219E+009,1.347464019893921E-002,
3.444641884464465E+009,1.335725763305201E-002,
3.449626749709710E+009,1.321464804529070E-002,
3.454611614954955E+009,1.297286867144420E-002,
3.459596480200200E+009,1.270915099403671E-002,
3.464581345445446E+009,1.255114804048068E-002,
3.469566210690691E+009,1.241825386786346E-002,
3.474551075935936E+009,1.236493688431227E-002,
3.479535941181181E+009,1.239124176128866E-002,
3.484520806426426E+009,1.254804056001443E-002,
3.489505671671672E+009,1.252280478442703E-002,
3.494490536916917E+009,1.232410805797868E-002,
3.499475402162162E+009,1.203547904350117E-002,
3.504460267407407E+009,1.167155720589613E-002,
3.509445132652653E+009,1.128381805350248E-002,
3.514429997897898E+009,1.103830846403803E-002,
3.519414863143143E+009,1.065430856762323E-002,
3.524399728388389E+009,1.030632100776329E-002,
3.529384593633634E+009,9.924970853740429E-003,
3.534369458878879E+009,9.451252129530085E-003,
3.539354324124124E+009,9.108781440660314E-003,
3.544339189369370E+009,8.805701863843321E-003,
3.549324054614615E+009,8.683679246356412E-003,
3.554308919859860E+009,8.560132787739755E-003,
3.559293785105105E+009,8.382080690969372E-003,
3.564278650350350E+009,8.003621811773609E-003,
3.569263515595596E+009,7.438240766102955E-003,
3.574248380840841E+009,6.910221678675379E-003,
3.579233246086086E+009,6.706260536160227E-003,
3.584218111331331E+009,6.728267926239471E-003,
3.589202976576577E+009,6.806481202050078E-003,
3.594187841821822E+009,6.750311912723587E-003,
3.599172707067067E+009,6.797907324541887E-003,
3.604157572312312E+009,6.919287021266557E-003,
3.609142437557558E+009,7.039118353855946E-003,
3.614127302802803E+009,7.450385274828135E-003,
3.619112168048048E+009,7.728901848997982E-003,
3.624097033293294E+009,7.917414442632999E-003,
3.629081898538539E+009,8.048616518858668E-003,
3.634066763783784E+009,8.351018432534144E-003,
3.639051629029029E+009,8.810249173582590E-003,
3.644036494274274E+009,9.149458202935045E-003,
3.649021359519519E+009,9.212065716651849E-003,
3.654006224764765E+009,9.193304328494079E-003,
3.658991090010010E+009,9.392010620444286E-003,
3.663975955255255E+009,9.569630469279300E-003,
3.668960820500501E+009,9.938047801580450E-003,
3.673945685745746E+009,1.030702437098680E-002,
3.678930550990991E+009,1.084238930768455E-002,
3.683915416236236E+009,1.122396379465178E-002,
3.688900281481482E+009,1.161650862515986E-002,
3.693885146726727E+009,1.175088723316783E-002,
3.698870011971972E+009,1.197921802017896E-002,
3.703854877217217E+009,1.217289311992448E-002,
3.708839742462462E+009,1.239780870356949E-002,
3.713824607707708E+009,1.250265224499694E-002,
3.718809472952953E+009,1.277340256322915E-002,
3.723794338198198E+009,1.289228332870772E-002,
3.728779203443443E+009,1.314836770917843E-002,
3.733764068688689E+009,1.319625907079814E-002,
3.738748933933934E+009,1.337191556122930E-002,
3.743733799179179E+009,1.322794859042004E-002,
3.748718664424425E+009,1.311590188133191E-002,
3.753703529669670E+009,1.313301425455277E-002,
3.758688394914915E+009,1.346575699507830E-002,
3.763673260160160E+009,1.384134771034145E-002,
3.768658125405406E+009,1.406898172620346E-002,
3.773642990650651E+009,1.418064220407699E-002,
3.778627855895896E+009,1.432094429000764E-002,
3.783612721141141E+009,1.426308500345296E-002,
3.788597586386386E+009,1.413574002339548E-002,
3.793582451631632E+009,1.385921596000986E-002,
3.798567316876877E+009,1.349980681447385E-002,
3.803552182122122E+009,1.323813231251551E-002,
3.808537047367367E+009,1.298840500868443E-002,
3.813521912612613E+009,1.296391743515896E-002,
3.818506777857858E+009,1.265618246337676E-002,
3.823491643103103E+009,1.228712157896908E-002,
3.828476508348349E+009,1.173278953764866E-002,
3.833461373593594E+009,1.136894426500348E-002,
3.838446238838839E+009,1.147355232021781E-002,
3.843431104084084E+009,1.181173073635051E-002,
3.848415969329330E+009,1.222910151510442E-002,
3.853400834574575E+009,1.249802910056299E-002,
3.858385699819820E+009,1.279160522324567E-002,
3.863370565065065E+009,1.289120589313010E-002,
3.868355430310310E+009,1.302116301774931E-002,
3.873340295555556E+009,1.320000255618187E-002,
3.878325160800801E+009,1.336222708543567E-002,
3.883310026046046E+009,1.365232850257753E-002,
3.888294891291291E+009,1.409776544339861E-002,
3.893279756536537E+009,1.461617759407651E-002,
3.898264621781782E+009,1.479667156445989E-002,
3.903249487027027E+009,1.485763970292265E-002,
3.908234352272272E+009,1.468703470052400E-002,
3.913219217517518E+009,1.457603629496414E-002,
3.918204082762763E+009,1.443707698226993E-002,
3.923188948008008E+009,1.420505682413368E-002,
3.928173813253254E+009,1.408224017439042E-002,
3.933158678498498E+009,1.403656618823306E-002,
3.938143543743744E+009,1.398602295780734E-002,
3.943128408988989E+009,1.406604144708893E-002,
3.948113274234234E+009,1.434454613311428E-002,
3.953098139479479E+009,1.467373401592614E-002,
3.958083004724725E+009,1.507778164306611E-002,
3.963067869969970E+009,1.553319763581675E-002,
3.968052735215215E+009,1.599406305592966E-002,
3.973037600460461E+009,1.644369190025726E-002,
3.978022465705706E+009,1.672049713453901E-002,
3.983007330950951E+009,1.679350026051602E-002,
3.987992196196196E+009,1.668469949225138E-002,
3.992977061441442E+009,1.647641062379520E-002,
3.997961926686687E+009,1.602272348770607E-002,
4.002946791931932E+009,1.558337025625646E-002,
4.007931657177177E+009,1.519875021379427E-002,
4.012916522422422E+009,1.480028447981557E-002,
4.017901387667668E+009,1.451672659649870E-002,
4.022886252912913E+009,1.427933872961428E-002,
4.027871118158158E+009,1.410619512518345E-002,
4.032855983403403E+009,1.402859010939631E-002,
4.037840848648649E+009,1.408006420009998E-002,
4.042825713893894E+009,1.424447991047642E-002,
4.047810579139139E+009,1.465835114664541E-002,
4.052795444384385E+009,1.487395831426482E-002,
4.057780309629630E+009,1.511482824229077E-002,
4.062765174874875E+009,1.516456989178453E-002,
4.067750040120120E+009,1.505452039047358E-002,
4.072734905365366E+009,1.490955060392305E-002,
4.077719770610611E+009,1.452497425493175E-002,
4.082704635855856E+009,1.414582322954917E-002,
4.087689501101101E+009,1.390859868885753E-002,
4.092674366346346E+009,1.360531277676042E-002,
4.097659231591592E+009,1.333285080911847E-002,
4.102644096836837E+009,1.299364194236104E-002,
4.107628962082082E+009,1.259600985006261E-002,
4.112613827327327E+009,1.214433350013649E-002,
4.117598692572573E+009,1.174036748294814E-002,
4.122583557817818E+009,1.155121347547222E-002,
4.127568423063063E+009,1.160740610629056E-002,
4.132553288308308E+009,1.177159368470805E-002,
4.137538153553554E+009,1.208958855426289E-002,
4.142523018798799E+009,1.240374616495532E-002,
4.147507884044044E+009,1.252608992238886E-002,
4.152492749289290E+009,1.269207609082628E-002,
4.157477614534535E+009,1.272550495218168E-002,
4.162462479779780E+009,1.283757121343486E-002,
4.167447345025025E+009,1.302545943526091E-002,
4.172432210270270E+009,1.319482763080465E-002,
4.177417075515515E+009,1.327530428746285E-002,
4.182401940760761E+009,1.339926943189584E-002,
4.187386806006006E+009,1.339121009406182E-002,
4.192371671251251E+009,1.334114300425144E-002,
4.197356536496497E+009,1.318646134192782E-002,
4.202341401741742E+009,1.312790706476245E-002,
4.207326266986987E+009,1.283510761090327E-002,
4.212311132232232E+009,1.267940600948991E-002,
4.217295997477478E+009,1.249193341822463E-002,
4.222280862722723E+009,1.238201927868243E-002,
4.227265727967968E+009,1.199044699730227E-002,
4.232250593213213E+009,1.196105960655378E-002,
4.237235458458458E+009,1.197935997110041E-002,
4.242220323703704E+009,1.215410835030479E-002,
4.247205188948949E+009,1.238926160938822E-002,
4.252190054194194E+009,1.284092861753528E-002,
4.257174919439439E+009,1.318764488496063E-002,
4.262159784684685E+009,1.363551232480842E-002,
4.267144649929930E+009,1.402446582134222E-002,
4.272129515175175E+009,1.451055334519582E-002,
4.277114380420421E+009,1.476162134674124E-002,
4.282099245665666E+009,1.484425882208303E-002,
4.287084110910911E+009,1.490051645833740E-002,
4.292068976156156E+009,1.473683766798398E-002,
4.297053841401402E+009,1.454723303220664E-002,
4.302038706646647E+009,1.431263313255894E-002,
4.307023571891892E+009,1.416929805647155E-002,
4.312008437137137E+009,1.388206562024463E-002,
4.316993302382382E+009,1.374062009133746E-002,
4.321978167627627E+009,1.349170912629026E-002,
4.326963032872873E+009,1.338947713851729E-002,
4.331947898118118E+009,1.348560408920188E-002,
4.336932763363363E+009,1.362256425824078E-002,
4.341917628608608E+009,1.384921791548198E-002,
4.346902493853854E+009,1.402067727293697E-002,
4.351887359099099E+009,1.412408671814699E-002,
4.356872224344344E+009,1.437098550460363E-002,
4.361857089589590E+009,1.458382462378549E-002,
4.366841954834835E+009,1.478921062509535E-002,
4.371826820080080E+009,1.511491751226181E-002,
4.376811685325325E+009,1.530056857426772E-002,
4.381796550570571E+009,1.543637812820716E-002,
4.386781415815816E+009,1.552247253495749E-002,
4.391766281061061E+009,1.540074790292838E-002,
4.396751146306306E+009,1.555846934396188E-002,
4.401736011551552E+009,1.558528588177203E-002,
4.406720876796797E+009,1.551310570122803E-002,
4.411705742042042E+009,1.543219657214529E-002,
4.416690607287288E+009,1.537893625655680E-002,
4.421675472532533E+009,1.534400256101696E-002,
4.426660337777778E+009,1.528357634447488E-002,
4.431645203023023E+009,1.512527511106847E-002,
4.436630068268269E+009,1.488445367812639E-002,
4.441614933513514E+009,1.463059931694035E-002,
4.446599798758759E+009,1.442052589102630E-002,
4.451584664004005E+009,1.431956940011598E-002,
4.456569529249250E+009,1.438930532785926E-002,
4.461554394494494E+009,1.438628998929820E-002,
4.466539259739739E+009,1.462564514715012E-002,
4.471524124984985E+009,1.483689590689997E-002,
4.476508990230230E+009,1.506685528367271E-002,
4.481493855475475E+009,1.540800964192036E-002,
4.486478720720720E+009,1.575791119246469E-002,
4.491463585965966E+009,1.592342275791894E-002,
4.496448451211211E+009,1.618060245966019E-002,
4.501433316456456E+009,1.628653345965057E-002,
4.506418181701702E+009,1.634729136360208E-002,
4.511403046946947E+009,1.636276166504940E-002,
4.516387912192192E+009,1.632333944718939E-002,
4.521372777437437E+009,1.623864965409824E-002,
4.526357642682683E+009,1.605748537271819E-002,
4.531342507927928E+009,1.592682166059746E-002,
4.536327373173173E+009,1.564473546496376E-002,
4.541312238418419E+009,1.526761645105799E-002,
4.546297103663664E+009,1.487428117259672E-002,
4.551281968908909E+009,1.425016275900816E-002,
4.556266834154154E+009,1.377337641907962E-002,
4.561251699399400E+009,1.358886222515142E-002,
4.566236564644645E+009,1.338452530369375E-002,
4.571221429889890E+009,1.341873918949935E-002,
4.576206295135135E+009,1.368256620579872E-002,
4.581191160380381E+009,1.400592672099935E-002,
4.586176025625626E+009,1.432786606883484E-002,
4.591160890870871E+009,1.474541510018727E-002,
4.596145756116117E+009,1.495002693385160E-002,
4.601130621361362E+009,1.514935634697134E-002,
4.606115486606607E+009,1.552221834524241E-002,
4.611100351851852E+009,1.574342337188117E-002,
4.616085217097097E+009,1.575775959848056E-002,
4.621070082342342E+009,1.562258687385832E-002,
4.626054947587587E+009,1.546545181947988E-002,
4.631039812832833E+009,1.510160841826787E-002,
4.636024678078078E+009,1.470443941343892E-002,
4.641009543323323E+009,1.413637236386350E-002,
4.645994408568568E+009,1.363564856406273E-002,
4.650979273813814E+009,1.321154964031547E-002,
4.655964139059059E+009,1.279021346995928E-002,
4.660949004304304E+009,1.255047356088544E-002,
4.665933869549550E+009,1.228370756306272E-002,
4.670918734794795E+009,1.225837364426961E-002,
4.675903600040040E+009,1.218945155845389E-002,
4.680888465285285E+009,1.230011130621278E-002,
4.685873330530531E+009,1.251736881013972E-002,
4.690858195775776E+009,1.278373017163158E-002,
4.695843061021021E+009,1.332734237248996E-002,
4.700827926266266E+009,1.378762930647682E-002,
4.705812791511512E+009,1.427289151359011E-002,
4.710797656756757E+009,1.453301101475799E-002,
4.715782522002002E+009,1.448663414025539E-002,
4.720767387247248E+009,1.422664538643987E-002,
4.725752252492493E+009,1.390935255674871E-002,
4.730737117737738E+009,1.344775306603392E-002,
4.735721982982983E+009,1.287977845366718E-002,
4.740706848228229E+009,1.233993340773015E-002,
4.745691713473474E+009,1.172852370198924E-002,
4.750676578718719E+009,1.103083848232655E-002,
4.755661443963965E+009,1.045885313261588E-002,
4.760646309209209E+009,1.001207851639560E-002,
4.765631174454454E+009,9.729281380634228E-003,
4.770616039699699E+009,9.607533982411995E-003,
4.775600904944945E+009,9.617092569724588E-003,
4.780585770190190E+009,9.840785014183132E-003,
4.785570635435435E+009,1.012564492137153E-002,
4.790555500680680E+009,1.029703927965774E-002,
4.795540365925926E+009,1.054896057885954E-002,
4.800525231171171E+009,1.093796520349029E-002,
4.805510096416416E+009,1.123028403592011E-002,
4.810494961661662E+009,1.134698070002280E-002,
4.815479826906907E+009,1.134582058632274E-002,
4.820464692152152E+009,1.118437032241167E-002,
4.825449557397397E+009,1.117509849756709E-002,
4.830434422642643E+009,1.079639672911607E-002,
4.835419287887888E+009,1.051693817885697E-002,
4.840404153133133E+009,1.008390517815959E-002,
4.845389018378379E+009,9.642057921643892E-003,
4.850373883623624E+009,9.329315835206334E-003,
4.855358748868869E+009,9.079949294812826E-003,
4.860343614114114E+009,8.831498661054342E-003,
4.865328479359360E+009,8.655345269424518E-003,
4.870313344604605E+009,8.528552699728685E-003,
4.875298209849850E+009,8.576882753148179E-003,
4.880283075095095E+009,8.623272067472080E-003,
4.885267940340341E+009,8.541412405965685E-003,
4.890252805585586E+009,8.713880660581059E-003,
4.895237670830831E+009,8.883477735742117E-003,
4.900222536076077E+009,9.021060555283707E-003,
4.905207401321322E+009,9.314778052351471E-003,
4.910192266566567E+009,9.528118441431217E-003,
4.915177131811811E+009,9.618372833398741E-003,
4.920161997057057E+009,9.723765577051530E-003,
4.925146862302302E+009,9.734809439976020E-003,
4.930131727547547E+009,9.800600620624298E-003,
4.935116592792793E+009,9.612237990152081E-003,
4.940101458038038E+009,9.391070321987736E-003,
4.945086323283283E+009,9.066871602911541E-003,
4.950071188528528E+009,8.803160000362777E-003,
4.955056053773774E+009,8.575541110647152E-003,
4.960040919019019E+009,8.148686496738561E-003,
4.965025784264264E+009,7.881664734434435E-003,
4.970010649509509E+009,7.643469692064605E-003,
4.974995514754755E+009,7.520592219418872E-003,
4.979980380000000E+009,7.379090803349486E-003,
