% Version 1.00
%
% Ref Impedances: Z01: 50, Z02: 50
% 
%freq[Hz];Trc1_S21[U];
1.000000000000000E+005,1.810570873258321E-005,
5.084865245245245E+006,5.605680667043863E-004,
1.006973049049049E+007,8.478161936669086E-004,
1.505459573573574E+007,1.723241002150941E-003,
2.003946098098098E+007,2.374944087644008E-003,
2.502432622622623E+007,3.489040251272509E-003,
3.000919147147147E+007,4.950127900891659E-003,
3.499405671671671E+007,8.647066058481100E-003,
3.997892196196196E+007,1.624974753676279E-002,
4.496378720720721E+007,4.716813296676515E-002,
4.994865245245245E+007,8.541820981106076E-002,
5.493351769769770E+007,3.274204995546885E-002,
5.991838294294295E+007,2.351805131153963E-002,
6.490324818818819E+007,1.500298135341261E-002,
6.988811343343343E+007,1.112448391620375E-002,
7.487297867867868E+007,7.759537091941049E-003,
7.985784392392393E+007,5.409246643887844E-003,
8.484270916916917E+007,5.049159054891038E-003,
8.982757441441442E+007,4.568028324486380E-003,
9.481243965965965E+007,4.271988678795189E-003,
9.979730490490490E+007,4.569896768229716E-003,
1.047821701501502E+008,4.973003500279018E-003,
1.097670353953954E+008,5.941823733766627E-003,
1.147519006406407E+008,6.402864982022015E-003,
1.197367658858859E+008,7.024943349620591E-003,
1.247216311311311E+008,8.080684965354549E-003,
1.297064963763764E+008,9.139930161703469E-003,
1.346913616216216E+008,1.114346319940076E-002,
1.396762268668669E+008,1.498086741399804E-002,
1.446610921121121E+008,1.946434974964572E-002,
1.496459573573574E+008,2.768962979373899E-002,
1.546308226026026E+008,4.364545153659861E-002,
1.596156878478479E+008,8.695693146750182E-002,
1.646005530930931E+008,1.557423418771531E-001,
1.695854183383384E+008,1.200186280642399E-001,
1.745702835835836E+008,6.619374435000913E-002,
1.795551488288288E+008,2.879171128324250E-002,
1.845400140740741E+008,1.516372707030467E-002,
1.895248793193193E+008,9.927308488013464E-003,
1.945097445645646E+008,8.138002156551735E-003,
1.994946098098098E+008,7.720251611950702E-003,
2.044794750550551E+008,6.636329363168176E-003,
2.094643403003003E+008,6.100367980769388E-003,
2.144492055455456E+008,5.930253121492660E-003,
2.194340707907908E+008,5.929276946671688E-003,
2.244189360360360E+008,6.389294919939284E-003,
2.294038012812813E+008,7.273026589114177E-003,
2.343886665265265E+008,8.643442447529185E-003,
2.393735317717718E+008,1.080069542908878E-002,
2.443583970170170E+008,1.304329423952358E-002,
2.493432622622623E+008,1.639585425218114E-002,
2.543281275075075E+008,2.056809721959337E-002,
2.593129927527528E+008,2.706891398167108E-002,
2.642978579979980E+008,3.652665557568471E-002,
2.692827232432432E+008,4.990901767962921E-002,
2.742675884884885E+008,7.189562714989237E-002,
2.792524537337337E+008,1.055485508825773E-001,
2.842373189789790E+008,1.448861649858720E-001,
2.892221842242242E+008,1.320422790753669E-001,
2.942070494694695E+008,9.253659489035386E-002,
2.991919147147147E+008,6.576755947185822E-002,
3.041767799599600E+008,4.977280811900196E-002,
3.091616452052052E+008,3.885321738329062E-002,
3.141465104504505E+008,2.990480497756359E-002,
3.191313756956957E+008,2.320588338516933E-002,
3.241162409409409E+008,1.870192152291326E-002,
3.291011061861862E+008,1.491556141869556E-002,
3.340859714314314E+008,1.106937943688108E-002,
3.390708366766767E+008,8.221299993923325E-003,
3.440557019219219E+008,6.561568324889193E-003,
3.490405671671672E+008,4.783226490428586E-003,
3.540254324124124E+008,3.405952131822101E-003,
3.590102976576577E+008,2.700189012090723E-003,
3.639951629029029E+008,2.098074950570139E-003,
3.689800281481482E+008,2.220798535876958E-003,
3.739648933933934E+008,3.216160192249662E-003,
3.789497586386386E+008,4.449065088246957E-003,
3.839346238838839E+008,5.521184632542173E-003,
3.889194891291291E+008,6.726766680746240E-003,
3.939043543743744E+008,8.397505944801658E-003,
3.988892196196196E+008,1.005533271585259E-002,
4.038740848648649E+008,1.269769489141133E-002,
4.088589501101101E+008,1.556126026407308E-002,
4.138438153553554E+008,1.989666988383768E-002,
4.188286806006006E+008,2.727379913270417E-002,
4.238135458458459E+008,3.459496452167737E-002,
4.287984110910911E+008,3.638408965672268E-002,
4.337832763363363E+008,3.403764240192567E-002,
4.387681415815816E+008,3.042529024361367E-002,
4.437530068268268E+008,2.830057473549546E-002,
4.487378720720721E+008,2.657523872724473E-002,
4.537227373173173E+008,2.544364890401237E-002,
4.587076025625626E+008,2.514736065443250E-002,
4.636924678078078E+008,2.454622592221845E-002,
4.686773330530531E+008,2.437900877249976E-002,
4.736621982982983E+008,2.392018471303809E-002,
4.786470635435436E+008,2.411847839381245E-002,
4.836319287887888E+008,2.469186174184280E-002,
4.886167940340340E+008,2.545922468374543E-002,
4.936016592792793E+008,2.649031529534872E-002,
4.985865245245245E+008,2.771229713611097E-002,
5.035713897697698E+008,2.794354576640743E-002,
5.085562550150150E+008,2.872117442411520E-002,
5.135411202602603E+008,2.806412040033522E-002,
5.185259855055055E+008,2.834643819453186E-002,
5.235108507507508E+008,2.934303241268956E-002,
5.284957159959960E+008,3.077555849164299E-002,
5.334805812412412E+008,3.272320836421191E-002,
5.384654464864864E+008,3.474953635406300E-002,
5.434503117317318E+008,3.712187798584556E-002,
5.484351769769770E+008,4.024531893616733E-002,
5.534200422222222E+008,4.318225975335996E-002,
5.584049074674674E+008,4.693018290164915E-002,
5.633897727127128E+008,5.048791299252589E-002,
5.683746379579580E+008,5.399617039584798E-002,
5.733595032032032E+008,5.766001262251984E-002,
5.783443684484484E+008,6.081487819916689E-002,
5.833292336936938E+008,6.356844682459621E-002,
5.883140989389390E+008,6.655264896633560E-002,
5.932989641841842E+008,6.953904613465174E-002,
5.982838294294294E+008,7.198531910182161E-002,
6.032686946746746E+008,7.383286752484208E-002,
6.082535599199200E+008,7.576162774232045E-002,
6.132384251651652E+008,7.837404915376381E-002,
6.182232904104104E+008,7.973094965562512E-002,
6.232081556556556E+008,8.143007229234600E-002,
6.281930209009010E+008,8.396496953426297E-002,
6.331778861461462E+008,8.633631907448865E-002,
6.381627513913914E+008,8.854462079561909E-002,
6.431476166366366E+008,9.020430543571804E-002,
6.481324818818818E+008,9.199070569698969E-002,
6.531173471271272E+008,9.282831811522282E-002,
6.581022123723724E+008,9.268176349177551E-002,
6.630870776176176E+008,9.297407652846688E-002,
6.680719428628628E+008,9.296488551676689E-002,
6.730568081081082E+008,9.191363137711142E-002,
6.780416733533534E+008,9.166226065065260E-002,
6.830265385985986E+008,8.974641046947549E-002,
6.880114038438438E+008,8.651746504560136E-002,
6.929962690890890E+008,8.471182065319519E-002,
6.979811343343344E+008,8.350554348447212E-002,
7.029659995795796E+008,8.299236176042724E-002,
7.079508648248248E+008,8.413052348095214E-002,
7.129357300700700E+008,8.643073457205962E-002,
7.179205953153154E+008,8.870092612289100E-002,
7.229054605605606E+008,9.030421429452072E-002,
7.278903258058058E+008,9.244787293389786E-002,
7.328751910510510E+008,9.728434599923976E-002,
7.378600562962964E+008,1.022560230171712E-001,
7.428449215415416E+008,1.080544314836296E-001,
7.478297867867868E+008,1.139487021205377E-001,
7.528146520320320E+008,1.202585742571870E-001,
7.577995172772772E+008,1.272463455981681E-001,
7.627843825225226E+008,1.341492345399181E-001,
7.677692477677678E+008,1.387198480574776E-001,
7.727541130130130E+008,1.391984010310695E-001,
7.777389782582582E+008,1.383798088379292E-001,
7.827238435035036E+008,1.379906787666527E-001,
7.877087087487488E+008,1.369755498722430E-001,
7.926935739939940E+008,1.331559481835750E-001,
7.976784392392392E+008,1.290761449051921E-001,
8.026633044844844E+008,1.259219600975710E-001,
8.076481697297298E+008,1.243136307894367E-001,
8.126330349749750E+008,1.216894138321196E-001,
8.176179002202202E+008,1.188737684085126E-001,
8.226027654654654E+008,1.171826749433431E-001,
8.275876307107108E+008,1.156920006968145E-001,
8.325724959559560E+008,1.172325554168368E-001,
8.375573612012012E+008,1.185168144104179E-001,
8.425422264464464E+008,1.181823406282330E-001,
8.475270916916918E+008,1.177921048003756E-001,
8.525119569369370E+008,1.149995203551602E-001,
8.574968221821822E+008,1.113785282168672E-001,
8.624816874274274E+008,1.089277649171623E-001,
8.674665526726726E+008,1.060808511991188E-001,
8.724514179179180E+008,1.036597111475291E-001,
8.774362831631632E+008,1.022357782822203E-001,
8.824211484084084E+008,9.841960223893446E-002,
8.874060136536536E+008,9.589647155412936E-002,
8.923908788988990E+008,9.540775299286336E-002,
8.973757441441442E+008,9.869322820866228E-002,
9.023606093893894E+008,1.042548378132058E-001,
9.073454746346346E+008,1.087204936584091E-001,
9.123303398798798E+008,1.127639157690663E-001,
9.173152051251252E+008,1.147458921673652E-001,
9.223000703703704E+008,1.165004492354176E-001,
9.272849356156156E+008,1.176494927030788E-001,
9.322698008608608E+008,1.190415141061474E-001,
9.372546661061062E+008,1.209840882073990E-001,
9.422395313513514E+008,1.217884353402128E-001,
9.472243965965966E+008,1.214803047235662E-001,
9.522092618418418E+008,1.219293191347649E-001,
9.571941270870872E+008,1.200530491425519E-001,
9.621789923323324E+008,1.205672004572002E-001,
9.671638575775776E+008,1.200614202556981E-001,
9.721487228228228E+008,1.203656296331735E-001,
9.771335880680680E+008,1.204592973581361E-001,
9.821184533133134E+008,1.202523137476010E-001,
9.871033185585586E+008,1.207349725396768E-001,
9.920881838038038E+008,1.213177632377555E-001,
9.970730490490490E+008,1.223423411198443E-001,
1.002057914294294E+009,1.238224951445040E-001,
1.007042779539540E+009,1.252821281004032E-001,
1.012027644784785E+009,1.258346764385968E-001,
1.017012510030030E+009,1.250292977409593E-001,
1.021997375275275E+009,1.232288786866863E-001,
1.026982240520521E+009,1.208247995655650E-001,
1.031967105765766E+009,1.191537041734438E-001,
1.036951971011011E+009,1.170704222689377E-001,
1.041936836256256E+009,1.137562917878632E-001,
1.046921701501502E+009,1.098802328982104E-001,
1.051906566746747E+009,1.070162633195873E-001,
1.056891431991992E+009,1.043615722097460E-001,
1.061876297237237E+009,1.010260676728211E-001,
1.066861162482482E+009,9.637521804291435E-002,
1.071846027727728E+009,9.243170922695372E-002,
1.076830892972973E+009,9.031060202231597E-002,
1.081815758218218E+009,8.881824137621329E-002,
1.086800623463464E+009,8.893140297480610E-002,
1.091785488708709E+009,9.108318661087428E-002,
1.096770353953954E+009,9.309017253366804E-002,
1.101755219199199E+009,9.559038768142784E-002,
1.106740084444444E+009,9.832425214446521E-002,
1.111724949689690E+009,1.014977841931044E-001,
1.116709814934935E+009,1.037108231658493E-001,
1.121694680180180E+009,1.049188031357256E-001,
1.126679545425426E+009,1.047615392944465E-001,
1.131664410670671E+009,1.038780837772012E-001,
1.136649275915916E+009,1.031167431732575E-001,
1.141634141161161E+009,1.018354665624713E-001,
1.146619006406406E+009,1.008163218329909E-001,
1.151603871651652E+009,9.965279662089116E-002,
1.156588736896897E+009,9.880371072586801E-002,
1.161573602142142E+009,9.793209845083552E-002,
1.166558467387388E+009,9.659931771478200E-002,
1.171543332632633E+009,9.603554460447121E-002,
1.176528197877878E+009,9.609605815745596E-002,
1.181513063123123E+009,9.607749415805694E-002,
1.186497928368368E+009,9.734624473042644E-002,
1.191482793613614E+009,9.877032705698441E-002,
1.196467658858859E+009,1.012093591414876E-001,
1.201452524104104E+009,1.037393910269753E-001,
1.206437389349349E+009,1.049320196820234E-001,
1.211422254594595E+009,1.057000978587791E-001,
1.216407119839840E+009,1.055137996323768E-001,
1.221391985085085E+009,1.044459968141415E-001,
1.226376850330330E+009,1.021466851093961E-001,
1.231361715575576E+009,1.001824918125930E-001,
1.236346580820821E+009,9.742619800067946E-002,
1.241331446066066E+009,9.423940108119176E-002,
1.246316311311311E+009,9.020549518445631E-002,
1.251301176556557E+009,8.692496783183586E-002,
1.256286041801802E+009,8.390378096558242E-002,
1.261270907047047E+009,8.296657889123191E-002,
1.266255772292292E+009,8.171435675509206E-002,
1.271240637537538E+009,8.127256844803135E-002,
1.276225502782783E+009,8.038283885799122E-002,
1.281210368028028E+009,7.974826753682100E-002,
1.286195233273273E+009,7.974273444648744E-002,
1.291180098518518E+009,7.989043624335961E-002,
1.296164963763764E+009,8.011366809670975E-002,
1.301149829009009E+009,8.119212750030737E-002,
1.306134694254254E+009,8.102911469313791E-002,
1.311119559499500E+009,8.121805741447699E-002,
1.316104424744745E+009,8.078522699370554E-002,
1.321089289989990E+009,8.004234336091830E-002,
1.326074155235235E+009,7.880744138087295E-002,
1.331059020480480E+009,7.806301986754677E-002,
1.336043885725726E+009,7.620527789399299E-002,
1.341028750970971E+009,7.428379502940546E-002,
1.346013616216216E+009,7.330081620039385E-002,
1.350998481461462E+009,7.325536625514377E-002,
1.355983346706707E+009,7.426435690538036E-002,
1.360968211951952E+009,7.439420695114084E-002,
1.365953077197197E+009,7.462300702961702E-002,
1.370937942442442E+009,7.411564826572155E-002,
1.375922807687688E+009,7.330593184686482E-002,
1.380907672932933E+009,7.288997062196601E-002,
1.385892538178178E+009,7.291139962012790E-002,
1.390877403423424E+009,7.340255910283847E-002,
1.395862268668669E+009,7.300919069816968E-002,
1.400847133913914E+009,7.315049018287308E-002,
1.405831999159159E+009,7.155857459671165E-002,
1.410816864404404E+009,7.082571135067779E-002,
1.415801729649650E+009,7.045132501832120E-002,
1.420786594894895E+009,7.029553213874766E-002,
1.425771460140140E+009,6.964725063947348E-002,
1.430756325385386E+009,6.864314987845686E-002,
1.435741190630631E+009,6.742175749866318E-002,
1.440726055875876E+009,6.681197127298590E-002,
1.445710921121121E+009,6.534340563995560E-002,
1.450695786366366E+009,6.546197348131561E-002,
1.455680651611612E+009,6.464827425055698E-002,
1.460665516856857E+009,6.472079468995984E-002,
1.465650382102102E+009,6.443336978967858E-002,
1.470635247347347E+009,6.415709892610355E-002,
1.475620112592593E+009,6.415314004578834E-002,
1.480604977837838E+009,6.411847354495505E-002,
1.485589843083083E+009,6.351091970828515E-002,
1.490574708328328E+009,6.230347002711596E-002,
1.495559573573574E+009,6.121997859445830E-002,
1.500544438818819E+009,5.922402491153438E-002,
1.505529304064064E+009,5.715267749776520E-002,
1.510514169309309E+009,5.536973708870459E-002,
1.515499034554555E+009,5.397984114632838E-002,
1.520483899799800E+009,5.201160622269559E-002,
1.525468765045045E+009,5.023253782514641E-002,
1.530453630290290E+009,4.929994456889531E-002,
1.535438495535536E+009,4.890415004089468E-002,
1.540423360780781E+009,4.897828670896021E-002,
1.545408226026026E+009,4.944562634559428E-002,
1.550393091271271E+009,4.905789015894251E-002,
1.555377956516516E+009,4.898091840923185E-002,
1.560362821761762E+009,4.927261020885938E-002,
1.565347687007007E+009,4.988259390898577E-002,
1.570332552252252E+009,5.019014876860309E-002,
1.575317417497498E+009,5.044901033569649E-002,
1.580302282742743E+009,5.060925509656988E-002,
1.585287147987988E+009,5.121758477804814E-002,
1.590272013233233E+009,5.158154585437724E-002,
1.595256878478478E+009,5.171041076590630E-002,
1.600241743723724E+009,5.143500516396399E-002,
1.605226608968969E+009,5.113318455269870E-002,
1.610211474214214E+009,5.010192288378126E-002,
1.615196339459460E+009,4.988263315963512E-002,
1.620181204704705E+009,4.948671356445119E-002,
1.625166069949950E+009,4.848324069159805E-002,
1.630150935195195E+009,4.735211820390479E-002,
1.635135800440440E+009,4.671965664848187E-002,
1.640120665685686E+009,4.640655235050618E-002,
1.645105530930931E+009,4.557129535890564E-002,
1.650090396176176E+009,4.544440709029971E-002,
1.655075261421422E+009,4.637644491827394E-002,
1.660060126666667E+009,4.699670941945239E-002,
1.665044991911912E+009,4.753115103715455E-002,
1.670029857157157E+009,4.776364964191054E-002,
1.675014722402402E+009,4.763161551419945E-002,
1.679999587647648E+009,4.789874106289539E-002,
1.684984452892893E+009,4.786654474884574E-002,
1.689969318138138E+009,4.779459485597606E-002,
1.694954183383384E+009,4.682120502083643E-002,
1.699939048628629E+009,4.605296525500089E-002,
1.704923913873874E+009,4.437642957534983E-002,
1.709908779119119E+009,4.333947238652020E-002,
1.714893644364364E+009,4.106643859436601E-002,
1.719878509609610E+009,3.962337064011972E-002,
1.724863374854855E+009,3.887445597719877E-002,
1.729848240100100E+009,3.718328486658428E-002,
1.734833105345345E+009,3.537485579227694E-002,
1.739817970590591E+009,3.344649167454936E-002,
1.744802835835836E+009,3.115681321177408E-002,
1.749787701081081E+009,2.859307065025383E-002,
1.754772566326326E+009,2.514314956258185E-002,
1.759757431571572E+009,2.229373238673463E-002,
1.764742296816817E+009,1.913125479669231E-002,
1.769727162062062E+009,1.658748296935664E-002,
1.774712027307307E+009,1.322030689077495E-002,
1.779696892552553E+009,1.089244968003220E-002,
1.784681757797798E+009,8.656998533178226E-003,
1.789666623043043E+009,7.014530004300149E-003,
1.794651488288288E+009,6.371641602966733E-003,
1.799636353533534E+009,6.464834760009112E-003,
1.804621218778779E+009,7.009682906423206E-003,
1.809606084024024E+009,8.264072414875364E-003,
1.814590949269269E+009,9.994406381243878E-003,
1.819575814514514E+009,1.161911953626163E-002,
1.824560679759760E+009,1.207163073200184E-002,
1.829545545005005E+009,1.272696001941598E-002,
1.834530410250250E+009,1.395127592330786E-002,
1.839515275495496E+009,1.492317895680562E-002,
1.844500140740741E+009,1.516912975366651E-002,
1.849485005985986E+009,1.593082342006653E-002,
1.854469871231231E+009,1.597983712597663E-002,
1.859454736476476E+009,1.526857864729858E-002,
1.864439601721722E+009,1.355498683811409E-002,
1.869424466966967E+009,1.188798843116681E-002,
1.874409332212212E+009,1.045565222174787E-002,
1.879394197457458E+009,9.084638353098546E-003,
1.884379062702703E+009,8.695882370602722E-003,
1.889363927947948E+009,7.997123864058306E-003,
1.894348793193193E+009,7.191039391296859E-003,
1.899333658438438E+009,6.532958305180540E-003,
1.904318523683684E+009,6.219052844083230E-003,
1.909303388928929E+009,6.353558934636069E-003,
1.914288254174174E+009,6.783956176135296E-003,
1.919273119419420E+009,7.526766847060457E-003,
1.924257984664665E+009,8.397431768442541E-003,
1.929242849909910E+009,9.295045484062504E-003,
1.934227715155155E+009,1.103458808262820E-002,
1.939212580400400E+009,1.288855452593059E-002,
1.944197445645646E+009,1.470191339945743E-002,
1.949182310890891E+009,1.607609063426697E-002,
1.954167176136136E+009,1.837692680285816E-002,
1.959152041381382E+009,2.018976120899185E-002,
1.964136906626627E+009,2.204427094814243E-002,
1.969121771871872E+009,2.464476824089261E-002,
1.974106637117117E+009,2.669596477951901E-002,
1.979091502362362E+009,2.787759887819246E-002,
1.984076367607608E+009,2.957274904435429E-002,
1.989061232852853E+009,3.052630931465150E-002,
1.994046098098098E+009,3.133401476069338E-002,
1.999030963343343E+009,3.211453018069001E-002,
2.004015828588589E+009,3.253482214070642E-002,
2.009000693833834E+009,3.276084768141226E-002,
2.013985559079079E+009,3.271610355363882E-002,
2.018970424324324E+009,3.342782219711243E-002,
2.023955289569570E+009,3.241233213997813E-002,
2.028940154814815E+009,3.189824387357592E-002,
2.033925020060060E+009,3.022288429378607E-002,
2.038909885305305E+009,2.931849523020221E-002,
2.043894750550551E+009,2.897130752558298E-002,
2.048879615795796E+009,2.887308089594869E-002,
2.053864481041041E+009,2.888033006454219E-002,
2.058849346286286E+009,2.835412352098650E-002,
2.063834211531532E+009,2.791225142917409E-002,
2.068819076776777E+009,2.722513841244107E-002,
2.073803942022022E+009,2.636523043927903E-002,
2.078788807267267E+009,2.545515709924198E-002,
2.083773672512512E+009,2.456772264196561E-002,
2.088758537757758E+009,2.424231349803090E-002,
2.093743403003003E+009,2.375406338849875E-002,
2.098728268248248E+009,2.405494049484491E-002,
2.103713133493494E+009,2.439478310305619E-002,
2.108697998738739E+009,2.553238067782736E-002,
2.113682863983984E+009,2.625302276111890E-002,
2.118667729229229E+009,2.775108376155311E-002,
2.123652594474474E+009,2.893924008596303E-002,
2.128637459719720E+009,2.936078005282521E-002,
2.133622324964965E+009,3.030428447594171E-002,
2.138607190210210E+009,3.068462866016828E-002,
2.143592055455456E+009,3.035652744035636E-002,
2.148576920700701E+009,3.037990092020474E-002,
2.153561785945946E+009,3.022294737002408E-002,
2.158546651191191E+009,2.982778584909620E-002,
2.163531516436437E+009,3.008141930952924E-002,
2.168516381681682E+009,2.997360746712919E-002,
2.173501246926927E+009,3.051487002234725E-002,
2.178486112172172E+009,3.119241281006767E-002,
2.183470977417418E+009,3.193378490684350E-002,
2.188455842662663E+009,3.277610386337520E-002,
2.193440707907908E+009,3.348210207504119E-002,
2.198425573153153E+009,3.407888876560227E-002,
2.203410438398398E+009,3.477858241783384E-002,
2.208395303643644E+009,3.520359302309478E-002,
2.213380168888889E+009,3.557441739326973E-002,
2.218365034134134E+009,3.590538552665762E-002,
2.223349899379379E+009,3.520844061698752E-002,
2.228334764624625E+009,3.564508781794736E-002,
2.233319629869870E+009,3.541380113722881E-002,
2.238304495115115E+009,3.495505508954627E-002,
2.243289360360360E+009,3.378701145877230E-002,
2.248274225605606E+009,3.246873859344297E-002,
2.253259090850851E+009,3.165420146537454E-002,
2.258243956096096E+009,3.076479925801157E-002,
2.263228821341342E+009,3.002176108843755E-002,
2.268213686586587E+009,2.964785947047816E-002,
2.273198551831832E+009,2.980249282590991E-002,
2.278183417077077E+009,2.982766835998495E-002,
2.283168282322322E+009,2.993410079047228E-002,
2.288153147567567E+009,3.032223933005677E-002,
2.293138012812813E+009,3.051113499341609E-002,
2.298122878058058E+009,3.182390109308639E-002,
2.303107743303303E+009,3.177318674589426E-002,
2.308092608548549E+009,3.186054460508045E-002,
2.313077473793794E+009,3.225297304277135E-002,
2.318062339039039E+009,3.224746866793288E-002,
2.323047204284284E+009,3.141087273684694E-002,
2.328032069529530E+009,3.009788015816847E-002,
2.333016934774775E+009,2.778328223570393E-002,
2.338001800020020E+009,2.576140921646921E-002,
2.342986665265266E+009,2.315004338672589E-002,
2.347971530510510E+009,2.113099942802875E-002,
2.352956395755756E+009,1.948375625450565E-002,
2.357941261001001E+009,1.712437235527237E-002,
2.362926126246246E+009,1.556310744981674E-002,
2.367910991491491E+009,1.448548352148429E-002,
2.372895856736737E+009,1.312148587457586E-002,
2.377880721981982E+009,1.326716348425573E-002,
2.382865587227227E+009,1.352252101151756E-002,
2.387850452472473E+009,1.400876701490199E-002,
2.392835317717718E+009,1.391863989011321E-002,
2.397820182962963E+009,1.366444957882194E-002,
2.402805048208208E+009,1.425962119778266E-002,
2.407789913453454E+009,1.498278106358799E-002,
2.412774778698699E+009,1.618446805984678E-002,
2.417759643943944E+009,1.673801353398773E-002,
2.422744509189189E+009,1.722596133291764E-002,
2.427729374434434E+009,1.751447768461551E-002,
2.432714239679680E+009,1.761365537552260E-002,
2.437699104924925E+009,1.785041194843755E-002,
2.442683970170170E+009,1.769856481250088E-002,
2.447668835415415E+009,1.694873672063293E-002,
2.452653700660661E+009,1.687246972601747E-002,
2.457638565905906E+009,1.702643674180157E-002,
2.462623431151151E+009,1.703894095216257E-002,
2.467608296396397E+009,1.681351311321304E-002,
2.472593161641642E+009,1.688131571397548E-002,
2.477578026886887E+009,1.673000005923854E-002,
2.482562892132132E+009,1.615676196761742E-002,
2.487547757377378E+009,1.539546741583510E-002,
2.492532622622623E+009,1.443265646207661E-002,
2.497517487867868E+009,1.382259168438187E-002,
2.502502353113113E+009,1.275719688436230E-002,
2.507487218358358E+009,1.283245134493223E-002,
2.512472083603604E+009,1.283462142764119E-002,
2.517456948848849E+009,1.239453979119599E-002,
2.522441814094094E+009,1.245553006401288E-002,
2.527426679339339E+009,1.180713582473378E-002,
2.532411544584585E+009,1.150744987698939E-002,
2.537396409829830E+009,1.012344233076391E-002,
2.542381275075075E+009,9.156435020285894E-003,
2.547366140320320E+009,8.667338419212663E-003,
2.552351005565566E+009,8.529890273074924E-003,
2.557335870810811E+009,8.207995212196039E-003,
2.562320736056056E+009,8.010927709155619E-003,
2.567305601301302E+009,7.533820286451869E-003,
2.572290466546547E+009,7.016444941866443E-003,
2.577275331791792E+009,6.263447622522938E-003,
2.582260197037037E+009,5.625147569760856E-003,
2.587245062282282E+009,4.923649403035595E-003,
2.592229927527527E+009,4.600175995647363E-003,
2.597214792772773E+009,4.199728154209529E-003,
2.602199658018018E+009,3.886534723944898E-003,
2.607184523263263E+009,3.108164388331219E-003,
2.612169388508509E+009,2.673198769803363E-003,
2.617154253753754E+009,3.065628399033372E-003,
2.622139118998999E+009,4.300097953692680E-003,
2.627123984244244E+009,5.560135171831792E-003,
2.632108849489490E+009,6.540968362363854E-003,
2.637093714734735E+009,7.612343238598536E-003,
2.642078579979980E+009,8.914256268525008E-003,
2.647063445225225E+009,1.036035406481343E-002,
2.652048310470470E+009,1.186553795107569E-002,
2.657033175715716E+009,1.338797118867574E-002,
2.662018040960961E+009,1.529158337018565E-002,
2.667002906206206E+009,1.603034862451323E-002,
2.671987771451451E+009,1.716398941710060E-002,
2.676972636696697E+009,1.805827295981977E-002,
2.681957501941942E+009,1.896239636609540E-002,
2.686942367187187E+009,1.934290608993954E-002,
2.691927232432433E+009,1.998738389180844E-002,
2.696912097677678E+009,2.114349203497238E-002,
2.701896962922923E+009,2.176222694016459E-002,
2.706881828168168E+009,2.200255149749338E-002,
2.711866693413414E+009,2.204374027441375E-002,
2.716851558658659E+009,2.268681009389267E-002,
2.721836423903904E+009,2.311647793239009E-002,
2.726821289149149E+009,2.410310440379953E-002,
2.731806154394394E+009,2.484487466562786E-002,
2.736791019639640E+009,2.587305370300572E-002,
2.741775884884885E+009,2.637355962437886E-002,
2.746760750130130E+009,2.623035893209779E-002,
2.751745615375375E+009,2.687936975659848E-002,
2.756730480620621E+009,2.743567124480758E-002,
2.761715345865866E+009,2.749183672782173E-002,
2.766700211111111E+009,2.652789083192936E-002,
2.771685076356356E+009,2.666764929021527E-002,
2.776669941601602E+009,2.683240187227049E-002,
2.781654806846847E+009,2.652365801830895E-002,
2.786639672092092E+009,2.581448952534228E-002,
2.791624537337338E+009,2.559119648758388E-002,
2.796609402582583E+009,2.474305125138057E-002,
2.801594267827828E+009,2.460631025326540E-002,
2.806579133073073E+009,2.391082685420255E-002,
2.811563998318318E+009,2.349235828802834E-002,
2.816548863563564E+009,2.350770447739877E-002,
2.821533728808809E+009,2.210888500581129E-002,
2.826518594054054E+009,2.234263412869484E-002,
2.831503459299299E+009,2.294640096388443E-002,
2.836488324544545E+009,2.436605648100792E-002,
2.841473189789790E+009,2.576789744656199E-002,
2.846458055035035E+009,2.707163559149798E-002,
2.851442920280280E+009,2.765142987998095E-002,
2.856427785525526E+009,2.824795901388826E-002,
2.861412650770771E+009,2.950656624197039E-002,
2.866397516016016E+009,3.025290862844506E-002,
2.871382381261262E+009,3.121272186762651E-002,
2.876367246506506E+009,3.280271807893430E-002,
2.881352111751752E+009,3.285676832804125E-002,
2.886336976996997E+009,3.400947829247041E-002,
2.891321842242242E+009,3.458809260329931E-002,
2.896306707487487E+009,3.521620884238295E-002,
2.901291572732733E+009,3.431557140683537E-002,
2.906276437977978E+009,3.440373890185308E-002,
2.911261303223223E+009,3.342435587366592E-002,
2.916246168468469E+009,3.405564354640249E-002,
2.921231033713714E+009,3.387163417409232E-002,
2.926215898958959E+009,3.306546366165695E-002,
2.931200764204204E+009,3.385117687835454E-002,
2.936185629449450E+009,3.373545582584910E-002,
2.941170494694695E+009,3.395182165179631E-002,
2.946155359939940E+009,3.406951794144585E-002,
2.951140225185185E+009,3.539872833807556E-002,
2.956125090430430E+009,3.547908924708061E-002,
2.961109955675676E+009,3.625345381098109E-002,
2.966094820920921E+009,3.667588624866065E-002,
2.971079686166166E+009,3.585586110974532E-002,
2.976064551411411E+009,3.590858327857770E-002,
2.981049416656657E+009,3.449662065921011E-002,
2.986034281901902E+009,3.330005497295292E-002,
2.991019147147147E+009,3.210304318800927E-002,
2.996004012392393E+009,3.210655306142875E-002,
3.000988877637638E+009,3.117118902372854E-002,
3.005973742882883E+009,3.005044719239442E-002,
3.010958608128128E+009,2.935210549097829E-002,
3.015943473373374E+009,2.853894084938500E-002,
3.020928338618619E+009,2.838050387931772E-002,
3.025913203863864E+009,2.750105748793722E-002,
3.030898069109109E+009,2.722377699553088E-002,
3.035882934354354E+009,2.729648412738384E-002,
3.040867799599600E+009,2.723308895558513E-002,
3.045852664844845E+009,2.828192832083566E-002,
3.050837530090090E+009,2.960399197252305E-002,
3.055822395335335E+009,3.068021742083787E-002,
3.060807260580581E+009,3.230869967916446E-002,
3.065792125825826E+009,3.252087881064307E-002,
3.070776991071071E+009,3.240220496664076E-002,
3.075761856316316E+009,3.268905242191482E-002,
3.080746721561562E+009,3.283314554375015E-002,
3.085731586806807E+009,3.286963294534465E-002,
3.090716452052052E+009,3.253338467354912E-002,
3.095701317297298E+009,3.163377415636660E-002,
3.100686182542543E+009,3.095508479019758E-002,
3.105671047787788E+009,3.078554869273200E-002,
3.110655913033033E+009,2.970849871296033E-002,
3.115640778278278E+009,2.926348342594695E-002,
3.120625643523523E+009,2.921879116253451E-002,
3.125610508768769E+009,2.911820324652851E-002,
3.130595374014014E+009,2.916027025668302E-002,
3.135580239259259E+009,2.925391246423795E-002,
3.140565104504505E+009,2.961779631427409E-002,
3.145549969749750E+009,3.097704587354120E-002,
3.150534834994995E+009,3.127166787571899E-002,
3.155519700240240E+009,3.213277902075038E-002,
3.160504565485486E+009,3.225255992125689E-002,
3.165489430730731E+009,3.173844285727879E-002,
3.170474295975976E+009,3.192206704275163E-002,
3.175459161221221E+009,3.172585653694024E-002,
3.180444026466466E+009,3.176104774566486E-002,
3.185428891711712E+009,3.082266717607147E-002,
3.190413756956957E+009,3.020295845178899E-002,
3.195398622202202E+009,2.984295775743454E-002,
3.200383487447447E+009,2.889120607220443E-002,
3.205368352692693E+009,2.815000269381887E-002,
3.210353217937938E+009,2.706326886975704E-002,
3.215338083183183E+009,2.703576416031328E-002,
3.220322948428429E+009,2.654151289182291E-002,
3.225307813673674E+009,2.578506532324138E-002,
3.230292678918919E+009,2.623737987951104E-002,
3.235277544164164E+009,2.657093293434349E-002,
3.240262409409410E+009,2.608887235003530E-002,
3.245247274654655E+009,2.571442220737723E-002,
3.250232139899900E+009,2.691790530644989E-002,
3.255217005145145E+009,2.672001094316684E-002,
3.260201870390390E+009,2.668083225026118E-002,
3.265186735635636E+009,2.771141015385774E-002,
3.270171600880881E+009,2.733729122315478E-002,
3.275156466126126E+009,2.775030744407666E-002,
3.280141331371371E+009,2.754155117344989E-002,
3.285126196616617E+009,2.728002386891366E-002,
3.290111061861862E+009,2.713290601986752E-002,
3.295095927107107E+009,2.723291374364869E-002,
3.300080792352352E+009,2.727676716719027E-002,
3.305065657597598E+009,2.620655478114164E-002,
3.310050522842843E+009,2.648596148632383E-002,
3.315035388088088E+009,2.519847852363479E-002,
3.320020253333334E+009,2.531487547548085E-002,
3.325005118578579E+009,2.484732144915339E-002,
3.329989983823824E+009,2.493820739331489E-002,
3.334974849069069E+009,2.442881381754920E-002,
3.339959714314314E+009,2.337988732688527E-002,
3.344944579559560E+009,2.381767978012102E-002,
3.349929444804805E+009,2.346166530880214E-002,
3.354914310050050E+009,2.327481702098302E-002,
3.359899175295295E+009,2.264832568800976E-002,
3.364884040540541E+009,2.214457464213018E-002,
3.369868905785786E+009,2.161690792499711E-002,
3.374853771031031E+009,2.140064364343032E-002,
3.379838636276276E+009,1.966952431321520E-002,
3.384823501521522E+009,1.879072500830633E-002,
3.389808366766767E+009,1.876792575303971E-002,
3.394793232012012E+009,1.748949096464068E-002,
3.399778097257258E+009,1.727394819996783E-002,
3.404762962502502E+009,1.724324190831037E-002,
3.409747827747748E+009,1.634089845637120E-002,
3.414732692992993E+009,1.577299439730388E-002,
3.419717558238238E+009,1.556134743600388E-002,
3.424702423483483E+009,1.501460502325268E-002,
3.429687288728729E+009,1.427669901879312E-002,
3.434672153973974E+009,1.347434224658696E-002,
3.439657019219219E+009,1.331319518565972E-002,
3.444641884464465E+009,1.265510860763930E-002,
3.449626749709710E+009,1.210930614136747E-002,
3.454611614954955E+009,1.175360150237624E-002,
3.459596480200200E+009,1.135178538437323E-002,
3.464581345445446E+009,1.106724770690360E-002,
3.469566210690691E+009,1.092995222321632E-002,
3.474551075935936E+009,1.081463777994443E-002,
3.479535941181181E+009,1.069101213027679E-002,
3.484520806426426E+009,1.069903510846466E-002,
3.489505671671672E+009,1.062425161457636E-002,
3.494490536916917E+009,1.053083792481735E-002,
3.499475402162162E+009,1.079040572782930E-002,
3.504460267407407E+009,1.084634889143079E-002,
3.509445132652653E+009,1.090548720059908E-002,
3.514429997897898E+009,1.094856601261859E-002,
3.519414863143143E+009,1.090328842279619E-002,
3.524399728388389E+009,1.066067063520055E-002,
3.529384593633634E+009,1.067959404692858E-002,
3.534369458878879E+009,1.072632218397892E-002,
3.539354324124124E+009,1.090422031564460E-002,
3.544339189369370E+009,1.095268126247443E-002,
3.549324054614615E+009,1.082985803727095E-002,
3.554308919859860E+009,1.061077677478638E-002,
3.559293785105105E+009,1.046271057721689E-002,
3.564278650350350E+009,1.033033953073071E-002,
3.569263515595596E+009,1.021161968432287E-002,
3.574248380840841E+009,1.007713185508356E-002,
3.579233246086086E+009,1.008516371692516E-002,
3.584218111331331E+009,1.024070258109419E-002,
3.589202976576577E+009,1.036832130923397E-002,
3.594187841821822E+009,1.020142803137938E-002,
3.599172707067067E+009,1.022550539051186E-002,
3.604157572312312E+009,1.003787871613686E-002,
3.609142437557558E+009,9.985605061489643E-003,
3.614127302802803E+009,1.001362275104601E-002,
3.619112168048048E+009,9.959731522950302E-003,
3.624097033293294E+009,9.919808884165540E-003,
3.629081898538539E+009,9.651841188781178E-003,
3.634066763783784E+009,9.583281230024436E-003,
3.639051629029029E+009,9.318482617437377E-003,
3.644036494274274E+009,9.151089569381895E-003,
3.649021359519519E+009,8.819737438669307E-003,
3.654006224764765E+009,8.763551898530338E-003,
3.658991090010010E+009,8.839713734000786E-003,
3.663975955255255E+009,8.886021526215069E-003,
3.668960820500501E+009,8.829082112009865E-003,
3.673945685745746E+009,8.837255621607599E-003,
3.678930550990991E+009,9.087658359567461E-003,
3.683915416236236E+009,9.279724534388566E-003,
3.688900281481482E+009,9.260678238059100E-003,
3.693885146726727E+009,9.307731638835515E-003,
3.698870011971972E+009,9.207382025422217E-003,
3.703854877217217E+009,9.223256728585138E-003,
3.708839742462462E+009,9.381942173317020E-003,
3.713824607707708E+009,9.830977513132402E-003,
3.718809472952953E+009,1.006818708777110E-002,
3.723794338198198E+009,1.013380899145169E-002,
3.728779203443443E+009,1.012274949166635E-002,
3.733764068688689E+009,1.015366764393089E-002,
3.738748933933934E+009,1.029476720026739E-002,
3.743733799179179E+009,1.047440813353216E-002,
3.748718664424425E+009,1.077416552245867E-002,
3.753703529669670E+009,1.104632490372873E-002,
3.758688394914915E+009,1.125932050534940E-002,
3.763673260160160E+009,1.151105103535855E-002,
3.768658125405406E+009,1.179779513778707E-002,
3.773642990650651E+009,1.197645891788742E-002,
3.778627855895896E+009,1.236862198491666E-002,
3.783612721141141E+009,1.293682810574273E-002,
3.788597586386386E+009,1.362428233296293E-002,
3.793582451631632E+009,1.408911748963826E-002,
3.798567316876877E+009,1.445590934585740E-002,
3.803552182122122E+009,1.459601480243711E-002,
3.808537047367367E+009,1.454316401392160E-002,
3.813521912612613E+009,1.438411090906306E-002,
3.818506777857858E+009,1.425730993440724E-002,
3.823491643103103E+009,1.404263341809358E-002,
3.828476508348349E+009,1.403382901762936E-002,
3.833461373593594E+009,1.393446535975881E-002,
3.838446238838839E+009,1.387917489741503E-002,
3.843431104084084E+009,1.384317613790021E-002,
3.848415969329330E+009,1.380495862213297E-002,
3.853400834574575E+009,1.364124739590555E-002,
3.858385699819820E+009,1.341267655046990E-002,
3.863370565065065E+009,1.335550260645505E-002,
3.868355430310310E+009,1.343824682776777E-002,
3.873340295555556E+009,1.369638764109640E-002,
3.878325160800801E+009,1.403610058584577E-002,
3.883310026046046E+009,1.440651744760497E-002,
3.888294891291291E+009,1.446148200607126E-002,
3.893279756536537E+009,1.510020653704389E-002,
3.898264621781782E+009,1.445350934773764E-002,
3.903249487027027E+009,1.431274579388099E-002,
3.908234352272272E+009,1.499735400379084E-002,
3.913219217517518E+009,1.433685508684463E-002,
3.918204082762763E+009,1.489920397719986E-002,
3.923188948008008E+009,1.411796771518469E-002,
3.928173813253254E+009,1.400927204017403E-002,
3.933158678498498E+009,1.394265845305572E-002,
3.938143543743744E+009,1.378823620163024E-002,
3.943128408988989E+009,1.372906115155335E-002,
3.948113274234234E+009,1.372676018014782E-002,
3.953098139479479E+009,1.405027705731185E-002,
3.958083004724725E+009,1.448301158032311E-002,
3.963067869969970E+009,1.486482846214666E-002,
3.968052735215215E+009,1.528544506595942E-002,
3.973037600460461E+009,1.542054860785557E-002,
3.978022465705706E+009,1.556989475080263E-002,
3.983007330950951E+009,1.543419286052705E-002,
3.987992196196196E+009,1.532798720179681E-002,
3.992977061441442E+009,1.515215454994069E-002,
3.997961926686687E+009,1.502807121960703E-002,
4.002946791931932E+009,1.475312989504024E-002,
4.007931657177177E+009,1.456972295805770E-002,
4.012916522422422E+009,1.420971348154133E-002,
4.017901387667668E+009,1.373582260170505E-002,
4.022886252912913E+009,1.345648073945619E-002,
4.027871118158158E+009,1.329339039180456E-002,
4.032855983403403E+009,1.340252986597811E-002,
4.037840848648649E+009,1.374382971779435E-002,
4.042825713893894E+009,1.414260601815393E-002,
4.047810579139139E+009,1.452669904191954E-002,
4.052795444384385E+009,1.470598456216639E-002,
4.057780309629630E+009,1.484776118521495E-002,
4.062765174874875E+009,1.485431971837064E-002,
4.067750040120120E+009,1.483593778255330E-002,
4.072734905365366E+009,1.465969199145253E-002,
4.077719770610611E+009,1.432704802171846E-002,
4.082704635855856E+009,1.395475688578535E-002,
4.087689501101101E+009,1.362318701188956E-002,
4.092674366346346E+009,1.324078718823452E-002,
4.097659231591592E+009,1.282273631119598E-002,
4.102644096836837E+009,1.238015936636114E-002,
4.107628962082082E+009,1.194306155975849E-002,
4.112613827327327E+009,1.152947094504425E-002,
4.117598692572573E+009,1.118070784489796E-002,
4.122583557817818E+009,1.108248442832878E-002,
4.127568423063063E+009,1.109264176571486E-002,
4.132553288308308E+009,1.123013940024324E-002,
4.137538153553554E+009,1.131821577794964E-002,
4.142523018798799E+009,1.132170807112349E-002,
4.147507884044044E+009,1.123074572380420E-002,
4.152492749289290E+009,1.123739874812851E-002,
4.157477614534535E+009,1.133371424206883E-002,
4.162462479779780E+009,1.143080836069973E-002,
4.167447345025025E+009,1.159702283236194E-002,
4.172432210270270E+009,1.183183993600268E-002,
4.177417075515515E+009,1.195589336861290E-002,
4.182401940760761E+009,1.185145509239288E-002,
4.187386806006006E+009,1.163141008856259E-002,
4.192371671251251E+009,1.130234127973229E-002,
4.197356536496497E+009,1.103037366358673E-002,
4.202341401741742E+009,1.078319173330973E-002,
4.207326266986987E+009,1.046816430825651E-002,
4.212311132232232E+009,1.016250972695660E-002,
4.217295997477478E+009,9.701899085272525E-003,
4.222280862722723E+009,9.365191608124704E-003,
4.227265727967968E+009,9.009498401238995E-003,
4.232250593213213E+009,8.926795450178429E-003,
4.237235458458458E+009,8.844896104744014E-003,
4.242220323703704E+009,8.860562208275779E-003,
4.247205188948949E+009,9.008224607505928E-003,
4.252190054194194E+009,9.167381056787893E-003,
4.257174919439439E+009,9.381152066204665E-003,
4.262159784684685E+009,9.664823645645616E-003,
4.267144649929930E+009,9.838617496725200E-003,
4.272129515175175E+009,1.004610602319233E-002,
4.277114380420421E+009,1.003582347290516E-002,
4.282099245665666E+009,1.009127185154469E-002,
4.287084110910911E+009,1.010144896265981E-002,
4.292068976156156E+009,1.011692351253660E-002,
4.297053841401402E+009,9.968999741436370E-003,
4.302038706646647E+009,9.902145934368466E-003,
4.307023571891892E+009,9.908363437472896E-003,
4.312008437137137E+009,9.978974809325223E-003,
4.316993302382382E+009,1.000502507857910E-002,
4.321978167627627E+009,1.002981384920609E-002,
4.326963032872873E+009,9.933112143121354E-003,
4.331947898118118E+009,9.977838476241622E-003,
4.336932763363363E+009,1.012974738803108E-002,
4.341917628608608E+009,1.014898482858261E-002,
4.346902493853854E+009,1.022560526741522E-002,
4.351887359099099E+009,1.024744734042361E-002,
4.356872224344344E+009,1.038155916996721E-002,
4.361857089589590E+009,1.063867353373978E-002,
4.366841954834835E+009,1.083438540345634E-002,
4.371826820080080E+009,1.094418591939276E-002,
4.376811685325325E+009,1.092950494877021E-002,
4.381796550570571E+009,1.091660151152339E-002,
4.386781415815816E+009,1.103311729707877E-002,
4.391766281061061E+009,1.129507057091907E-002,
4.396751146306306E+009,1.143706097776263E-002,
4.401736011551552E+009,1.155274171506751E-002,
4.406720876796797E+009,1.154841155591825E-002,
4.411705742042042E+009,1.134630019650799E-002,
4.416690607287288E+009,1.108694265057385E-002,
4.421675472532533E+009,1.087278223455533E-002,
4.426660337777778E+009,1.057904572489677E-002,
4.431645203023023E+009,1.044290320925731E-002,
4.436630068268269E+009,1.032073472756495E-002,
4.441614933513514E+009,1.031632316851580E-002,
4.446599798758759E+009,1.016011050469283E-002,
4.451584664004005E+009,1.015610226733964E-002,
4.456569529249250E+009,1.013022476505571E-002,
4.461554394494494E+009,1.006838806988330E-002,
4.466539259739739E+009,1.041020984972347E-002,
4.471524124984985E+009,1.063326535390217E-002,
4.476508990230230E+009,1.099034943262479E-002,
4.481493855475475E+009,1.138982172742435E-002,
4.486478720720720E+009,1.163279177041148E-002,
4.491463585965966E+009,1.189133363993528E-002,
4.496448451211211E+009,1.205408170935132E-002,
4.501433316456456E+009,1.209300535294730E-002,
4.506418181701702E+009,1.225421751073976E-002,
4.511403046946947E+009,1.229573960135003E-002,
4.516387912192192E+009,1.232308140972607E-002,
4.521372777437437E+009,1.239917960536759E-002,
4.526357642682683E+009,1.230723914561660E-002,
4.531342507927928E+009,1.213593177896960E-002,
4.536327373173173E+009,1.206642433022460E-002,
4.541312238418419E+009,1.167040418642468E-002,
4.546297103663664E+009,1.134839349814801E-002,
4.551281968908909E+009,1.101908704952193E-002,
4.556266834154154E+009,1.093381289381391E-002,
4.561251699399400E+009,1.082781390495079E-002,
4.566236564644645E+009,1.071903258981996E-002,
4.571221429889890E+009,1.072939452085303E-002,
4.576206295135135E+009,1.090913520967687E-002,
4.581191160380381E+009,1.087306966986669E-002,
4.586176025625626E+009,1.113049322051432E-002,
4.591160890870871E+009,1.128297295965843E-002,
4.596145756116117E+009,1.155400878913605E-002,
4.601130621361362E+009,1.173141202788038E-002,
4.606115486606607E+009,1.196798362215181E-002,
4.611100351851852E+009,1.199094504462824E-002,
4.616085217097097E+009,1.208125987299569E-002,
4.621070082342342E+009,1.182820209260392E-002,
4.626054947587587E+009,1.172080218616787E-002,
4.631039812832833E+009,1.152404791468420E-002,
4.636024678078078E+009,1.120502837374704E-002,
4.641009543323323E+009,1.081080454858214E-002,
4.645994408568568E+009,1.044010291313842E-002,
4.650979273813814E+009,1.006926724496778E-002,
4.655964139059059E+009,9.708059796380194E-003,
4.660949004304304E+009,9.597910483156356E-003,
4.665933869549550E+009,9.470848476346808E-003,
4.670918734794795E+009,9.384514737040127E-003,
4.675903600040040E+009,9.513510403005259E-003,
4.680888465285285E+009,9.699866280453771E-003,
4.685873330530531E+009,9.913389916205474E-003,
4.690858195775776E+009,1.018711559395081E-002,
4.695843061021021E+009,1.067227374039826E-002,
4.700827926266266E+009,1.103453562917947E-002,
4.705812791511512E+009,1.141675605582583E-002,
4.710797656756757E+009,1.160288452091886E-002,
4.715782522002002E+009,1.156492732256686E-002,
4.720767387247248E+009,1.146055309666865E-002,
4.725752252492493E+009,1.128754712898287E-002,
4.730737117737738E+009,1.080796018307112E-002,
4.735721982982983E+009,1.024902310075679E-002,
4.740706848228229E+009,9.759706645603695E-003,
4.745691713473474E+009,9.116224051944514E-003,
4.750676578718719E+009,8.626566849185585E-003,
4.755661443963965E+009,8.163841910799647E-003,
4.760646309209209E+009,7.839278779029795E-003,
4.765631174454454E+009,7.331695378300847E-003,
4.770616039699699E+009,7.000221044407911E-003,
4.775600904944945E+009,6.904427156603401E-003,
4.780585770190190E+009,6.968747817865680E-003,
4.785570635435435E+009,7.020549094720626E-003,
4.790555500680680E+009,7.193128552639783E-003,
4.795540365925926E+009,7.409815560084910E-003,
4.800525231171171E+009,7.647036197551830E-003,
4.805510096416416E+009,7.731616035058357E-003,
4.810494961661662E+009,7.862531988099638E-003,
4.815479826906907E+009,7.987393965538903E-003,
4.820464692152152E+009,7.973100225404163E-003,
4.825449557397397E+009,7.827175517365968E-003,
4.830434422642643E+009,7.314771718472117E-003,
4.835419287887888E+009,6.990222817984339E-003,
4.840404153133133E+009,6.710215234195108E-003,
4.845389018378379E+009,6.407061733476296E-003,
4.850373883623624E+009,6.270802224921872E-003,
4.855358748868869E+009,6.129399371056611E-003,
4.860343614114114E+009,5.903464357876980E-003,
4.865328479359360E+009,5.873486175930605E-003,
4.870313344604605E+009,5.795297088699102E-003,
4.875298209849850E+009,5.796642447475162E-003,
4.880283075095095E+009,5.896423286338488E-003,
4.885267940340341E+009,5.957562591986115E-003,
4.890252805585586E+009,6.050679666360353E-003,
4.895237670830831E+009,6.217598732121743E-003,
4.900222536076077E+009,6.427119901883998E-003,
4.905207401321322E+009,6.786656224401039E-003,
4.910192266566567E+009,6.908765293404071E-003,
4.915177131811811E+009,7.103839106700446E-003,
4.920161997057057E+009,7.267710143827670E-003,
4.925146862302302E+009,7.357463016535481E-003,
4.930131727547547E+009,7.343925280946869E-003,
4.935116592792793E+009,7.111967171174336E-003,
4.940101458038038E+009,6.904247299503817E-003,
4.945086323283283E+009,6.725339744621365E-003,
4.950071188528528E+009,6.632285096702555E-003,
4.955056053773774E+009,6.344440216146230E-003,
4.960040919019019E+009,6.149254158483187E-003,
4.965025784264264E+009,5.933001526890584E-003,
4.970010649509509E+009,5.855222358414555E-003,
4.974995514754755E+009,5.772662526485312E-003,
4.979980380000000E+009,5.550565306533218E-003,
