% Version 1.00
%
% Ref Impedances: Z01: 50, Z02: 50
% 
%freq[Hz];Trc1_S21[U];
1.000000000000000E+005,3.304261572607982E-005,
5.084865245245245E+006,4.611212369883986E-004,
1.006973049049049E+007,8.934311852710299E-004,
1.505459573573574E+007,1.740538854625863E-003,
2.003946098098098E+007,2.353395147574766E-003,
2.502432622622623E+007,3.436407119844221E-003,
3.000919147147147E+007,4.950599213924854E-003,
3.499405671671671E+007,8.695853212623192E-003,
3.997892196196196E+007,1.629773161416751E-002,
4.496378720720721E+007,4.987073173751632E-002,
4.994865245245245E+007,7.736458287398113E-002,
5.493351769769770E+007,3.122118535690406E-002,
5.991838294294295E+007,2.299057506618172E-002,
6.490324818818819E+007,1.504369391907050E-002,
6.988811343343343E+007,1.175473571069385E-002,
7.487297867867868E+007,8.361544148707828E-003,
7.985784392392393E+007,5.790576607848492E-003,
8.484270916916917E+007,5.439291772405009E-003,
8.982757441441442E+007,4.936517591058335E-003,
9.481243965965965E+007,4.634624372710915E-003,
9.979730490490490E+007,4.902526199466235E-003,
1.047821701501502E+008,5.256392725064906E-003,
1.097670353953954E+008,6.251989024343745E-003,
1.147519006406407E+008,6.668786713104398E-003,
1.197367658858859E+008,7.238865771064093E-003,
1.247216311311311E+008,7.986433237479326E-003,
1.297064963763764E+008,8.971059106239663E-003,
1.346913616216216E+008,1.091596337163689E-002,
1.396762268668669E+008,1.491231522612885E-002,
1.446610921121121E+008,1.903877735529124E-002,
1.496459573573574E+008,2.527333240846683E-002,
1.546308226026026E+008,3.790042131373060E-002,
1.596156878478479E+008,7.204541370252998E-002,
1.646005530930931E+008,1.362684511610599E-001,
1.695854183383384E+008,1.146901214434618E-001,
1.745702835835836E+008,5.196505332432318E-002,
1.795551488288288E+008,2.632026304475433E-002,
1.845400140740741E+008,1.698487512461899E-002,
1.895248793193193E+008,1.277751330673940E-002,
1.945097445645646E+008,1.040994234874717E-002,
1.994946098098098E+008,8.399733297607142E-003,
2.044794750550551E+008,6.836739459006733E-003,
2.094643403003003E+008,5.686181890153054E-003,
2.144492055455456E+008,4.973678380211808E-003,
2.194340707907908E+008,4.576019319474756E-003,
2.244189360360360E+008,4.912812824049211E-003,
2.294038012812813E+008,5.794007598191501E-003,
2.343886665265265E+008,7.029276313202317E-003,
2.393735317717718E+008,9.226393274819151E-003,
2.443583970170170E+008,1.163868644370314E-002,
2.493432622622623E+008,1.567407722930617E-002,
2.543281275075075E+008,1.993038279946408E-002,
2.593129927527528E+008,2.588877765297354E-002,
2.642978579979980E+008,3.580898055870583E-002,
2.692827232432432E+008,5.014120370715649E-002,
2.742675884884885E+008,7.353671031809698E-002,
2.792524537337337E+008,1.100754439049651E-001,
2.842373189789790E+008,1.499123889026880E-001,
2.892221842242242E+008,1.302863650439463E-001,
2.942070494694695E+008,8.977810716515865E-002,
2.991919147147147E+008,6.450323370929431E-002,
3.041767799599600E+008,4.899624560301321E-002,
3.091616452052052E+008,3.873291421058676E-002,
3.141465104504505E+008,3.000327054302906E-002,
3.191313756956957E+008,2.354045546953283E-002,
3.241162409409409E+008,1.922775349221539E-002,
3.291011061861862E+008,1.494940415383299E-002,
3.340859714314314E+008,1.157459498071155E-002,
3.390708366766767E+008,8.694588422618119E-003,
3.440557019219219E+008,6.898094760317911E-003,
3.490405671671672E+008,4.858561959081527E-003,
3.540254324124124E+008,3.480246527423511E-003,
3.590102976576577E+008,2.724498747840308E-003,
3.639951629029029E+008,2.253534088779502E-003,
3.689800281481482E+008,2.434286271489103E-003,
3.739648933933934E+008,3.532417990945437E-003,
3.789497586386386E+008,4.908666209627531E-003,
3.839346238838839E+008,6.095008487547543E-003,
3.889194891291291E+008,7.389886294845597E-003,
3.939043543743744E+008,9.119076884152944E-003,
3.988892196196196E+008,1.049365401526073E-002,
4.038740848648649E+008,1.218017034894282E-002,
4.088589501101101E+008,1.462019205543156E-002,
4.138438153553554E+008,1.737378308750703E-002,
4.188286806006006E+008,2.264765397411551E-002,
4.238135458458459E+008,2.897028561844191E-002,
4.287984110910911E+008,3.169093144543120E-002,
4.337832763363363E+008,2.967702012819778E-002,
4.387681415815816E+008,2.713016941620264E-002,
4.437530068268268E+008,2.533472505562197E-002,
4.487378720720721E+008,2.377871785472636E-002,
4.537227373173173E+008,2.323177721973450E-002,
4.587076025625626E+008,2.320716390880192E-002,
4.636924678078078E+008,2.247016698632455E-002,
4.686773330530531E+008,2.239443388039186E-002,
4.736621982982983E+008,2.235031990905882E-002,
4.786470635435436E+008,2.261481730305260E-002,
4.836319287887888E+008,2.336369213639133E-002,
4.886167940340340E+008,2.441436885521280E-002,
4.936016592792793E+008,2.610020084800256E-002,
4.985865245245245E+008,2.722366098288980E-002,
5.035713897697698E+008,2.856893649832080E-002,
5.085562550150150E+008,2.918191870469220E-002,
5.135411202602603E+008,2.947370627225765E-002,
5.185259855055055E+008,3.090132626135366E-002,
5.235108507507508E+008,3.170431326933931E-002,
5.284957159959960E+008,3.361959328442225E-002,
5.334805812412412E+008,3.534276872251353E-002,
5.384654464864864E+008,3.787326751029324E-002,
5.434503117317318E+008,4.069096861217738E-002,
5.484351769769770E+008,4.346181514020538E-002,
5.534200422222222E+008,4.627778209870698E-002,
5.584049074674674E+008,5.044588887176667E-002,
5.633897727127128E+008,5.332876751344078E-002,
5.683746379579580E+008,5.734196703451744E-002,
5.733595032032032E+008,6.068938071942785E-002,
5.783443684484484E+008,6.340065727692386E-002,
5.833292336936938E+008,6.563763273907360E-002,
5.883140989389390E+008,6.788508703421672E-002,
5.932989641841842E+008,6.977213992491670E-002,
5.982838294294294E+008,7.128153237470231E-002,
6.032686946746746E+008,7.267341400946496E-002,
6.082535599199200E+008,7.387308308517632E-002,
6.132384251651652E+008,7.527900825850541E-002,
6.182232904104104E+008,7.611686620559643E-002,
6.232081556556556E+008,7.672136309319945E-002,
6.281930209009010E+008,7.763606058465987E-002,
6.331778861461462E+008,7.924596232280130E-002,
6.381627513913914E+008,8.042232133338924E-002,
6.431476166366366E+008,8.117381251203165E-002,
6.481324818818818E+008,8.230946061893452E-002,
6.531173471271272E+008,8.243672562972795E-002,
6.581022123723724E+008,8.133280464443385E-002,
6.630870776176176E+008,8.089921966556153E-002,
6.680719428628628E+008,7.975758690179387E-002,
6.730568081081082E+008,7.878060458785870E-002,
6.780416733533534E+008,7.874983614085289E-002,
6.830265385985986E+008,7.712053297490452E-002,
6.880114038438438E+008,7.567778653199853E-002,
6.929962690890890E+008,7.592707358519236E-002,
6.979811343343344E+008,7.690585969654259E-002,
7.029659995795796E+008,7.900111209842776E-002,
7.079508648248248E+008,8.144007888005117E-002,
7.129357300700700E+008,8.353026320043780E-002,
7.179205953153154E+008,8.600126244051908E-002,
7.229054605605606E+008,8.940509907197838E-002,
7.278903258058058E+008,9.469386843409704E-002,
7.328751910510510E+008,1.017111567288027E-001,
7.378600562962964E+008,1.087361784844428E-001,
7.428449215415416E+008,1.166056568903392E-001,
7.478297867867868E+008,1.238726857845253E-001,
7.528146520320320E+008,1.302595103549179E-001,
7.577995172772772E+008,1.376956900742842E-001,
7.627843825225226E+008,1.458682822337039E-001,
7.677692477677678E+008,1.524396258209756E-001,
7.727541130130130E+008,1.551201848038315E-001,
7.777389782582582E+008,1.539060379338871E-001,
7.827238435035036E+008,1.524685517049124E-001,
7.877087087487488E+008,1.476054500585812E-001,
7.926935739939940E+008,1.413557644955817E-001,
7.976784392392392E+008,1.351311142183741E-001,
8.026633044844844E+008,1.304717304259778E-001,
8.076481697297298E+008,1.241839339529299E-001,
8.126330349749750E+008,1.171095216542693E-001,
8.176179002202202E+008,1.112604784307588E-001,
8.226027654654654E+008,1.083240522891356E-001,
8.275876307107108E+008,1.063030540300865E-001,
8.325724959559560E+008,1.067591321662568E-001,
8.375573612012012E+008,1.035618227466010E-001,
8.425422264464464E+008,1.004479041568873E-001,
8.475270916916918E+008,9.777607975660682E-002,
8.525119569369370E+008,9.521477018783124E-002,
8.574968221821822E+008,9.343015592002829E-002,
8.624816874274274E+008,9.461790569025048E-002,
8.674665526726726E+008,9.734119906251766E-002,
8.724514179179180E+008,9.952776782465099E-002,
8.774362831631632E+008,9.909180272496626E-002,
8.824211484084084E+008,9.770464542708121E-002,
8.874060136536536E+008,1.002721442842020E-001,
8.923908788988990E+008,1.057503420446161E-001,
8.973757441441442E+008,1.124365135514032E-001,
9.023606093893894E+008,1.177057175595370E-001,
9.073454746346346E+008,1.245749828269530E-001,
9.123303398798798E+008,1.327660714885983E-001,
9.173152051251252E+008,1.378699529174227E-001,
9.223000703703704E+008,1.420335539166221E-001,
9.272849356156156E+008,1.441493307281413E-001,
9.322698008608608E+008,1.458973209283709E-001,
9.372546661061062E+008,1.472819783204908E-001,
9.422395313513514E+008,1.471321441920584E-001,
9.472243965965966E+008,1.469564452946954E-001,
9.522092618418418E+008,1.455189401725481E-001,
9.571941270870872E+008,1.434322317390099E-001,
9.621789923323324E+008,1.418954605801219E-001,
9.671638575775776E+008,1.393259320925982E-001,
9.721487228228228E+008,1.362024457277835E-001,
9.771335880680680E+008,1.329281299834349E-001,
9.821184533133134E+008,1.294682089589060E-001,
9.871033185585586E+008,1.262561137279021E-001,
9.920881838038038E+008,1.235452486285588E-001,
9.970730490490490E+008,1.214800295933337E-001,
1.002057914294294E+009,1.204221797270070E-001,
1.007042779539540E+009,1.182498676560265E-001,
1.012027644784785E+009,1.160161185139196E-001,
1.017012510030030E+009,1.138048096216922E-001,
1.021997375275275E+009,1.121634099580799E-001,
1.026982240520521E+009,1.095454872275673E-001,
1.031967105765766E+009,1.064854181240032E-001,
1.036951971011011E+009,1.028535105565143E-001,
1.041936836256256E+009,9.868684995800475E-002,
1.046921701501502E+009,9.532860056200226E-002,
1.051906566746747E+009,9.297261660709756E-002,
1.056891431991992E+009,9.163360969561236E-002,
1.061876297237237E+009,9.044153120757643E-002,
1.066861162482482E+009,9.052287315559757E-002,
1.071846027727728E+009,9.166279800738959E-002,
1.076830892972973E+009,9.287684198903964E-002,
1.081815758218218E+009,9.557454776400591E-002,
1.086800623463464E+009,9.967997771909593E-002,
1.091785488708709E+009,1.035810847965014E-001,
1.096770353953954E+009,1.066706535173218E-001,
1.101755219199199E+009,1.095790362454670E-001,
1.106740084444444E+009,1.125292108207838E-001,
1.111724949689690E+009,1.153477036870483E-001,
1.116709814934935E+009,1.189460359579581E-001,
1.121694680180180E+009,1.228168101354129E-001,
1.126679545425426E+009,1.240886304801236E-001,
1.131664410670671E+009,1.241444910232173E-001,
1.136649275915916E+009,1.224007433528437E-001,
1.141634141161161E+009,1.189186955660991E-001,
1.146619006406406E+009,1.146458470225751E-001,
1.151603871651652E+009,1.105289305547811E-001,
1.156588736896897E+009,1.055515339371822E-001,
1.161573602142142E+009,9.999491879687163E-002,
1.166558467387388E+009,9.575497046348386E-002,
1.171543332632633E+009,9.405445751018504E-002,
1.176528197877878E+009,9.253242937086610E-002,
1.181513063123123E+009,9.234446435186741E-002,
1.186497928368368E+009,9.251656735056039E-002,
1.191482793613614E+009,9.297471964932912E-002,
1.196467658858859E+009,9.404217487965368E-002,
1.201452524104104E+009,9.414916798163618E-002,
1.206437389349349E+009,9.405060928151900E-002,
1.211422254594595E+009,9.351575975891315E-002,
1.216407119839840E+009,9.225043257262350E-002,
1.221391985085085E+009,9.011011673869385E-002,
1.226376850330330E+009,8.732851336954993E-002,
1.231361715575576E+009,8.471231946019057E-002,
1.236346580820821E+009,8.241216691230929E-002,
1.241331446066066E+009,7.982366125932756E-002,
1.246316311311311E+009,7.775459434204891E-002,
1.251301176556557E+009,7.529976201456325E-002,
1.256286041801802E+009,7.410553248185103E-002,
1.261270907047047E+009,7.424393998112611E-002,
1.266255772292292E+009,7.565365643879210E-002,
1.271240637537538E+009,7.765964700139330E-002,
1.276225502782783E+009,7.870666303780662E-002,
1.281210368028028E+009,8.033845067316574E-002,
1.286195233273273E+009,8.170591228902671E-002,
1.291180098518518E+009,8.307096664765958E-002,
1.296164963763764E+009,8.491301705220683E-002,
1.301149829009009E+009,8.644318398734704E-002,
1.306134694254254E+009,8.677893277670490E-002,
1.311119559499500E+009,8.675843505291496E-002,
1.316104424744745E+009,8.594127642283951E-002,
1.321089289989990E+009,8.479839944809171E-002,
1.326074155235235E+009,8.431741417917564E-002,
1.331059020480480E+009,8.361182238853139E-002,
1.336043885725726E+009,8.287493144721855E-002,
1.341028750970971E+009,8.221819923822266E-002,
1.346013616216216E+009,8.131143950267795E-002,
1.350998481461462E+009,8.082348515393065E-002,
1.355983346706707E+009,8.005697644511943E-002,
1.360968211951952E+009,7.945687109936432E-002,
1.365953077197197E+009,7.879240332377109E-002,
1.370937942442442E+009,7.731582777151996E-002,
1.375922807687688E+009,7.608068210389889E-002,
1.380907672932933E+009,7.498903487671364E-002,
1.385892538178178E+009,7.539393949981807E-002,
1.390877403423424E+009,7.600078234350849E-002,
1.395862268668669E+009,7.601872017369259E-002,
1.400847133913914E+009,7.565446407245770E-002,
1.405831999159159E+009,7.424756803281775E-002,
1.410816864404404E+009,7.298786628964057E-002,
1.415801729649650E+009,7.079460775475693E-002,
1.420786594894895E+009,6.907525680977093E-002,
1.425771460140140E+009,6.799273144999603E-002,
1.430756325385386E+009,6.663387124954588E-002,
1.435741190630631E+009,6.545851030467363E-002,
1.440726055875876E+009,6.408314904038881E-002,
1.445710921121121E+009,6.151709211648945E-002,
1.450695786366366E+009,5.986559489056312E-002,
1.455680651611612E+009,5.894377612902115E-002,
1.460665516856857E+009,5.797636466427537E-002,
1.465650382102102E+009,5.810112750941966E-002,
1.470635247347347E+009,5.869107728287523E-002,
1.475620112592593E+009,5.853340255558615E-002,
1.480604977837838E+009,5.862172468089816E-002,
1.485589843083083E+009,5.856922918027289E-002,
1.490574708328328E+009,5.763633575780210E-002,
1.495559573573574E+009,5.590379401965226E-002,
1.500544438818819E+009,5.365433203728690E-002,
1.505529304064064E+009,5.085073720551485E-002,
1.510514169309309E+009,4.810275843659388E-002,
1.515499034554555E+009,4.525893760025733E-002,
1.520483899799800E+009,4.295006661086909E-002,
1.525468765045045E+009,4.175664863989866E-002,
1.530453630290290E+009,4.257594199260162E-002,
1.535438495535536E+009,4.311931088186275E-002,
1.540423360780781E+009,4.408370446620546E-002,
1.545408226026026E+009,4.534692815495234E-002,
1.550393091271271E+009,4.578690143395282E-002,
1.555377956516516E+009,4.603302340644067E-002,
1.560362821761762E+009,4.709688649331906E-002,
1.565347687007007E+009,4.748559975779792E-002,
1.570332552252252E+009,4.815559572181449E-002,
1.575317417497498E+009,4.889862920814682E-002,
1.580302282742743E+009,5.028022255688137E-002,
1.585287147987988E+009,5.104848911403202E-002,
1.590272013233233E+009,5.213491996012026E-002,
1.595256878478478E+009,5.155938091730189E-002,
1.600241743723724E+009,5.112790924681043E-002,
1.605226608968969E+009,5.019471840535270E-002,
1.610211474214214E+009,5.029033087221433E-002,
1.615196339459460E+009,5.049330954747933E-002,
1.620181204704705E+009,5.079817929845119E-002,
1.625166069949950E+009,5.139758911062776E-002,
1.630150935195195E+009,5.173983755519054E-002,
1.635135800440440E+009,5.177973104948051E-002,
1.640120665685686E+009,5.150779163728481E-002,
1.645105530930931E+009,5.136193295329284E-002,
1.650090396176176E+009,5.089092707198007E-002,
1.655075261421422E+009,5.069604215890207E-002,
1.660060126666667E+009,4.983967470997183E-002,
1.665044991911912E+009,4.908891554873331E-002,
1.670029857157157E+009,4.764028406967671E-002,
1.675014722402402E+009,4.636675290946407E-002,
1.679999587647648E+009,4.429391052580027E-002,
1.684984452892893E+009,4.199137557585841E-002,
1.689969318138138E+009,3.888334064218396E-002,
1.694954183383384E+009,3.542799108944678E-002,
1.699939048628629E+009,3.163864580999940E-002,
1.704923913873874E+009,2.742875375030773E-002,
1.709908779119119E+009,2.402197575864764E-002,
1.714893644364364E+009,2.075730589171060E-002,
1.719878509609610E+009,1.829839870732068E-002,
1.724863374854855E+009,1.532459704584654E-002,
1.729848240100100E+009,1.167071193282184E-002,
1.734833105345345E+009,7.661785258118612E-003,
1.739817970590591E+009,3.865781930855658E-003,
1.744802835835836E+009,3.641200293650136E-003,
1.749787701081081E+009,6.743789856692807E-003,
1.754772566326326E+009,1.031722083496934E-002,
1.759757431571572E+009,1.290053008490198E-002,
1.764742296816817E+009,1.543531349743097E-002,
1.769727162062062E+009,1.746144609995002E-002,
1.774712027307307E+009,1.863285588647670E-002,
1.779696892552553E+009,2.028597411351382E-002,
1.784681757797798E+009,2.060356744664329E-002,
1.789666623043043E+009,2.094114179582102E-002,
1.794651488288288E+009,2.072074674525110E-002,
1.799636353533534E+009,2.038467533700114E-002,
1.804621218778779E+009,2.052720717698976E-002,
1.809606084024024E+009,2.096825308633693E-002,
1.814590949269269E+009,2.097151873950992E-002,
1.819575814514514E+009,2.092497474673212E-002,
1.824560679759760E+009,1.975017288963555E-002,
1.829545545005005E+009,1.791410958579580E-002,
1.834530410250250E+009,1.658280929335829E-002,
1.839515275495496E+009,1.433758447156694E-002,
1.844500140740741E+009,1.304458774082387E-002,
1.849485005985986E+009,1.226778449877059E-002,
1.854469871231231E+009,1.123275805651477E-002,
1.859454736476476E+009,9.707359717505869E-003,
1.864439601721722E+009,8.214930843359957E-003,
1.869424466966967E+009,6.992749903108223E-003,
1.874409332212212E+009,6.771911899710054E-003,
1.879394197457458E+009,7.070471652582478E-003,
1.884379062702703E+009,8.264220947466488E-003,
1.889363927947948E+009,1.004798828416948E-002,
1.894348793193193E+009,1.225027569345278E-002,
1.899333658438438E+009,1.504347398825819E-002,
1.904318523683684E+009,1.692318628072198E-002,
1.909303388928929E+009,1.888867415346528E-002,
1.914288254174174E+009,2.174638813789778E-002,
1.919273119419420E+009,2.437267541729762E-002,
1.924257984664665E+009,2.671766431312331E-002,
1.929242849909910E+009,2.800341601206029E-002,
1.934227715155155E+009,2.960191332083078E-002,
1.939212580400400E+009,3.104477331378094E-002,
1.944197445645646E+009,3.283358159306794E-002,
1.949182310890891E+009,3.371321773857455E-002,
1.954167176136136E+009,3.418020308303008E-002,
1.959152041381382E+009,3.447628690619253E-002,
1.964136906626627E+009,3.410649157394016E-002,
1.969121771871872E+009,3.402371702456077E-002,
1.974106637117117E+009,3.382105033540220E-002,
1.979091502362362E+009,3.348797986350170E-002,
1.984076367607608E+009,3.331790666754516E-002,
1.989061232852853E+009,3.372244921899861E-002,
1.994046098098098E+009,3.389112974445042E-002,
1.999030963343343E+009,3.412145321604398E-002,
2.004015828588589E+009,3.357886699322728E-002,
2.009000693833834E+009,3.254944951627927E-002,
2.013985559079079E+009,3.185122242254349E-002,
2.018970424324324E+009,3.152262688531011E-002,
2.023955289569570E+009,3.052756810849453E-002,
2.028940154814815E+009,3.020483537207492E-002,
2.033925020060060E+009,3.033137393427417E-002,
2.038909885305305E+009,3.034353681142335E-002,
2.043894750550551E+009,3.060733903138179E-002,
2.048879615795796E+009,3.083288318981108E-002,
2.053864481041041E+009,3.121076045030705E-002,
2.058849346286286E+009,3.159544535433724E-002,
2.063834211531532E+009,3.139402725207641E-002,
2.068819076776777E+009,3.099572013381763E-002,
2.073803942022022E+009,3.081725787366692E-002,
2.078788807267267E+009,2.983117614496468E-002,
2.083773672512512E+009,2.893616814663575E-002,
2.088758537757758E+009,2.805782161116438E-002,
2.093743403003003E+009,2.732941888394553E-002,
2.098728268248248E+009,2.745130152479254E-002,
2.103713133493494E+009,2.751990064476444E-002,
2.108697998738739E+009,2.794574793377574E-002,
2.113682863983984E+009,2.769398443131804E-002,
2.118667729229229E+009,2.823569408250997E-002,
2.123652594474474E+009,2.692957757408383E-002,
2.128637459719720E+009,2.596433760558910E-002,
2.133622324964965E+009,2.504518163334178E-002,
2.138607190210210E+009,2.419015085150178E-002,
2.143592055455456E+009,2.281310695840745E-002,
2.148576920700701E+009,2.231456267350659E-002,
2.153561785945946E+009,2.148644220949435E-002,
2.158546651191191E+009,2.122014406803149E-002,
2.163531516436437E+009,2.097165882253401E-002,
2.168516381681682E+009,2.090900609555703E-002,
2.173501246926927E+009,2.100641566016190E-002,
2.178486112172172E+009,2.151414957792602E-002,
2.183470977417418E+009,2.152516886874234E-002,
2.188455842662663E+009,2.247566869928665E-002,
2.193440707907908E+009,2.336458956220250E-002,
2.198425573153153E+009,2.485585861264780E-002,
2.203410438398398E+009,2.602110532174480E-002,
2.208395303643644E+009,2.787786234402979E-002,
2.213380168888889E+009,2.928784362412192E-002,
2.218365034134134E+009,3.094068972315071E-002,
2.223349899379379E+009,3.172468680790367E-002,
2.228334764624625E+009,3.204511451056766E-002,
2.233319629869870E+009,3.192579297747025E-002,
2.238304495115115E+009,3.213321530874977E-002,
2.243289360360360E+009,3.105069314327949E-002,
2.248274225605606E+009,3.044906578322001E-002,
2.253259090850851E+009,2.988210250168277E-002,
2.258243956096096E+009,3.002844329344630E-002,
2.263228821341342E+009,2.956198002952631E-002,
2.268213686586587E+009,2.993624175418415E-002,
2.273198551831832E+009,3.065440941702258E-002,
2.278183417077077E+009,3.159071390490762E-002,
2.283168282322322E+009,3.256938729025832E-002,
2.288153147567567E+009,3.348796478257357E-002,
2.293138012812813E+009,3.456874006740952E-002,
2.298122878058058E+009,3.560318979392928E-002,
2.303107743303303E+009,3.625949847676355E-002,
2.308092608548549E+009,3.705420877837299E-002,
2.313077473793794E+009,3.741394540339479E-002,
2.318062339039039E+009,3.796018017123572E-002,
2.323047204284284E+009,3.815714669353899E-002,
2.328032069529530E+009,3.830305948619071E-002,
2.333016934774775E+009,3.751163025100417E-002,
2.338001800020020E+009,3.687358380460926E-002,
2.342986665265266E+009,3.636434014488502E-002,
2.347971530510510E+009,3.530994736948120E-002,
2.352956395755756E+009,3.354464549217024E-002,
2.357941261001001E+009,3.222639553900768E-002,
2.362926126246246E+009,3.134008947567755E-002,
2.367910991491491E+009,2.939723822434985E-002,
2.372895856736737E+009,2.873004593515389E-002,
2.377880721981982E+009,2.774507934445833E-002,
2.382865587227227E+009,2.655425841064786E-002,
2.387850452472473E+009,2.558279893544371E-002,
2.392835317717718E+009,2.406913681249227E-002,
2.397820182962963E+009,2.321935081569634E-002,
2.402805048208208E+009,2.171291187514029E-002,
2.407789913453454E+009,2.071532569632825E-002,
2.412774778698699E+009,2.047528973621488E-002,
2.417759643943944E+009,1.989510996208593E-002,
2.422744509189189E+009,1.957179990598744E-002,
2.427729374434434E+009,1.892990909292584E-002,
2.432714239679680E+009,1.784003938377758E-002,
2.437699104924925E+009,1.600826695572016E-002,
2.442683970170170E+009,1.460596869903618E-002,
2.447668835415415E+009,1.386063047630074E-002,
2.452653700660661E+009,1.284750425603288E-002,
2.457638565905906E+009,1.224323269916681E-002,
2.462623431151151E+009,1.178367978946783E-002,
2.467608296396397E+009,1.125810698966250E-002,
2.472593161641642E+009,1.086666745361478E-002,
2.477578026886887E+009,1.032898161752619E-002,
2.482562892132132E+009,9.089669160068916E-003,
2.487547757377378E+009,8.362731229423071E-003,
2.492532622622623E+009,7.239290947145211E-003,
2.497517487867868E+009,6.078603200793896E-003,
2.502502353113113E+009,5.085206081145818E-003,
2.507487218358358E+009,3.999273821155639E-003,
2.512472083603604E+009,2.587469601763401E-003,
2.517456948848849E+009,1.593244927292505E-003,
2.522441814094094E+009,1.761704499215967E-003,
2.527426679339339E+009,3.544806579277287E-003,
2.532411544584585E+009,5.905809649660198E-003,
2.537396409829830E+009,8.282616791107115E-003,
2.542381275075075E+009,1.063619661061263E-002,
2.547366140320320E+009,1.252714400395948E-002,
2.552351005565566E+009,1.422997128284836E-002,
2.557335870810811E+009,1.568934133261571E-002,
2.562320736056056E+009,1.740314775137239E-002,
2.567305601301302E+009,1.853333280062774E-002,
2.572290466546547E+009,2.047126014654588E-002,
2.577275331791792E+009,2.220148363547831E-002,
2.582260197037037E+009,2.389907027499078E-002,
2.587245062282282E+009,2.546456831343587E-002,
2.592229927527527E+009,2.704605076386486E-002,
2.597214792772773E+009,2.743709863287982E-002,
2.602199658018018E+009,2.845245061200041E-002,
2.607184523263263E+009,2.880287919153380E-002,
2.612169388508509E+009,2.934510515494441E-002,
2.617154253753754E+009,2.996931057919034E-002,
2.622139118998999E+009,3.046706367944429E-002,
2.627123984244244E+009,3.139364946445881E-002,
2.632108849489490E+009,3.164717576508574E-002,
2.637093714734735E+009,3.173871425371672E-002,
2.642078579979980E+009,3.114723265849830E-002,
2.647063445225225E+009,3.026501147166348E-002,
2.652048310470470E+009,2.923209584478169E-002,
2.657033175715716E+009,2.847412223396617E-002,
2.662018040960961E+009,2.800678767545473E-002,
2.667002906206206E+009,2.798611826869706E-002,
2.671987771451451E+009,2.704930449376191E-002,
2.676972636696697E+009,2.577999096322869E-002,
2.681957501941942E+009,2.510959776503930E-002,
2.686942367187187E+009,2.293808649840167E-002,
2.691927232432433E+009,2.170005058961592E-002,
2.696912097677678E+009,2.045836306655732E-002,
2.701896962922923E+009,1.991608403509850E-002,
2.706881828168168E+009,2.052201730305100E-002,
2.711866693413414E+009,2.059527311510634E-002,
2.716851558658659E+009,2.134254199820191E-002,
2.721836423903904E+009,2.214484921018556E-002,
2.726821289149149E+009,2.178001000448786E-002,
2.731806154394394E+009,2.297158676666889E-002,
2.736791019639640E+009,2.363651966499182E-002,
2.741775884884885E+009,2.481238982399665E-002,
2.746760750130130E+009,2.538343256636303E-002,
2.751745615375375E+009,2.761083582365652E-002,
2.756730480620621E+009,2.835248781559689E-002,
2.761715345865866E+009,2.986621175091462E-002,
2.766700211111111E+009,3.140426526095910E-002,
2.771685076356356E+009,3.257862135206972E-002,
2.776669941601602E+009,3.300270502704688E-002,
2.781654806846847E+009,3.461109183052735E-002,
2.786639672092092E+009,3.550708297565905E-002,
2.791624537337338E+009,3.547040567195255E-002,
2.796609402582583E+009,3.536442379250884E-002,
2.801594267827828E+009,3.534874588984767E-002,
2.806579133073073E+009,3.455051114501831E-002,
2.811563998318318E+009,3.396977850508404E-002,
2.816548863563564E+009,3.375266461843846E-002,
2.821533728808809E+009,3.397626184926052E-002,
2.826518594054054E+009,3.429642194138091E-002,
2.831503459299299E+009,3.378663111646923E-002,
2.836488324544545E+009,3.385877885484740E-002,
2.841473189789790E+009,3.355254708491955E-002,
2.846458055035035E+009,3.347753262956590E-002,
2.851442920280280E+009,3.262630242943247E-002,
2.856427785525526E+009,3.209847537089539E-002,
2.861412650770771E+009,3.201982604747371E-002,
2.866397516016016E+009,3.081504769833612E-002,
2.871382381261262E+009,3.035042579200757E-002,
2.876367246506506E+009,3.013640867852394E-002,
2.881352111751752E+009,2.964390096402944E-002,
2.886336976996997E+009,2.903119034574743E-002,
2.891321842242242E+009,2.826647573422713E-002,
2.896306707487487E+009,2.786559984421091E-002,
2.901291572732733E+009,2.743997501463834E-002,
2.906276437977978E+009,2.624251699223233E-002,
2.911261303223223E+009,2.588005472777779E-002,
2.916246168468469E+009,2.625234603063652E-002,
2.921231033713714E+009,2.581815316783980E-002,
2.926215898958959E+009,2.577195426628384E-002,
2.931200764204204E+009,2.632397613379910E-002,
2.936185629449450E+009,2.658403761084092E-002,
2.941170494694695E+009,2.720891294818931E-002,
2.946155359939940E+009,2.782890009809476E-002,
2.951140225185185E+009,2.882887832947324E-002,
2.956125090430430E+009,3.033086776934542E-002,
2.961109955675676E+009,3.055628901791262E-002,
2.966094820920921E+009,3.119985850583658E-002,
2.971079686166166E+009,3.133927631598503E-002,
2.976064551411411E+009,3.130705912490913E-002,
2.981049416656657E+009,3.089505305563330E-002,
2.986034281901902E+009,3.123301124571785E-002,
2.991019147147147E+009,3.076795822845622E-002,
2.996004012392393E+009,3.080897613361365E-002,
3.000988877637638E+009,2.934091603692345E-002,
3.005973742882883E+009,2.844787868510270E-002,
3.010958608128128E+009,2.694733777314248E-002,
3.015943473373374E+009,2.531480851710413E-002,
3.020928338618619E+009,2.443506563828235E-002,
3.025913203863864E+009,2.329927885783500E-002,
3.030898069109109E+009,2.358170355513895E-002,
3.035882934354354E+009,2.297872097453915E-002,
3.040867799599600E+009,2.320515734462520E-002,
3.045852664844845E+009,2.316812724156907E-002,
3.050837530090090E+009,2.322838053364192E-002,
3.055822395335335E+009,2.376341137915019E-002,
3.060807260580581E+009,2.307004513888175E-002,
3.065792125825826E+009,2.395339931011444E-002,
3.070776991071071E+009,2.340414782498534E-002,
3.075761856316316E+009,2.301841448525652E-002,
3.080746721561562E+009,2.240044137471346E-002,
3.085731586806807E+009,2.110045090581729E-002,
3.090716452052052E+009,2.021727466015538E-002,
3.095701317297298E+009,1.946330968312633E-002,
3.100686182542543E+009,1.843780382200481E-002,
3.105671047787788E+009,1.753944081345832E-002,
3.110655913033033E+009,1.751817748584284E-002,
3.115640778278278E+009,1.736251910925980E-002,
3.120625643523523E+009,1.652072720025937E-002,
3.125610508768769E+009,1.612798056014814E-002,
3.130595374014014E+009,1.646277791602848E-002,
3.135580239259259E+009,1.701344239399909E-002,
3.140565104504505E+009,1.755280001333771E-002,
3.145549969749750E+009,1.840481467873283E-002,
3.150534834994995E+009,1.901427704688736E-002,
3.155519700240240E+009,1.987596117575455E-002,
3.160504565485486E+009,2.002490664144921E-002,
3.165489430730731E+009,2.054330152533224E-002,
3.170474295975976E+009,2.132544966195469E-002,
3.175459161221221E+009,2.095738216214933E-002,
3.180444026466466E+009,2.073092693766104E-002,
3.185428891711712E+009,2.080406388771286E-002,
3.190413756956957E+009,2.017373728892833E-002,
3.195398622202202E+009,2.003039160309344E-002,
3.200383487447447E+009,1.944996791645978E-002,
3.205368352692693E+009,1.917329427938895E-002,
3.210353217937938E+009,1.876058819562098E-002,
3.215338083183183E+009,1.884771186067507E-002,
3.220322948428429E+009,1.788435604134885E-002,
3.225307813673674E+009,1.665349259559180E-002,
3.230292678918919E+009,1.631960311973935E-002,
3.235277544164164E+009,1.577831918838314E-002,
3.240262409409410E+009,1.559937094509411E-002,
3.245247274654655E+009,1.460319802096951E-002,
3.250232139899900E+009,1.393728408435457E-002,
3.255217005145145E+009,1.358030736369708E-002,
3.260201870390390E+009,1.310292387548703E-002,
3.265186735635636E+009,1.294734268077049E-002,
3.270171600880881E+009,1.233152227717644E-002,
3.275156466126126E+009,1.216960559479459E-002,
3.280141331371371E+009,1.142987774759941E-002,
3.285126196616617E+009,1.109971814678073E-002,
3.290111061861862E+009,1.071873979032419E-002,
3.295095927107107E+009,1.036946313589619E-002,
3.300080792352352E+009,1.002423455133625E-002,
3.305065657597598E+009,9.667087224230443E-003,
3.310050522842843E+009,9.312045314779726E-003,
3.315035388088088E+009,8.985905657913518E-003,
3.320020253333334E+009,8.572004575040223E-003,
3.325005118578579E+009,8.188054476243581E-003,
3.329989983823824E+009,7.759230318868314E-003,
3.334974849069069E+009,7.426157639093709E-003,
3.339959714314314E+009,7.360765933588106E-003,
3.344944579559560E+009,7.397122337314538E-003,
3.349929444804805E+009,7.308768957504041E-003,
3.354914310050050E+009,7.263066110554627E-003,
3.359899175295295E+009,7.193473583671240E-003,
3.364884040540541E+009,7.054978717189778E-003,
3.369868905785786E+009,6.891284342942854E-003,
3.374853771031031E+009,6.577911563934860E-003,
3.379838636276276E+009,6.404089615533204E-003,
3.384823501521522E+009,6.101325638428310E-003,
3.389808366766767E+009,5.850151478451502E-003,
3.394793232012012E+009,5.718216402282166E-003,
3.399778097257258E+009,5.656188019821163E-003,
3.404762962502502E+009,5.380804328612063E-003,
3.409747827747748E+009,5.098531482014684E-003,
3.414732692992993E+009,4.653860052624574E-003,
3.419717558238238E+009,4.278700042247594E-003,
3.424702423483483E+009,3.995224594915269E-003,
3.429687288728729E+009,3.903986887797744E-003,
3.434672153973974E+009,3.992525661429475E-003,
3.439657019219219E+009,3.777342735040572E-003,
3.444641884464465E+009,3.643045820238344E-003,
3.449626749709710E+009,3.537759201243280E-003,
3.454611614954955E+009,3.407138542726553E-003,
3.459596480200200E+009,3.592762922294442E-003,
3.464581345445446E+009,3.707383996176566E-003,
3.469566210690691E+009,3.823225977824834E-003,
3.474551075935936E+009,3.822820664593646E-003,
3.479535941181181E+009,3.891281603077255E-003,
3.484520806426426E+009,3.899034902586549E-003,
3.489505671671672E+009,3.697666203931356E-003,
3.494490536916917E+009,3.608849193644908E-003,
3.499475402162162E+009,3.710946534762026E-003,
3.504460267407407E+009,3.633243319501545E-003,
3.509445132652653E+009,3.731033494471129E-003,
3.514429997897898E+009,3.915883821316742E-003,
3.519414863143143E+009,4.156280049694456E-003,
3.524399728388389E+009,4.336877280101307E-003,
3.529384593633634E+009,4.538770539656278E-003,
3.534369458878879E+009,4.743080313387373E-003,
3.539354324124124E+009,4.803235429959593E-003,
3.544339189369370E+009,4.871023925461268E-003,
3.549324054614615E+009,4.830899043812523E-003,
3.554308919859860E+009,4.878841076133637E-003,
3.559293785105105E+009,4.908645390226784E-003,
3.564278650350350E+009,5.075698664514609E-003,
3.569263515595596E+009,5.335901915293490E-003,
3.574248380840841E+009,5.681798958526677E-003,
3.579233246086086E+009,5.934149107339150E-003,
3.584218111331331E+009,6.208141698148874E-003,
3.589202976576577E+009,6.509459050384588E-003,
3.594187841821822E+009,6.656651557916690E-003,
3.599172707067067E+009,6.713430395973583E-003,
3.604157572312312E+009,6.790176345184512E-003,
3.609142437557558E+009,6.895989604194762E-003,
3.614127302802803E+009,6.925721403354160E-003,
3.619112168048048E+009,7.068856291402599E-003,
3.624097033293294E+009,7.176188322394639E-003,
3.629081898538539E+009,7.050767191687750E-003,
3.634066763783784E+009,7.032562638339947E-003,
3.639051629029029E+009,6.973510836649924E-003,
3.644036494274274E+009,6.725482336818470E-003,
3.649021359519519E+009,6.691904496408237E-003,
3.654006224764765E+009,6.562869408197618E-003,
3.658991090010010E+009,6.516659478062157E-003,
3.663975955255255E+009,6.564451223305664E-003,
3.668960820500501E+009,6.605889745310344E-003,
3.673945685745746E+009,6.640330005107157E-003,
3.678930550990991E+009,6.619156133992528E-003,
3.683915416236236E+009,6.447578580352398E-003,
3.688900281481482E+009,6.535776521688212E-003,
3.693885146726727E+009,6.535506824942166E-003,
3.698870011971972E+009,6.773119466214973E-003,
3.703854877217217E+009,7.082500405769019E-003,
3.708839742462462E+009,7.289165774607403E-003,
3.713824607707708E+009,7.589407682631233E-003,
3.718809472952953E+009,7.640235568075798E-003,
3.723794338198198E+009,7.810904751986304E-003,
3.728779203443443E+009,8.034629861364445E-003,
3.733764068688689E+009,8.427391831726635E-003,
3.738748933933934E+009,8.767950978112622E-003,
3.743733799179179E+009,9.184751822026492E-003,
3.748718664424425E+009,9.457365982596722E-003,
3.753703529669670E+009,9.960862816502594E-003,
3.758688394914915E+009,1.052893352570886E-002,
3.763673260160160E+009,1.090801044571830E-002,
3.768658125405406E+009,1.152121727106673E-002,
3.773642990650651E+009,1.199790678126654E-002,
3.778627855895896E+009,1.257082148408898E-002,
3.783612721141141E+009,1.320164490283711E-002,
3.788597586386386E+009,1.377793328464715E-002,
3.793582451631632E+009,1.420761833347509E-002,
3.798567316876877E+009,1.468220208881959E-002,
3.803552182122122E+009,1.472469399072386E-002,
3.808537047367367E+009,1.476335867433195E-002,
3.813521912612613E+009,1.461462235717733E-002,
3.818506777857858E+009,1.458541088197597E-002,
3.823491643103103E+009,1.440409147434166E-002,
3.828476508348349E+009,1.430696973259068E-002,
3.833461373593594E+009,1.421958812913936E-002,
3.838446238838839E+009,1.408290341352474E-002,
3.843431104084084E+009,1.397890270107180E-002,
3.848415969329330E+009,1.376364101372649E-002,
3.853400834574575E+009,1.358657950288632E-002,
3.858385699819820E+009,1.359722726568232E-002,
3.863370565065065E+009,1.373514864814259E-002,
3.868355430310310E+009,1.372379659993131E-002,
3.873340295555556E+009,1.386087602340753E-002,
3.878325160800801E+009,1.391927250092251E-002,
3.883310026046046E+009,1.394432762435616E-002,
3.888294891291291E+009,1.380783452197535E-002,
3.893279756536537E+009,1.369632126346428E-002,
3.898264621781782E+009,1.348812921411870E-002,
3.903249487027027E+009,1.321726485893721E-002,
3.908234352272272E+009,1.297496630914853E-002,
3.913219217517518E+009,1.274089917916769E-002,
3.918204082762763E+009,1.254850147810245E-002,
3.923188948008008E+009,1.230704190153975E-002,
3.928173813253254E+009,1.196803000267927E-002,
3.933158678498498E+009,1.163980808383188E-002,
3.938143543743744E+009,1.152276715178370E-002,
3.943128408988989E+009,1.162811855677591E-002,
3.948113274234234E+009,1.192124547238098E-002,
3.953098139479479E+009,1.243061796376155E-002,
3.958083004724725E+009,1.287343934850238E-002,
3.963067869969970E+009,1.327757222743264E-002,
3.968052735215215E+009,1.354652141694988E-002,
3.973037600460461E+009,1.359362871708223E-002,
3.978022465705706E+009,1.366383747118654E-002,
3.983007330950951E+009,1.376336633608813E-002,
3.987992196196196E+009,1.399091866468526E-002,
3.992977061441442E+009,1.400817919663573E-002,
3.997961926686687E+009,1.399783069092844E-002,
4.002946791931932E+009,1.383296898688937E-002,
4.007931657177177E+009,1.351796807231834E-002,
4.012916522422422E+009,1.310889962284594E-002,
4.017901387667668E+009,1.275613063968530E-002,
4.022886252912913E+009,1.264348172385432E-002,
4.027871118158158E+009,1.257200383594193E-002,
4.032855983403403E+009,1.268043530281084E-002,
4.037840848648649E+009,1.268819819203773E-002,
4.042825713893894E+009,1.272746254277976E-002,
4.047810579139139E+009,1.288014973714612E-002,
4.052795444384385E+009,1.311933494929943E-002,
4.057780309629630E+009,1.346118257025264E-002,
4.062765174874875E+009,1.371603471186765E-002,
4.067750040120120E+009,1.368014722118580E-002,
4.072734905365366E+009,1.345451986121421E-002,
4.077719770610611E+009,1.321704207515908E-002,
4.082704635855856E+009,1.297189058369280E-002,
4.087689501101101E+009,1.270440707332422E-002,
4.092674366346346E+009,1.235097966093087E-002,
4.097659231591592E+009,1.192238313467523E-002,
4.102644096836837E+009,1.146198121954912E-002,
4.107628962082082E+009,1.092685546861142E-002,
4.112613827327327E+009,1.055108531672552E-002,
4.117598692572573E+009,1.033090929380268E-002,
4.122583557817818E+009,1.008925304062008E-002,
4.127568423063063E+009,9.991659198887318E-003,
4.132553288308308E+009,9.924451777821659E-003,
4.137538153553554E+009,9.930897911675389E-003,
4.142523018798799E+009,9.941137742358937E-003,
4.147507884044044E+009,1.014257854031335E-002,
4.152492749289290E+009,1.041053316560555E-002,
4.157477614534535E+009,1.074093603169959E-002,
4.162462479779780E+009,1.099647046012814E-002,
4.167447345025025E+009,1.126775446926866E-002,
4.172432210270270E+009,1.141665609398197E-002,
4.177417075515515E+009,1.149376520016617E-002,
4.182401940760761E+009,1.134985595017774E-002,
4.187386806006006E+009,1.118689664382907E-002,
4.192371671251251E+009,1.107683122134161E-002,
4.197356536496497E+009,1.096277228650568E-002,
4.202341401741742E+009,1.068750900474259E-002,
4.207326266986987E+009,1.052386004811992E-002,
4.212311132232232E+009,1.014456317817638E-002,
4.217295997477478E+009,9.824000379964507E-003,
4.222280862722723E+009,9.632700609237582E-003,
4.227265727967968E+009,9.618384827545134E-003,
4.232250593213213E+009,9.771782070172493E-003,
4.237235458458458E+009,9.867667306930859E-003,
4.242220323703704E+009,1.016474702202744E-002,
4.247205188948949E+009,1.042276999632773E-002,
4.252190054194194E+009,1.083742665111403E-002,
4.257174919439439E+009,1.124981288464261E-002,
4.262159784684685E+009,1.166075214203994E-002,
4.267144649929930E+009,1.201389386695051E-002,
4.272129515175175E+009,1.234164890357612E-002,
4.277114380420421E+009,1.265878438180056E-002,
4.282099245665666E+009,1.278837341649624E-002,
4.287084110910911E+009,1.290753635990841E-002,
4.292068976156156E+009,1.301652069455956E-002,
4.297053841401402E+009,1.308352205087702E-002,
4.302038706646647E+009,1.303051276149088E-002,
4.307023571891892E+009,1.303349366997079E-002,
4.312008437137137E+009,1.289629909054848E-002,
4.316993302382382E+009,1.292969918631086E-002,
4.321978167627627E+009,1.289501978864418E-002,
4.326963032872873E+009,1.271538365336090E-002,
4.331947898118118E+009,1.279315977160321E-002,
4.336932763363363E+009,1.291568799772227E-002,
4.341917628608608E+009,1.289186072129163E-002,
4.346902493853854E+009,1.320107580963314E-002,
4.351887359099099E+009,1.351658401023909E-002,
4.356872224344344E+009,1.399063310401745E-002,
4.361857089589590E+009,1.425222760171730E-002,
4.366841954834835E+009,1.440760569983366E-002,
4.371826820080080E+009,1.456340542316323E-002,
4.376811685325325E+009,1.486383957683250E-002,
4.381796550570571E+009,1.515945815014556E-002,
4.386781415815816E+009,1.559039388728788E-002,
4.391766281061061E+009,1.579071629437539E-002,
4.396751146306306E+009,1.592779964058446E-002,
4.401736011551552E+009,1.593849491629925E-002,
4.406720876796797E+009,1.563359305753562E-002,
4.411705742042042E+009,1.574326746034753E-002,
4.416690607287288E+009,1.571696721330450E-002,
4.421675472532533E+009,1.565216187416809E-002,
4.426660337777778E+009,1.558168319339553E-002,
4.431645203023023E+009,1.554933660702878E-002,
4.436630068268269E+009,1.538706359053008E-002,
4.441614933513514E+009,1.515647455614494E-002,
4.446599798758759E+009,1.488613370896017E-002,
4.451584664004005E+009,1.469004348509763E-002,
4.456569529249250E+009,1.472400494693843E-002,
4.461554394494494E+009,1.464622353948503E-002,
4.466539259739739E+009,1.464373494659500E-002,
4.471524124984985E+009,1.486697950288218E-002,
4.476508990230230E+009,1.512436145260394E-002,
4.481493855475475E+009,1.542099051877007E-002,
4.486478720720720E+009,1.568075969922281E-002,
4.491463585965966E+009,1.608288006504637E-002,
4.496448451211211E+009,1.651371023371731E-002,
4.501433316456456E+009,1.692893573479289E-002,
4.506418181701702E+009,1.733842927307387E-002,
4.511403046946947E+009,1.747303440820640E-002,
4.516387912192192E+009,1.750415161989632E-002,
4.521372777437437E+009,1.724635986150797E-002,
4.526357642682683E+009,1.688300211249667E-002,
4.531342507927928E+009,1.639403533678121E-002,
4.536327373173173E+009,1.588518420935213E-002,
4.541312238418419E+009,1.532128814130574E-002,
4.546297103663664E+009,1.490917989727199E-002,
4.551281968908909E+009,1.443192995964978E-002,
4.556266834154154E+009,1.410539943227396E-002,
4.561251699399400E+009,1.384039405763947E-002,
4.566236564644645E+009,1.358376356345465E-002,
4.571221429889890E+009,1.369434449301315E-002,
4.576206295135135E+009,1.365027824329787E-002,
4.581191160380381E+009,1.399167073886406E-002,
4.586176025625626E+009,1.437328106233204E-002,
4.591160890870871E+009,1.482966031647814E-002,
4.596145756116117E+009,1.507498063838515E-002,
4.601130621361362E+009,1.535797188300767E-002,
4.606115486606607E+009,1.544596909736085E-002,
4.611100351851852E+009,1.562096721223841E-002,
4.616085217097097E+009,1.541538470739086E-002,
4.621070082342342E+009,1.504199066277530E-002,
4.626054947587587E+009,1.455662227646037E-002,
4.631039812832833E+009,1.416487833395530E-002,
4.636024678078078E+009,1.357249008614155E-002,
4.641009543323323E+009,1.291806157266627E-002,
4.645994408568568E+009,1.238659466611802E-002,
4.650979273813814E+009,1.182251424568784E-002,
4.655964139059059E+009,1.149742043281224E-002,
4.660949004304304E+009,1.123504353446442E-002,
4.665933869549550E+009,1.106252285030245E-002,
4.670918734794795E+009,1.099415639652880E-002,
4.675903600040040E+009,1.102087328465688E-002,
4.680888465285285E+009,1.112764168361377E-002,
4.685873330530531E+009,1.135765161929705E-002,
4.690858195775776E+009,1.177042284109912E-002,
4.695843061021021E+009,1.213560644385605E-002,
4.700827926266266E+009,1.228285087538013E-002,
4.705812791511512E+009,1.261746010244351E-002,
4.710797656756757E+009,1.274943591739709E-002,
4.715782522002002E+009,1.270050329921356E-002,
4.720767387247248E+009,1.258784610836049E-002,
4.725752252492493E+009,1.216376364060466E-002,
4.730737117737738E+009,1.162951950157547E-002,
4.735721982982983E+009,1.101946541146989E-002,
4.740706848228229E+009,1.056327397318907E-002,
4.745691713473474E+009,1.007526600367656E-002,
4.750676578718719E+009,9.595900228418448E-003,
4.755661443963965E+009,9.022476362658610E-003,
4.760646309209209E+009,8.606035698712716E-003,
4.765631174454454E+009,8.434509095530157E-003,
4.770616039699699E+009,8.135037107416683E-003,
4.775600904944945E+009,8.003465519592856E-003,
4.780585770190190E+009,8.120549452031755E-003,
4.785570635435435E+009,8.194770321781524E-003,
4.790555500680680E+009,8.369342458614522E-003,
4.795540365925926E+009,8.491268824326825E-003,
4.800525231171171E+009,8.695690262483659E-003,
4.805510096416416E+009,8.661765887437733E-003,
4.810494961661662E+009,8.821618946420641E-003,
4.815479826906907E+009,8.779034239068300E-003,
4.820464692152152E+009,8.597122945247442E-003,
4.825449557397397E+009,8.314693352409261E-003,
4.830434422642643E+009,7.932269608705665E-003,
4.835419287887888E+009,7.505163942816680E-003,
4.840404153133133E+009,7.060586856634272E-003,
4.845389018378379E+009,6.616613352579012E-003,
4.850373883623624E+009,6.337079400439843E-003,
4.855358748868869E+009,6.149179470418790E-003,
4.860343614114114E+009,5.872087931910932E-003,
4.865328479359360E+009,5.787009201235550E-003,
4.870313344604605E+009,5.775624679894634E-003,
4.875298209849850E+009,5.785814933961507E-003,
4.880283075095095E+009,5.790875560761706E-003,
4.885267940340341E+009,5.848938701320377E-003,
4.890252805585586E+009,5.956516903975482E-003,
4.895237670830831E+009,6.107206340794901E-003,
4.900222536076077E+009,6.429372371816507E-003,
4.905207401321322E+009,6.683455121372502E-003,
4.910192266566567E+009,6.803397562655845E-003,
4.915177131811811E+009,6.770598244574390E-003,
4.920161997057057E+009,6.666370302619477E-003,
4.925146862302302E+009,6.579549710172362E-003,
4.930131727547547E+009,6.400989443795515E-003,
4.935116592792793E+009,6.329819373641027E-003,
4.940101458038038E+009,6.355213564602437E-003,
4.945086323283283E+009,6.164010051119098E-003,
4.950071188528528E+009,6.132096697063249E-003,
4.955056053773774E+009,6.005570696956131E-003,
4.960040919019019E+009,5.907439231589254E-003,
4.965025784264264E+009,5.808191456343833E-003,
4.970010649509509E+009,5.696017369784966E-003,
4.974995514754755E+009,5.556570316351515E-003,
4.979980380000000E+009,5.409517137817030E-003,
