% Version 1.00
%
% Ref Impedances: Z01: 50, Z02: 50
% 
%freq[Hz];Trc1_S21[U];
1.000000000000000E+005,2.170386572069169E-005,
5.084865245245245E+006,3.459353875167742E-004,
1.006973049049049E+007,8.678407571800344E-004,
1.505459573573574E+007,1.688034379962252E-003,
2.003946098098098E+007,2.345859852063359E-003,
2.502432622622623E+007,3.369716943140368E-003,
3.000919147147147E+007,4.946662242442499E-003,
3.499405671671671E+007,8.768735789464230E-003,
3.997892196196196E+007,1.636858310116551E-002,
4.496378720720721E+007,5.180422864176599E-002,
4.994865245245245E+007,7.176651132966636E-002,
5.493351769769770E+007,3.010547108062167E-002,
5.991838294294295E+007,2.247740951574791E-002,
6.490324818818819E+007,1.509129911144183E-002,
6.988811343343343E+007,1.126308110950693E-002,
7.487297867867868E+007,8.366580267233071E-003,
7.985784392392393E+007,6.371042199710069E-003,
8.484270916916917E+007,6.138144100797207E-003,
8.982757441441442E+007,5.762420023590169E-003,
9.481243965965965E+007,5.513245658208133E-003,
9.979730490490490E+007,5.770143209718159E-003,
1.047821701501502E+008,6.269363794151576E-003,
1.097670353953954E+008,7.399609525806573E-003,
1.147519006406407E+008,8.126486869967864E-003,
1.197367658858859E+008,8.725605825855057E-003,
1.247216311311311E+008,9.472100493320722E-003,
1.297064963763764E+008,1.030728251609366E-002,
1.346913616216216E+008,1.281635373618097E-002,
1.396762268668669E+008,1.700664470154576E-002,
1.446610921121121E+008,2.068390330410621E-002,
1.496459573573574E+008,2.676714956513132E-002,
1.546308226026026E+008,3.812983800844778E-002,
1.596156878478479E+008,6.711871562274958E-002,
1.646005530930931E+008,1.261990853536735E-001,
1.695854183383384E+008,1.318902723387502E-001,
1.745702835835836E+008,6.992249365287651E-002,
1.795551488288288E+008,4.105317404970280E-002,
1.845400140740741E+008,2.799890464333107E-002,
1.895248793193193E+008,2.092356345251181E-002,
1.945097445645646E+008,1.683719138463500E-002,
1.994946098098098E+008,1.301021289154887E-002,
2.044794750550551E+008,1.045524870819666E-002,
2.094643403003003E+008,7.800476396377213E-003,
2.144492055455456E+008,5.999023845612257E-003,
2.194340707907908E+008,4.399319450560422E-003,
2.244189360360360E+008,3.830443078892818E-003,
2.294038012812813E+008,4.053246554744483E-003,
2.343886665265265E+008,5.288387893903252E-003,
2.393735317717718E+008,7.233128573780804E-003,
2.443583970170170E+008,1.012172342266089E-002,
2.493432622622623E+008,1.385145225993201E-002,
2.543281275075075E+008,1.855735076996097E-002,
2.593129927527528E+008,2.575255206948100E-002,
2.642978579979980E+008,3.706407660577692E-002,
2.692827232432432E+008,5.425047625871211E-002,
2.742675884884885E+008,8.304148242471048E-002,
2.792524537337337E+008,1.259680944177493E-001,
2.842373189789790E+008,1.447807634220868E-001,
2.892221842242242E+008,1.097765105390011E-001,
2.942070494694695E+008,7.793543979186214E-002,
2.991919147147147E+008,5.843551915288778E-002,
3.041767799599600E+008,4.604283197316773E-002,
3.091616452052052E+008,3.714417229478505E-002,
3.141465104504505E+008,3.011679110770893E-002,
3.191313756956957E+008,2.459043620227753E-002,
3.241162409409409E+008,1.972830207053683E-002,
3.291011061861862E+008,1.637830021341378E-002,
3.340859714314314E+008,1.252941338691133E-002,
3.390708366766767E+008,9.441438120171283E-003,
3.440557019219219E+008,7.100593394383809E-003,
3.490405671671672E+008,5.070942595767999E-003,
3.540254324124124E+008,3.686195689010095E-003,
3.590102976576577E+008,3.216157348998346E-003,
3.639951629029029E+008,2.873562548301608E-003,
3.689800281481482E+008,2.898395452055161E-003,
3.739648933933934E+008,3.653365636152868E-003,
3.789497586386386E+008,4.939803673219294E-003,
3.839346238838839E+008,6.143521476858525E-003,
3.889194891291291E+008,7.190538992764204E-003,
3.939043543743744E+008,8.400463454782901E-003,
3.988892196196196E+008,9.687131097549477E-003,
4.038740848648649E+008,1.030357186107282E-002,
4.088589501101101E+008,1.129325548810025E-002,
4.138438153553554E+008,1.276781037287801E-002,
4.188286806006006E+008,1.581554417436890E-002,
4.238135458458459E+008,2.080437909961847E-002,
4.287984110910911E+008,2.424284850861566E-002,
4.337832763363363E+008,2.358562297275738E-002,
4.387681415815816E+008,2.228926686648404E-002,
4.437530068268268E+008,2.120271844533154E-002,
4.487378720720721E+008,2.089336438285328E-002,
4.537227373173173E+008,2.079719927820761E-002,
4.587076025625626E+008,2.083015708151283E-002,
4.636924678078078E+008,2.145014108177978E-002,
4.686773330530531E+008,2.132715673485874E-002,
4.736621982982983E+008,2.131246850409773E-002,
4.786470635435436E+008,2.219084345408262E-002,
4.836319287887888E+008,2.330477659871142E-002,
4.886167940340340E+008,2.487409885373521E-002,
4.936016592792793E+008,2.687173541668880E-002,
4.985865245245245E+008,2.791609789492663E-002,
5.035713897697698E+008,2.964099533946206E-002,
5.085562550150150E+008,3.034042322629825E-002,
5.135411202602603E+008,3.131182901681765E-002,
5.185259855055055E+008,3.269343795479360E-002,
5.235108507507508E+008,3.355002465034870E-002,
5.284957159959960E+008,3.518244989932251E-002,
5.334805812412412E+008,3.677918854127953E-002,
5.384654464864864E+008,3.921573664268473E-002,
5.434503117317318E+008,4.231674957737986E-002,
5.484351769769770E+008,4.543489333079007E-002,
5.534200422222222E+008,4.812848497989961E-002,
5.584049074674674E+008,5.154242241006849E-002,
5.633897727127128E+008,5.397426988085113E-002,
5.683746379579580E+008,5.686775135405043E-002,
5.733595032032032E+008,6.013694449641834E-002,
5.783443684484484E+008,6.233616631756621E-002,
5.833292336936938E+008,6.460277913833033E-002,
5.883140989389390E+008,6.568218258432543E-002,
5.932989641841842E+008,6.772939326554570E-002,
5.982838294294294E+008,6.850255376554390E-002,
6.032686946746746E+008,6.915433718833487E-002,
6.082535599199200E+008,6.960299220600318E-002,
6.132384251651652E+008,7.054777485234945E-002,
6.182232904104104E+008,7.099632669579056E-002,
6.232081556556556E+008,7.174026120698269E-002,
6.281930209009010E+008,7.267127953036193E-002,
6.331778861461462E+008,7.258644260431334E-002,
6.381627513913914E+008,7.346248332222205E-002,
6.431476166366366E+008,7.346287751777889E-002,
6.481324818818818E+008,7.379414589156177E-002,
6.531173471271272E+008,7.387109210498292E-002,
6.581022123723724E+008,7.392552675503834E-002,
6.630870776176176E+008,7.401697697906730E-002,
6.680719428628628E+008,7.345634983732795E-002,
6.730568081081082E+008,7.411106842981359E-002,
6.780416733533534E+008,7.568375334430973E-002,
6.830265385985986E+008,7.584716872202572E-002,
6.880114038438438E+008,7.670110598547869E-002,
6.929962690890890E+008,7.869492266975098E-002,
6.979811343343344E+008,7.989855414671963E-002,
7.029659995795796E+008,8.190386921055018E-002,
7.079508648248248E+008,8.397888959238545E-002,
7.129357300700700E+008,8.527496839347322E-002,
7.179205953153154E+008,8.572399644848731E-002,
7.229054605605606E+008,8.721135291719645E-002,
7.278903258058058E+008,9.166125865912490E-002,
7.328751910510510E+008,9.847495744474244E-002,
7.378600562962964E+008,1.060536764312237E-001,
7.428449215415416E+008,1.132264992032444E-001,
7.478297867867868E+008,1.201464795652053E-001,
7.528146520320320E+008,1.273888154519609E-001,
7.577995172772772E+008,1.336147340010804E-001,
7.627843825225226E+008,1.392022847744741E-001,
7.677692477677678E+008,1.434580086595378E-001,
7.727541130130130E+008,1.454114383783875E-001,
7.777389782582582E+008,1.447230534276561E-001,
7.827238435035036E+008,1.431150710070460E-001,
7.877087087487488E+008,1.366393522656094E-001,
7.926935739939940E+008,1.297342464448492E-001,
7.976784392392392E+008,1.230769543626533E-001,
8.026633044844844E+008,1.173815804514510E-001,
8.076481697297298E+008,1.111346897449658E-001,
8.126330349749750E+008,1.043764459306426E-001,
8.176179002202202E+008,1.004610889899422E-001,
8.226027654654654E+008,1.002856938271215E-001,
8.275876307107108E+008,1.006257549338463E-001,
8.325724959559560E+008,1.012121820167274E-001,
8.375573612012012E+008,9.938971831837656E-002,
8.425422264464464E+008,9.989741144399485E-002,
8.475270916916918E+008,1.015016921953583E-001,
8.525119569369370E+008,1.025012817850013E-001,
8.574968221821822E+008,1.058976577921140E-001,
8.624816874274274E+008,1.091493094003708E-001,
8.674665526726726E+008,1.128757915297108E-001,
8.724514179179180E+008,1.133453488963527E-001,
8.774362831631632E+008,1.116313615029321E-001,
8.824211484084084E+008,1.102358215639292E-001,
8.874060136536536E+008,1.124999926791439E-001,
8.923908788988990E+008,1.165465433799103E-001,
8.973757441441442E+008,1.196296187995174E-001,
9.023606093893894E+008,1.212825122061155E-001,
9.073454746346346E+008,1.244046165098644E-001,
9.123303398798798E+008,1.310240302885878E-001,
9.173152051251252E+008,1.371994694321593E-001,
9.223000703703704E+008,1.418885945061172E-001,
9.272849356156156E+008,1.429801793019194E-001,
9.322698008608608E+008,1.437629219055299E-001,
9.372546661061062E+008,1.436629228540044E-001,
9.422395313513514E+008,1.439440075706792E-001,
9.472243965965966E+008,1.435798085585354E-001,
9.522092618418418E+008,1.420930042375909E-001,
9.571941270870872E+008,1.405425264678571E-001,
9.621789923323324E+008,1.388886997278624E-001,
9.671638575775776E+008,1.356596945620563E-001,
9.721487228228228E+008,1.319268529841925E-001,
9.771335880680680E+008,1.279471956160953E-001,
9.821184533133134E+008,1.233659409277101E-001,
9.871033185585586E+008,1.197277333282879E-001,
9.920881838038038E+008,1.166978724742425E-001,
9.970730490490490E+008,1.138715995939848E-001,
1.002057914294294E+009,1.106288685704131E-001,
1.007042779539540E+009,1.074087259840399E-001,
1.012027644784785E+009,1.048979840019538E-001,
1.017012510030030E+009,1.042965819439820E-001,
1.021997375275275E+009,1.043900937603221E-001,
1.026982240520521E+009,1.039249201820244E-001,
1.031967105765766E+009,1.027707288292842E-001,
1.036951971011011E+009,1.013518497428111E-001,
1.041936836256256E+009,9.982148316865505E-002,
1.046921701501502E+009,1.004157345250153E-001,
1.051906566746747E+009,1.006061184004577E-001,
1.056891431991992E+009,1.004513015155594E-001,
1.061876297237237E+009,1.010294471777101E-001,
1.066861162482482E+009,1.027068767223163E-001,
1.071846027727728E+009,1.047741539576264E-001,
1.076830892972973E+009,1.065501664803703E-001,
1.081815758218218E+009,1.096106772871775E-001,
1.086800623463464E+009,1.128822044321285E-001,
1.091785488708709E+009,1.159711606752802E-001,
1.096770353953954E+009,1.183975113087800E-001,
1.101755219199199E+009,1.208260709237168E-001,
1.106740084444444E+009,1.228777544324040E-001,
1.111724949689690E+009,1.258143685826367E-001,
1.116709814934935E+009,1.284778333949833E-001,
1.121694680180180E+009,1.301116077239503E-001,
1.126679545425426E+009,1.296054304617879E-001,
1.131664410670671E+009,1.284394602763004E-001,
1.136649275915916E+009,1.254895030644965E-001,
1.141634141161161E+009,1.196262214593308E-001,
1.146619006406406E+009,1.140188665487246E-001,
1.151603871651652E+009,1.079018755964683E-001,
1.156588736896897E+009,1.012638803526723E-001,
1.161573602142142E+009,9.473853906978087E-002,
1.166558467387388E+009,9.010642700737999E-002,
1.171543332632633E+009,8.711000311344232E-002,
1.176528197877878E+009,8.647817859773994E-002,
1.181513063123123E+009,8.674979748810001E-002,
1.186497928368368E+009,8.860622673229461E-002,
1.191482793613614E+009,9.054343319483742E-002,
1.196467658858859E+009,9.156798338622477E-002,
1.201452524104104E+009,9.171200748826447E-002,
1.206437389349349E+009,9.127719071072797E-002,
1.211422254594595E+009,8.975819475679066E-002,
1.216407119839840E+009,8.692450619903926E-002,
1.221391985085085E+009,8.427974233310957E-002,
1.226376850330330E+009,8.161150688569389E-002,
1.231361715575576E+009,8.043475304627859E-002,
1.236346580820821E+009,7.884901213983063E-002,
1.241331446066066E+009,7.821058269826553E-002,
1.246316311311311E+009,7.871824273624253E-002,
1.251301176556557E+009,7.909857436084337E-002,
1.256286041801802E+009,8.014779241079872E-002,
1.261270907047047E+009,8.179919408812363E-002,
1.266255772292292E+009,8.308751961404784E-002,
1.271240637537538E+009,8.453225025575442E-002,
1.276225502782783E+009,8.560294309927786E-002,
1.281210368028028E+009,8.622537893853592E-002,
1.286195233273273E+009,8.661882242416884E-002,
1.291180098518518E+009,8.754878789503148E-002,
1.296164963763764E+009,8.878029954519942E-002,
1.301149829009009E+009,8.930597197991597E-002,
1.306134694254254E+009,8.913135696245099E-002,
1.311119559499500E+009,8.697528892902025E-002,
1.316104424744745E+009,8.475500956147923E-002,
1.321089289989990E+009,8.153286553176548E-002,
1.326074155235235E+009,7.900852774998347E-002,
1.331059020480480E+009,7.694747804463324E-002,
1.336043885725726E+009,7.555727336971019E-002,
1.341028750970971E+009,7.446083247522194E-002,
1.346013616216216E+009,7.390458273182633E-002,
1.350998481461462E+009,7.447031580167508E-002,
1.355983346706707E+009,7.445943638972132E-002,
1.360968211951952E+009,7.485681106247923E-002,
1.365953077197197E+009,7.511509788261557E-002,
1.370937942442442E+009,7.458331758381731E-002,
1.375922807687688E+009,7.433446256988469E-002,
1.380907672932933E+009,7.528184390248359E-002,
1.385892538178178E+009,7.686227525003793E-002,
1.390877403423424E+009,7.752847006969994E-002,
1.395862268668669E+009,7.839276100264159E-002,
1.400847133913914E+009,7.827561261147842E-002,
1.405831999159159E+009,7.801427408223349E-002,
1.410816864404404E+009,7.644393500218202E-002,
1.415801729649650E+009,7.356411987178554E-002,
1.420786594894895E+009,7.094240543255687E-002,
1.425771460140140E+009,6.827867929770683E-002,
1.430756325385386E+009,6.587303697116734E-002,
1.435741190630631E+009,6.401861716627126E-002,
1.440726055875876E+009,6.163091654487509E-002,
1.445710921121121E+009,5.986615018818790E-002,
1.450695786366366E+009,5.899178803262647E-002,
1.455680651611612E+009,5.903395612049831E-002,
1.460665516856857E+009,5.982178646687761E-002,
1.465650382102102E+009,6.061461116404746E-002,
1.470635247347347E+009,6.157801556157091E-002,
1.475620112592593E+009,6.141470312356707E-002,
1.480604977837838E+009,6.101432042916889E-002,
1.485589843083083E+009,6.011543045577265E-002,
1.490574708328328E+009,5.842043893587717E-002,
1.495559573573574E+009,5.653156264987096E-002,
1.500544438818819E+009,5.414766158075893E-002,
1.505529304064064E+009,5.254551416103021E-002,
1.510514169309309E+009,4.976070418443736E-002,
1.515499034554555E+009,4.826964184433769E-002,
1.520483899799800E+009,4.755975229858019E-002,
1.525468765045045E+009,4.733598611292675E-002,
1.530453630290290E+009,4.728185236148252E-002,
1.535438495535536E+009,4.722186289531845E-002,
1.540423360780781E+009,4.745602803340104E-002,
1.545408226026026E+009,4.696909943672392E-002,
1.550393091271271E+009,4.625473254252628E-002,
1.555377956516516E+009,4.704595732341267E-002,
1.560362821761762E+009,4.784699326508297E-002,
1.565347687007007E+009,4.962449316291390E-002,
1.570332552252252E+009,5.057408263687545E-002,
1.575317417497498E+009,5.175973544105189E-002,
1.580302282742743E+009,5.225280531372647E-002,
1.585287147987988E+009,5.260315068366139E-002,
1.590272013233233E+009,5.293574981730263E-002,
1.595256878478478E+009,5.242930546935987E-002,
1.600241743723724E+009,5.194035432052756E-002,
1.605226608968969E+009,5.219185830141621E-002,
1.610211474214214E+009,5.273212585484496E-002,
1.615196339459460E+009,5.310050582467035E-002,
1.620181204704705E+009,5.327501215729587E-002,
1.625166069949950E+009,5.351934151263074E-002,
1.630150935195195E+009,5.355266019838482E-002,
1.635135800440440E+009,5.381605720734576E-002,
1.640120665685686E+009,5.361337882272518E-002,
1.645105530930931E+009,5.240460131838749E-002,
1.650090396176176E+009,5.084491143274274E-002,
1.655075261421422E+009,4.938050255085661E-002,
1.660060126666667E+009,4.739221184725419E-002,
1.665044991911912E+009,4.510756471149009E-002,
1.670029857157157E+009,4.269362866705121E-002,
1.675014722402402E+009,4.003275377867515E-002,
1.679999587647648E+009,3.784858977554378E-002,
1.684984452892893E+009,3.605835059862377E-002,
1.689969318138138E+009,3.407849228540842E-002,
1.694954183383384E+009,3.142133647931530E-002,
1.699939048628629E+009,2.865372837231011E-002,
1.704923913873874E+009,2.568081100693911E-002,
1.709908779119119E+009,2.279405480455568E-002,
1.714893644364364E+009,2.086704988361327E-002,
1.719878509609610E+009,1.945975085630554E-002,
1.724863374854855E+009,1.836419706000686E-002,
1.729848240100100E+009,1.730268640512899E-002,
1.734833105345345E+009,1.619722380131879E-002,
1.739817970590591E+009,1.519716448537962E-002,
1.744802835835836E+009,1.529153907823626E-002,
1.749787701081081E+009,1.591610689555524E-002,
1.754772566326326E+009,1.672464882958586E-002,
1.759757431571572E+009,1.839415799924653E-002,
1.764742296816817E+009,1.932686323265545E-002,
1.769727162062062E+009,1.974760102961872E-002,
1.774712027307307E+009,2.006883644602604E-002,
1.779696892552553E+009,2.022818306923562E-002,
1.784681757797798E+009,2.074935932643300E-002,
1.789666623043043E+009,2.056661590258712E-002,
1.794651488288288E+009,1.965738210238158E-002,
1.799636353533534E+009,1.957266816297012E-002,
1.804621218778779E+009,1.910529148461091E-002,
1.809606084024024E+009,1.887753416629515E-002,
1.814590949269269E+009,1.867965977493855E-002,
1.819575814514514E+009,1.837745141527537E-002,
1.824560679759760E+009,1.785667025045575E-002,
1.829545545005005E+009,1.723227513097210E-002,
1.834530410250250E+009,1.633065565859591E-002,
1.839515275495496E+009,1.568075418363440E-002,
1.844500140740741E+009,1.452160527423074E-002,
1.849485005985986E+009,1.241349794352021E-002,
1.854469871231231E+009,1.060388886373851E-002,
1.859454736476476E+009,8.685809196666644E-003,
1.864439601721722E+009,7.080605340939222E-003,
1.869424466966967E+009,5.645149983618814E-003,
1.874409332212212E+009,3.919930951106944E-003,
1.879394197457458E+009,1.879193300488698E-003,
1.884379062702703E+009,1.301987276619852E-003,
1.889363927947948E+009,2.638036199725418E-003,
1.894348793193193E+009,4.847547066584258E-003,
1.899333658438438E+009,6.841825234193063E-003,
1.904318523683684E+009,8.789056759143338E-003,
1.909303388928929E+009,1.021536500292934E-002,
1.914288254174174E+009,1.247493671384791E-002,
1.919273119419420E+009,1.348061859827409E-002,
1.924257984664665E+009,1.465771507581151E-002,
1.929242849909910E+009,1.564893832088533E-002,
1.934227715155155E+009,1.697430455960786E-002,
1.939212580400400E+009,1.872660037073340E-002,
1.944197445645646E+009,2.039724236965144E-002,
1.949182310890891E+009,2.187010860367336E-002,
1.954167176136136E+009,2.319232329152829E-002,
1.959152041381382E+009,2.447875999842382E-002,
1.964136906626627E+009,2.510211265506446E-002,
1.969121771871872E+009,2.626232288002740E-002,
1.974106637117117E+009,2.754950262372032E-002,
1.979091502362362E+009,2.835219173605461E-002,
1.984076367607608E+009,2.948483802448838E-002,
1.989061232852853E+009,2.999132831232498E-002,
1.994046098098098E+009,3.081844744393254E-002,
1.999030963343343E+009,3.055339155044870E-002,
2.004015828588589E+009,3.076887871122844E-002,
2.009000693833834E+009,3.069830186434501E-002,
2.013985559079079E+009,3.127326142048018E-002,
2.018970424324324E+009,3.095222574573761E-002,
2.023955289569570E+009,3.085762966410229E-002,
2.028940154814815E+009,3.126390772143406E-002,
2.033925020060060E+009,3.180372074850266E-002,
2.038909885305305E+009,3.210824792514194E-002,
2.043894750550551E+009,3.231046827945240E-002,
2.048879615795796E+009,3.247307134923520E-002,
2.053864481041041E+009,3.216969858301099E-002,
2.058849346286286E+009,3.166580257913799E-002,
2.063834211531532E+009,3.059391667712614E-002,
2.068819076776777E+009,2.971427594234117E-002,
2.073803942022022E+009,2.832948942215722E-002,
2.078788807267267E+009,2.718431754598837E-002,
2.083773672512512E+009,2.703132562178776E-002,
2.088758537757758E+009,2.685638882872813E-002,
2.093743403003003E+009,2.653495902524964E-002,
2.098728268248248E+009,2.663601033412261E-002,
2.103713133493494E+009,2.697257735024537E-002,
2.108697998738739E+009,2.841244994573593E-002,
2.113682863983984E+009,3.005833443431208E-002,
2.118667729229229E+009,3.113394802116299E-002,
2.123652594474474E+009,3.205486252173032E-002,
2.128637459719720E+009,3.225692247519030E-002,
2.133622324964965E+009,3.190628474331623E-002,
2.138607190210210E+009,3.069414972143668E-002,
2.143592055455456E+009,3.046988013964334E-002,
2.148576920700701E+009,3.027180067729410E-002,
2.153561785945946E+009,2.938249523317676E-002,
2.158546651191191E+009,2.793352453884466E-002,
2.163531516436437E+009,2.767096025436641E-002,
2.168516381681682E+009,2.706304869003337E-002,
2.173501246926927E+009,2.704634414921731E-002,
2.178486112172172E+009,2.789611702071866E-002,
2.183470977417418E+009,2.794898657603153E-002,
2.188455842662663E+009,2.828914146151864E-002,
2.193440707907908E+009,2.827233163226025E-002,
2.198425573153153E+009,2.798725111622673E-002,
2.203410438398398E+009,2.774951468014574E-002,
2.208395303643644E+009,2.748765562639169E-002,
2.213380168888889E+009,2.834694591736804E-002,
2.218365034134134E+009,2.931141839167698E-002,
2.223349899379379E+009,2.956965012462400E-002,
2.228334764624625E+009,2.962066010171809E-002,
2.233319629869870E+009,2.990647943954860E-002,
2.238304495115115E+009,2.930258221985081E-002,
2.243289360360360E+009,2.953207745886996E-002,
2.248274225605606E+009,2.902352439264228E-002,
2.253259090850851E+009,2.893970613951312E-002,
2.258243956096096E+009,2.877402757185511E-002,
2.263228821341342E+009,2.867513160818577E-002,
2.268213686586587E+009,2.825573120457287E-002,
2.273198551831832E+009,2.879883369972616E-002,
2.278183417077077E+009,2.863829105914025E-002,
2.283168282322322E+009,2.953147956967452E-002,
2.288153147567567E+009,3.011804259724090E-002,
2.293138012812813E+009,3.073888268156975E-002,
2.298122878058058E+009,3.129022260851472E-002,
2.303107743303303E+009,3.165169381325996E-002,
2.308092608548549E+009,3.216902927445185E-002,
2.313077473793794E+009,3.243703162499873E-002,
2.318062339039039E+009,3.197416062730135E-002,
2.323047204284284E+009,3.125508464540470E-002,
2.328032069529530E+009,3.002223862433539E-002,
2.333016934774775E+009,2.800450411176855E-002,
2.338001800020020E+009,2.577195777279541E-002,
2.342986665265266E+009,2.398276672457475E-002,
2.347971530510510E+009,2.222228714309562E-002,
2.352956395755756E+009,1.945940649334680E-002,
2.357941261001001E+009,1.682339749516562E-002,
2.362926126246246E+009,1.488406763414851E-002,
2.367910991491491E+009,1.244796972136072E-002,
2.372895856736737E+009,1.159747432630642E-002,
2.377880721981982E+009,1.062960813605602E-002,
2.382865587227227E+009,9.689407076486210E-003,
2.387850452472473E+009,8.367726066512244E-003,
2.392835317717718E+009,7.116576042551752E-003,
2.397820182962963E+009,6.138215277322091E-003,
2.402805048208208E+009,5.948911102498730E-003,
2.407789913453454E+009,6.352604661813729E-003,
2.412774778698699E+009,7.096888354912826E-003,
2.417759643943944E+009,8.069417237482550E-003,
2.422744509189189E+009,8.921241574167240E-003,
2.427729374434434E+009,9.721546137129392E-003,
2.432714239679680E+009,1.036325901172065E-002,
2.437699104924925E+009,1.089298200470739E-002,
2.442683970170170E+009,1.385096656942804E-002,
2.447668835415415E+009,1.127790547506936E-002,
2.452653700660661E+009,9.770732315815236E-003,
2.457638565905906E+009,1.044488879084837E-002,
2.462623431151151E+009,1.080174970151749E-002,
2.467608296396397E+009,1.078833655408887E-002,
2.472593161641642E+009,1.045411886364017E-002,
2.477578026886887E+009,1.054554589439547E-002,
2.482562892132132E+009,1.023919048541011E-002,
2.487547757377378E+009,9.254484884012659E-003,
2.492532622622623E+009,9.176523255378748E-003,
2.497517487867868E+009,9.052093369312637E-003,
2.502502353113113E+009,8.331288551603094E-003,
2.507487218358358E+009,7.720487286176882E-003,
2.512472083603604E+009,6.599442138438947E-003,
2.517456948848849E+009,5.425336881964881E-003,
2.522441814094094E+009,4.625281370478066E-003,
2.527426679339339E+009,4.117617989490131E-003,
2.532411544584585E+009,3.868026215644245E-003,
2.537396409829830E+009,3.584830687783081E-003,
2.542381275075075E+009,3.516425685551804E-003,
2.547366140320320E+009,3.233781158755946E-003,
2.552351005565566E+009,2.625864315220283E-003,
2.557335870810811E+009,2.558867515655556E-003,
2.562320736056056E+009,2.689083008291850E-003,
2.567305601301302E+009,2.842595095677336E-003,
2.572290466546547E+009,3.008719835068420E-003,
2.577275331791792E+009,2.867847259642381E-003,
2.582260197037037E+009,2.620094775982447E-003,
2.587245062282282E+009,2.324207605412595E-003,
2.592229927527527E+009,1.847084219794504E-003,
2.597214792772773E+009,1.583098319277674E-003,
2.602199658018018E+009,1.566379080907472E-003,
2.607184523263263E+009,1.949294497831145E-003,
2.612169388508509E+009,2.788886362490290E-003,
2.617154253753754E+009,3.774153426207152E-003,
2.622139118998999E+009,5.020350700146450E-003,
2.627123984244244E+009,6.052819304488235E-003,
2.632108849489490E+009,7.050674518081859E-003,
2.637093714734735E+009,8.054842944086005E-003,
2.642078579979980E+009,9.092046295450964E-003,
2.647063445225225E+009,1.049055872929139E-002,
2.652048310470470E+009,1.147755088700812E-002,
2.657033175715716E+009,1.232082444131046E-002,
2.662018040960961E+009,1.322642491008350E-002,
2.667002906206206E+009,1.462693807792800E-002,
2.671987771451451E+009,1.489829346232016E-002,
2.676972636696697E+009,1.585617643958691E-002,
2.681957501941942E+009,1.618487819962113E-002,
2.686942367187187E+009,1.626615526283145E-002,
2.691927232432433E+009,1.669630395738918E-002,
2.696912097677678E+009,1.707593269136271E-002,
2.701896962922923E+009,1.796628191465775E-002,
2.706881828168168E+009,1.780568608047093E-002,
2.711866693413414E+009,1.783755318414210E-002,
2.716851558658659E+009,1.803706505794701E-002,
2.721836423903904E+009,1.773218613033373E-002,
2.726821289149149E+009,1.715078512769413E-002,
2.731806154394394E+009,1.730010763786749E-002,
2.736791019639640E+009,1.741761267987027E-002,
2.741775884884885E+009,1.687756664082783E-002,
2.746760750130130E+009,1.694445510927256E-002,
2.751745615375375E+009,1.709319880782261E-002,
2.756730480620621E+009,1.687172154131745E-002,
2.761715345865866E+009,1.602065934357944E-002,
2.766700211111111E+009,1.591023386627048E-002,
2.771685076356356E+009,1.504594133038941E-002,
2.776669941601602E+009,1.507345626263285E-002,
2.781654806846847E+009,1.487129506314729E-002,
2.786639672092092E+009,1.416348591512857E-002,
2.791624537337338E+009,1.367259516424117E-002,
2.796609402582583E+009,1.336280581043733E-002,
2.801594267827828E+009,1.373067063119368E-002,
2.806579133073073E+009,1.415217996778373E-002,
2.811563998318318E+009,1.448037375614636E-002,
2.816548863563564E+009,1.443512320303506E-002,
2.821533728808809E+009,1.493332036634206E-002,
2.826518594054054E+009,1.556312106053782E-002,
2.831503459299299E+009,1.681253409537618E-002,
2.836488324544545E+009,1.796840793585313E-002,
2.841473189789790E+009,1.908452617422770E-002,
2.846458055035035E+009,2.040994182126011E-002,
2.851442920280280E+009,2.220478125149821E-002,
2.856427785525526E+009,2.377265868869042E-002,
2.861412650770771E+009,2.507061187877432E-002,
2.866397516016016E+009,2.634629238548804E-002,
2.871382381261262E+009,2.715679043361598E-002,
2.876367246506506E+009,2.884983126885348E-002,
2.881352111751752E+009,2.963006127403257E-002,
2.886336976996997E+009,3.053250118909170E-002,
2.891321842242242E+009,3.025293827967949E-002,
2.896306707487487E+009,3.010313778502823E-002,
2.901291572732733E+009,2.903305800457430E-002,
2.906276437977978E+009,2.845937978529333E-002,
2.911261303223223E+009,2.825759995628133E-002,
2.916246168468469E+009,2.803216266889501E-002,
2.921231033713714E+009,2.829609819159802E-002,
2.926215898958959E+009,2.803194626024313E-002,
2.931200764204204E+009,2.780941240149681E-002,
2.936185629449450E+009,2.765040118682915E-002,
2.941170494694695E+009,2.790486367701539E-002,
2.946155359939940E+009,2.823204014415993E-002,
2.951140225185185E+009,2.764135255199692E-002,
2.956125090430430E+009,2.805926972956866E-002,
2.961109955675676E+009,2.797374292278692E-002,
2.966094820920921E+009,2.817169731389915E-002,
2.971079686166166E+009,2.845255748584857E-002,
2.976064551411411E+009,2.833837164795086E-002,
2.981049416656657E+009,2.801350351004231E-002,
2.986034281901902E+009,2.693822991909732E-002,
2.991019147147147E+009,2.601736936938946E-002,
2.996004012392393E+009,2.456286947277078E-002,
3.000988877637638E+009,2.433099631187182E-002,
3.005973742882883E+009,2.319440470900674E-002,
3.010958608128128E+009,2.276411659957487E-002,
3.015943473373374E+009,2.336026394976444E-002,
3.020928338618619E+009,2.324899049983638E-002,
3.025913203863864E+009,2.335804249496676E-002,
3.030898069109109E+009,2.349456120597611E-002,
3.035882934354354E+009,2.314440718033131E-002,
3.040867799599600E+009,2.381534503419764E-002,
3.045852664844845E+009,2.479106241016977E-002,
3.050837530090090E+009,2.591921432187825E-002,
3.055822395335335E+009,2.687893746649103E-002,
3.060807260580581E+009,2.814532630046789E-002,
3.065792125825826E+009,2.931918478871388E-002,
3.070776991071071E+009,3.004573206391480E-002,
3.075761856316316E+009,2.990773606544163E-002,
3.080746721561562E+009,2.942444720294296E-002,
3.085731586806807E+009,2.958899593355312E-002,
3.090716452052052E+009,2.828730291440122E-002,
3.095701317297298E+009,2.833922523745029E-002,
3.100686182542543E+009,2.729455653333816E-002,
3.105671047787788E+009,2.685273105083708E-002,
3.110655913033033E+009,2.651588117926619E-002,
3.115640778278278E+009,2.530803044528163E-002,
3.120625643523523E+009,2.540761702321944E-002,
3.125610508768769E+009,2.510451858888973E-002,
3.130595374014014E+009,2.516190794720337E-002,
3.135580239259259E+009,2.570610843563424E-002,
3.140565104504505E+009,2.581746440257148E-002,
3.145549969749750E+009,2.586538859015815E-002,
3.150534834994995E+009,2.643474920688599E-002,
3.155519700240240E+009,2.771729161177517E-002,
3.160504565485486E+009,2.788564395163809E-002,
3.165489430730731E+009,2.889783596593532E-002,
3.170474295975976E+009,2.905208727849814E-002,
3.175459161221221E+009,3.000910709460501E-002,
3.180444026466466E+009,2.980088168463458E-002,
3.185428891711712E+009,2.957028159423685E-002,
3.190413756956957E+009,2.925175390977371E-002,
3.195398622202202E+009,2.898385069303919E-002,
3.200383487447447E+009,2.896147705324016E-002,
3.205368352692693E+009,2.809139081036578E-002,
3.210353217937938E+009,2.771626183204978E-002,
3.215338083183183E+009,2.768482981447698E-002,
3.220322948428429E+009,2.729524123968984E-002,
3.225307813673674E+009,2.786417478870668E-002,
3.230292678918919E+009,2.698599711949221E-002,
3.235277544164164E+009,2.780171803867254E-002,
3.240262409409410E+009,2.844444413572012E-002,
3.245247274654655E+009,2.814856656056041E-002,
3.250232139899900E+009,2.947400853591105E-002,
3.255217005145145E+009,2.967073525474777E-002,
3.260201870390390E+009,2.990499098876491E-002,
3.265186735635636E+009,3.004069077480897E-002,
3.270171600880881E+009,3.009394118203781E-002,
3.275156466126126E+009,3.014157642746776E-002,
3.280141331371371E+009,3.025134078030167E-002,
3.285126196616617E+009,2.974044254383138E-002,
3.290111061861862E+009,2.995396561918967E-002,
3.295095927107107E+009,2.921612216599092E-002,
3.300080792352352E+009,2.811650163712618E-002,
3.305065657597598E+009,2.783144988370833E-002,
3.310050522842843E+009,2.718205334447777E-002,
3.315035388088088E+009,2.653708391892667E-002,
3.320020253333334E+009,2.577763099909827E-002,
3.325005118578579E+009,2.594115259731656E-002,
3.329989983823824E+009,2.599987659820834E-002,
3.334974849069069E+009,2.635592288191937E-002,
3.339959714314314E+009,2.576258291750205E-002,
3.344944579559560E+009,2.509374313906773E-002,
3.349929444804805E+009,2.431431219144332E-002,
3.354914310050050E+009,2.389020042323319E-002,
3.359899175295295E+009,2.379194957837372E-002,
3.364884040540541E+009,2.347916184209132E-002,
3.369868905785786E+009,2.299411974096794E-002,
3.374853771031031E+009,2.350690325699847E-002,
3.379838636276276E+009,2.306804655640822E-002,
3.384823501521522E+009,2.272476776936887E-002,
3.389808366766767E+009,2.313566781644292E-002,
3.394793232012012E+009,2.233863619585193E-002,
3.399778097257258E+009,2.264175947235975E-002,
3.404762962502502E+009,2.199796035480422E-002,
3.409747827747748E+009,2.240333449604289E-002,
3.414732692992993E+009,2.256416241052389E-002,
3.419717558238238E+009,2.253967461217428E-002,
3.424702423483483E+009,2.155199211577187E-002,
3.429687288728729E+009,2.274253014513126E-002,
3.434672153973974E+009,2.178570938206197E-002,
3.439657019219219E+009,2.191724194283041E-002,
3.444641884464465E+009,2.169284072485330E-002,
3.449626749709710E+009,2.175267232766924E-002,
3.454611614954955E+009,2.196106868845221E-002,
3.459596480200200E+009,2.151147778136082E-002,
3.464581345445446E+009,2.174165102260686E-002,
3.469566210690691E+009,2.184999521951905E-002,
3.474551075935936E+009,2.175496933474229E-002,
3.479535941181181E+009,2.146377016265689E-002,
3.484520806426426E+009,2.171861577906985E-002,
3.489505671671672E+009,2.125105121645339E-002,
3.494490536916917E+009,2.177007921692679E-002,
3.499475402162162E+009,2.053634054476012E-002,
3.504460267407407E+009,2.116070002302430E-002,
3.509445132652653E+009,2.096735285544107E-002,
3.514429997897898E+009,2.008727644286652E-002,
3.519414863143143E+009,1.891227180158176E-002,
3.524399728388389E+009,1.875878861662468E-002,
3.529384593633634E+009,1.808121940922592E-002,
3.534369458878879E+009,1.715279563175863E-002,
3.539354324124124E+009,1.626417563857482E-002,
3.544339189369370E+009,1.574730365720280E-002,
3.549324054614615E+009,1.462057264249344E-002,
3.554308919859860E+009,1.430034185072123E-002,
3.559293785105105E+009,1.379194433402737E-002,
3.564278650350350E+009,1.321192593888769E-002,
3.569263515595596E+009,1.255604037619032E-002,
3.574248380840841E+009,1.202899732638054E-002,
3.579233246086086E+009,1.179060874451396E-002,
3.584218111331331E+009,1.174451569308909E-002,
3.589202976576577E+009,1.176918421422585E-002,
3.594187841821822E+009,1.186416258846918E-002,
3.599172707067067E+009,1.185328927841134E-002,
3.604157572312312E+009,1.175047682493294E-002,
3.609142437557558E+009,1.155717004531175E-002,
3.614127302802803E+009,1.144028922698130E-002,
3.619112168048048E+009,1.146959725327758E-002,
3.624097033293294E+009,1.153248807884440E-002,
3.629081898538539E+009,1.139530971437728E-002,
3.634066763783784E+009,1.131191367844846E-002,
3.639051629029029E+009,1.097784062195451E-002,
3.644036494274274E+009,1.089628365059043E-002,
3.649021359519519E+009,1.087266643955546E-002,
3.654006224764765E+009,1.087298158175878E-002,
3.658991090010010E+009,1.085066512451810E-002,
3.663975955255255E+009,1.099138169783144E-002,
3.668960820500501E+009,1.122128176858854E-002,
3.673945685745746E+009,1.145515247029172E-002,
3.678930550990991E+009,1.168551280237550E-002,
3.683915416236236E+009,1.197935696756739E-002,
3.688900281481482E+009,1.210811819817700E-002,
3.693885146726727E+009,1.231274140682612E-002,
3.698870011971972E+009,1.228405281395818E-002,
3.703854877217217E+009,1.257741942360095E-002,
3.708839742462462E+009,1.274489326769856E-002,
3.713824607707708E+009,1.290805145726963E-002,
3.718809472952953E+009,1.305323010764852E-002,
3.723794338198198E+009,1.309190820444798E-002,
3.728779203443443E+009,1.296628020736550E-002,
3.733764068688689E+009,1.270978359066316E-002,
3.738748933933934E+009,1.248626144658742E-002,
3.743733799179179E+009,1.215163049302552E-002,
3.748718664424425E+009,1.211228520873373E-002,
3.753703529669670E+009,1.212240564649832E-002,
3.758688394914915E+009,1.216980156555639E-002,
3.763673260160160E+009,1.237748780805701E-002,
3.768658125405406E+009,1.242564814621947E-002,
3.773642990650651E+009,1.242546880384082E-002,
3.778627855895896E+009,1.217137654297515E-002,
3.783612721141141E+009,1.194595972916145E-002,
3.788597586386386E+009,1.177926240269863E-002,
3.793582451631632E+009,1.182172051211764E-002,
3.798567316876877E+009,1.178554379952028E-002,
3.803552182122122E+009,1.186772473027049E-002,
3.808537047367367E+009,1.200024407624223E-002,
3.813521912612613E+009,1.200132446798958E-002,
3.818506777857858E+009,1.200792714170772E-002,
3.823491643103103E+009,1.174776442482537E-002,
3.828476508348349E+009,1.153784651693871E-002,
3.833461373593594E+009,1.144736620769922E-002,
3.838446238838839E+009,1.158181516413995E-002,
3.843431104084084E+009,1.166513024822439E-002,
3.848415969329330E+009,1.175974144497692E-002,
3.853400834574575E+009,1.183109590604036E-002,
3.858385699819820E+009,1.204963824346084E-002,
3.863370565065065E+009,1.218930067250276E-002,
3.868355430310310E+009,1.236871092318175E-002,
3.873340295555556E+009,1.249717658434376E-002,
3.878325160800801E+009,1.264094550638683E-002,
3.883310026046046E+009,1.286011726072591E-002,
3.888294891291291E+009,1.306944983054171E-002,
3.893279756536537E+009,1.328918428216170E-002,
3.898264621781782E+009,1.335733596723641E-002,
3.903249487027027E+009,1.314534748412230E-002,
3.908234352272272E+009,1.292880046773241E-002,
3.913219217517518E+009,1.268368555408559E-002,
3.918204082762763E+009,1.239911028864912E-002,
3.923188948008008E+009,1.220259817958792E-002,
3.928173813253254E+009,1.210527154726467E-002,
3.933158678498498E+009,1.221478524452199E-002,
3.938143543743744E+009,1.230533660672348E-002,
3.943128408988989E+009,1.234244717151482E-002,
3.948113274234234E+009,1.227637167185239E-002,
3.953098139479479E+009,1.205258595084982E-002,
3.958083004724725E+009,1.186332709286420E-002,
3.963067869969970E+009,1.184728400410747E-002,
3.968052735215215E+009,1.193991514059932E-002,
3.973037600460461E+009,1.233488259429703E-002,
3.978022465705706E+009,1.275391513658501E-002,
3.983007330950951E+009,1.279728259350555E-002,
3.987992196196196E+009,1.268491783506954E-002,
3.992977061441442E+009,1.218171719416666E-002,
3.997961926686687E+009,1.158379305846201E-002,
4.002946791931932E+009,1.126039431490604E-002,
4.007931657177177E+009,1.091552119226974E-002,
4.012916522422422E+009,1.064178534426021E-002,
4.017901387667668E+009,1.048337088635514E-002,
4.022886252912913E+009,1.032970695755410E-002,
4.027871118158158E+009,1.026086100096202E-002,
4.032855983403403E+009,1.022486663857331E-002,
4.037840848648649E+009,1.027393330926518E-002,
4.042825713893894E+009,1.047934264810039E-002,
4.047810579139139E+009,1.078837229177931E-002,
4.052795444384385E+009,1.116687903219399E-002,
4.057780309629630E+009,1.143180991569442E-002,
4.062765174874875E+009,1.171008289913572E-002,
4.067750040120120E+009,1.164199255709308E-002,
4.072734905365366E+009,1.155848731250776E-002,
4.077719770610611E+009,1.151634594846531E-002,
4.082704635855856E+009,1.152266673025648E-002,
4.087689501101101E+009,1.149557557940518E-002,
4.092674366346346E+009,1.145189513655178E-002,
4.097659231591592E+009,1.138931966614687E-002,
4.102644096836837E+009,1.116957506003557E-002,
4.107628962082082E+009,1.105695603393456E-002,
4.112613827327327E+009,1.082048664690292E-002,
4.117598692572573E+009,1.047504033959621E-002,
4.122583557817818E+009,1.017118669374762E-002,
4.127568423063063E+009,9.865739339644812E-003,
4.132553288308308E+009,9.726619067226211E-003,
4.137538153553554E+009,9.421141857292663E-003,
4.142523018798799E+009,9.268588276851545E-003,
4.147507884044044E+009,9.166603278646837E-003,
4.152492749289290E+009,8.987878285940080E-003,
4.157477614534535E+009,8.907468250358503E-003,
4.162462479779780E+009,8.738954877037169E-003,
4.167447345025025E+009,8.669277619858114E-003,
4.172432210270270E+009,8.557798148499534E-003,
4.177417075515515E+009,8.423027906153268E-003,
4.182401940760761E+009,8.311812536122424E-003,
4.187386806006006E+009,8.137845176348291E-003,
4.192371671251251E+009,7.935545515819703E-003,
4.197356536496497E+009,7.625901843311085E-003,
4.202341401741742E+009,7.171599911731341E-003,
4.207326266986987E+009,6.825390368393846E-003,
4.212311132232232E+009,6.300217328208809E-003,
4.217295997477478E+009,5.958596049471413E-003,
4.222280862722723E+009,5.605439806277954E-003,
4.227265727967968E+009,5.340913205564846E-003,
4.232250593213213E+009,5.261516606367157E-003,
4.237235458458458E+009,5.195345128503314E-003,
4.242220323703704E+009,5.153672407211176E-003,
4.247205188948949E+009,5.105127625321128E-003,
4.252190054194194E+009,5.048848762672816E-003,
4.257174919439439E+009,5.020539412410648E-003,
4.262159784684685E+009,4.887701794425025E-003,
4.267144649929930E+009,4.811800182327191E-003,
4.272129515175175E+009,4.628580284473091E-003,
4.277114380420421E+009,4.647569753160488E-003,
4.282099245665666E+009,4.592393479527466E-003,
4.287084110910911E+009,4.784046987724829E-003,
4.292068976156156E+009,4.861496601168461E-003,
4.297053841401402E+009,4.874425070860847E-003,
4.302038706646647E+009,5.052623815809866E-003,
4.307023571891892E+009,5.114980470478223E-003,
4.312008437137137E+009,5.104628807508353E-003,
4.316993302382382E+009,5.039812462752676E-003,
4.321978167627627E+009,5.041188700560744E-003,
4.326963032872873E+009,5.074784886092580E-003,
4.331947898118118E+009,5.174682062245042E-003,
4.336932763363363E+009,5.261891167330059E-003,
4.341917628608608E+009,5.195958044582825E-003,
4.346902493853854E+009,5.184641079374936E-003,
4.351887359099099E+009,5.049777133347611E-003,
4.356872224344344E+009,5.091183040307398E-003,
4.361857089589590E+009,5.184859550394757E-003,
4.366841954834835E+009,5.375934064922131E-003,
4.371826820080080E+009,5.682823671538578E-003,
4.376811685325325E+009,5.869761769438972E-003,
4.381796550570571E+009,5.930007464984487E-003,
4.386781415815816E+009,5.970015920026299E-003,
4.391766281061061E+009,6.040611826926124E-003,
4.396751146306306E+009,6.016072537846609E-003,
4.401736011551552E+009,6.083532351298409E-003,
4.406720876796797E+009,6.090419394123430E-003,
4.411705742042042E+009,6.142473449979077E-003,
4.416690607287288E+009,6.063374504660540E-003,
4.421675472532533E+009,5.971174544611655E-003,
4.426660337777778E+009,5.922069578049178E-003,
4.431645203023023E+009,5.932674405616910E-003,
4.436630068268269E+009,5.878959686246145E-003,
4.441614933513514E+009,5.871409319873436E-003,
4.446599798758759E+009,5.894722047332381E-003,
4.451584664004005E+009,5.925579591663769E-003,
4.456569529249250E+009,6.001565959144281E-003,
4.461554394494494E+009,6.098627959906994E-003,
4.466539259739739E+009,6.332874579098546E-003,
4.471524124984985E+009,6.572137534608548E-003,
4.476508990230230E+009,6.859072827509716E-003,
4.481493855475475E+009,7.063703498773979E-003,
4.486478720720720E+009,7.399392201622912E-003,
4.491463585965966E+009,7.799291214773813E-003,
4.496448451211211E+009,8.096943028905880E-003,
4.501433316456456E+009,8.559457672957410E-003,
4.506418181701702E+009,9.091986479126334E-003,
4.511403046946947E+009,9.429800100887840E-003,
4.516387912192192E+009,9.744835786088341E-003,
4.521372777437437E+009,9.900371792202168E-003,
4.526357642682683E+009,9.991256291312390E-003,
4.531342507927928E+009,1.030431856943227E-002,
4.536327373173173E+009,1.026829532599078E-002,
4.541312238418419E+009,1.022480611303533E-002,
4.546297103663664E+009,1.020878927751118E-002,
4.551281968908909E+009,1.013972811572693E-002,
4.556266834154154E+009,1.009290600858768E-002,
4.561251699399400E+009,1.008765394552286E-002,
4.566236564644645E+009,1.024066844783005E-002,
4.571221429889890E+009,1.044777123305498E-002,
4.576206295135135E+009,1.066544262337608E-002,
4.581191160380381E+009,1.113281577737206E-002,
4.586176025625626E+009,1.144130433960605E-002,
4.591160890870871E+009,1.183446188812407E-002,
4.596145756116117E+009,1.216971438850124E-002,
4.601130621361362E+009,1.283559990479282E-002,
4.606115486606607E+009,1.308265088072318E-002,
4.611100351851852E+009,1.328389737815651E-002,
4.616085217097097E+009,1.344802475558881E-002,
4.621070082342342E+009,1.325946661271849E-002,
4.626054947587587E+009,1.307370540032916E-002,
4.631039812832833E+009,1.274069753876497E-002,
4.636024678078078E+009,1.226905711766602E-002,
4.641009543323323E+009,1.182814823736821E-002,
4.645994408568568E+009,1.147517162216116E-002,
4.650979273813814E+009,1.108902192728848E-002,
4.655964139059059E+009,1.072327990506851E-002,
4.660949004304304E+009,1.047664447678129E-002,
4.665933869549550E+009,1.039401937879331E-002,
4.670918734794795E+009,1.039144137822464E-002,
4.675903600040040E+009,1.055909526549092E-002,
4.680888465285285E+009,1.073416141055798E-002,
4.685873330530531E+009,1.091351165709508E-002,
4.690858195775776E+009,1.141313686133877E-002,
4.695843061021021E+009,1.192642908037528E-002,
4.700827926266266E+009,1.246140221514435E-002,
4.705812791511512E+009,1.288774392041451E-002,
4.710797656756757E+009,1.327535060220450E-002,
4.715782522002002E+009,1.340954561206722E-002,
4.720767387247248E+009,1.344632928640977E-002,
4.725752252492493E+009,1.351083077162130E-002,
4.730737117737738E+009,1.324468675248419E-002,
4.735721982982983E+009,1.298871384374270E-002,
4.740706848228229E+009,1.252049712221042E-002,
4.745691713473474E+009,1.207382320228446E-002,
4.750676578718719E+009,1.140512574314214E-002,
4.755661443963965E+009,1.100389565540696E-002,
4.760646309209209E+009,1.069713658537020E-002,
4.765631174454454E+009,1.058039873782319E-002,
4.770616039699699E+009,1.042674652994216E-002,
4.775600904944945E+009,1.054018258732613E-002,
4.780585770190190E+009,1.070026336572319E-002,
4.785570635435435E+009,1.099261992552542E-002,
4.790555500680680E+009,1.149084164267394E-002,
4.795540365925926E+009,1.201423612922770E-002,
4.800525231171171E+009,1.256118625172466E-002,
4.805510096416416E+009,1.299342041344131E-002,
4.810494961661662E+009,1.330231816623591E-002,
4.815479826906907E+009,1.332296160878120E-002,
4.820464692152152E+009,1.326853094974232E-002,
4.825449557397397E+009,1.313411581141305E-002,
4.830434422642643E+009,1.269363862097127E-002,
4.835419287887888E+009,1.226760920793661E-002,
4.840404153133133E+009,1.176617783515123E-002,
4.845389018378379E+009,1.133925424813837E-002,
4.850373883623624E+009,1.099975752138837E-002,
4.855358748868869E+009,1.054919430794434E-002,
4.860343614114114E+009,1.024465723633680E-002,
4.865328479359360E+009,1.012161306669730E-002,
4.870313344604605E+009,9.979943806128251E-003,
4.875298209849850E+009,1.000195978390423E-002,
4.880283075095095E+009,1.017822164343360E-002,
4.885267940340341E+009,1.039893818764768E-002,
4.890252805585586E+009,1.063700876284143E-002,
4.895237670830831E+009,1.106067126784944E-002,
4.900222536076077E+009,1.143028970124337E-002,
4.905207401321322E+009,1.176033923484898E-002,
4.910192266566567E+009,1.218420062617168E-002,
4.915177131811811E+009,1.260019428714870E-002,
4.920161997057057E+009,1.281976706714685E-002,
4.925146862302302E+009,1.309227818615642E-002,
4.930131727547547E+009,1.290501036240893E-002,
4.935116592792793E+009,1.277809424679009E-002,
4.940101458038038E+009,1.242143477007963E-002,
4.945086323283283E+009,1.218475810015628E-002,
4.950071188528528E+009,1.194528994512956E-002,
4.955056053773774E+009,1.154174133951268E-002,
4.960040919019019E+009,1.129148127850283E-002,
4.965025784264264E+009,1.112377758080450E-002,
4.970010649509509E+009,1.095814768352190E-002,
4.974995514754755E+009,1.090128975781612E-002,
4.979980380000000E+009,1.082605015848988E-002,
