% Version 1.00
%
% Ref Impedances: Z01: 50, Z02: 50
% 
%freq[Hz];Trc1_S21[U];
1.000000000000000E+005,3.649347888491204E-005,
5.084865245245245E+006,3.777531137292518E-004,
1.006973049049049E+007,8.201661816567190E-004,
1.505459573573574E+007,1.628096847938754E-003,
2.003946098098098E+007,2.294772822667385E-003,
2.502432622622623E+007,3.314208819447376E-003,
3.000919147147147E+007,4.781777943986820E-003,
3.499405671671671E+007,8.149199338536155E-003,
3.997892196196196E+007,1.606035786304867E-002,
4.496378720720721E+007,5.076439058325172E-002,
4.994865245245245E+007,7.322359258224943E-002,
5.493351769769770E+007,3.067906385646406E-002,
5.991838294294295E+007,2.466122096150283E-002,
6.490324818818819E+007,1.887551285769146E-002,
6.988811343343343E+007,1.550889204121763E-002,
7.487297867867868E+007,1.171143243499483E-002,
7.985784392392393E+007,8.367982334440622E-003,
8.484270916916917E+007,8.096159399199155E-003,
8.982757441441442E+007,7.630439569843635E-003,
9.481243965965965E+007,7.279789786077793E-003,
9.979730490490490E+007,7.466782417345672E-003,
1.047821701501502E+008,8.250422983714910E-003,
1.097670353953954E+008,8.944300847136769E-003,
1.147519006406407E+008,9.654673992199419E-003,
1.197367658858859E+008,1.057388432794617E-002,
1.247216311311311E+008,1.159564938669933E-002,
1.297064963763764E+008,1.292254916291423E-002,
1.346913616216216E+008,1.564854439359135E-002,
1.396762268668669E+008,2.005840419402882E-002,
1.446610921121121E+008,2.388826642993263E-002,
1.496459573573574E+008,2.912284099472545E-002,
1.546308226026026E+008,4.203456139418196E-002,
1.596156878478479E+008,7.344965334590646E-002,
1.646005530930931E+008,1.371949798220328E-001,
1.695854183383384E+008,2.193804383462122E-001,
1.745702835835836E+008,1.470125493955469E-001,
1.795551488288288E+008,8.640916394614980E-002,
1.845400140740741E+008,5.777255187966374E-002,
1.895248793193193E+008,4.319280870830455E-002,
1.945097445645646E+008,3.360337380912489E-002,
1.994946098098098E+008,2.661237878058157E-002,
2.044794750550551E+008,2.141557678461554E-002,
2.094643403003003E+008,1.738926317266208E-002,
2.144492055455456E+008,1.422182162734825E-002,
2.194340707907908E+008,1.078296861562531E-002,
2.244189360360360E+008,8.935600839768748E-003,
2.294038012812813E+008,6.988164655096180E-003,
2.343886665265265E+008,5.268168297400818E-003,
2.393735317717718E+008,3.895676419915909E-003,
2.443583970170170E+008,4.561893172294861E-003,
2.493432622622623E+008,7.599570524489841E-003,
2.543281275075075E+008,1.216222549562798E-002,
2.593129927527528E+008,1.992101437849003E-002,
2.642978579979980E+008,3.160295034289376E-002,
2.692827232432432E+008,5.035777070168672E-002,
2.742675884884885E+008,8.260293491617558E-002,
2.792524537337337E+008,1.284167900389162E-001,
2.842373189789790E+008,1.312254364942984E-001,
2.892221842242242E+008,9.709391685033640E-002,
2.942070494694695E+008,7.217395957776367E-002,
2.991919147147147E+008,5.716216496364564E-002,
3.041767799599600E+008,4.713291137385512E-002,
3.091616452052052E+008,3.998551672648282E-002,
3.141465104504505E+008,3.371244297549304E-002,
3.191313756956957E+008,2.784018339709754E-002,
3.241162409409409E+008,2.353195978349511E-002,
3.291011061861862E+008,1.942715493589101E-002,
3.340859714314314E+008,1.592561103591603E-002,
3.390708366766767E+008,1.211355535349772E-002,
3.440557019219219E+008,9.217992033904724E-003,
3.490405671671672E+008,7.215104182624097E-003,
3.540254324124124E+008,5.187540446993087E-003,
3.590102976576577E+008,4.344341132695015E-003,
3.639951629029029E+008,3.872560641780877E-003,
3.689800281481482E+008,3.631677623813512E-003,
3.739648933933934E+008,3.855242261515205E-003,
3.789497586386386E+008,4.854294172466672E-003,
3.839346238838839E+008,6.342785095044767E-003,
3.889194891291291E+008,7.760039109720057E-003,
3.939043543743744E+008,8.873197862831929E-003,
3.988892196196196E+008,9.762393398360566E-003,
4.038740848648649E+008,1.010070441390997E-002,
4.088589501101101E+008,1.072982253527576E-002,
4.138438153553554E+008,1.090221165466899E-002,
4.188286806006006E+008,1.123714580941606E-002,
4.238135458458459E+008,1.292350112971336E-002,
4.287984110910911E+008,1.507713877153215E-002,
4.337832763363363E+008,1.556612229276985E-002,
4.387681415815816E+008,1.541832797375754E-002,
4.437530068268268E+008,1.597993578308887E-002,
4.487378720720721E+008,1.694758918432630E-002,
4.537227373173173E+008,1.769147213136936E-002,
4.587076025625626E+008,1.863744356147015E-002,
4.636924678078078E+008,1.989979462844699E-002,
4.686773330530531E+008,2.148710416587784E-002,
4.736621982982983E+008,2.347756316818231E-002,
4.786470635435436E+008,2.505729999791844E-002,
4.836319287887888E+008,2.728813229907948E-002,
4.886167940340340E+008,2.985383799204455E-002,
4.936016592792793E+008,3.165365522007552E-002,
4.985865245245245E+008,3.357632912415338E-002,
5.035713897697698E+008,3.480259878377632E-002,
5.085562550150150E+008,3.579200946910247E-002,
5.135411202602603E+008,3.720061372595097E-002,
5.185259855055055E+008,3.729312773071832E-002,
5.235108507507508E+008,3.667578934333492E-002,
5.284957159959960E+008,3.627153546802151E-002,
5.334805812412412E+008,3.643506641012920E-002,
5.384654464864864E+008,3.685082161477238E-002,
5.434503117317318E+008,3.817136844831460E-002,
5.484351769769770E+008,3.971703478759789E-002,
5.534200422222222E+008,4.173225448167117E-002,
5.584049074674674E+008,4.313852202507382E-002,
5.633897727127128E+008,4.490456494759234E-002,
5.683746379579580E+008,4.656176493644896E-002,
5.733595032032032E+008,4.730919799555650E-002,
5.783443684484484E+008,4.857591767067506E-002,
5.833292336936938E+008,4.907584075478349E-002,
5.883140989389390E+008,4.974929256061234E-002,
5.932989641841842E+008,5.069499488746180E-002,
5.982838294294294E+008,5.270399807493167E-002,
6.032686946746746E+008,5.484320088395274E-002,
6.082535599199200E+008,5.614174850566217E-002,
6.132384251651652E+008,5.818284797179167E-002,
6.182232904104104E+008,6.013101460453853E-002,
6.232081556556556E+008,6.311332860425233E-002,
6.281930209009010E+008,6.531636812005462E-002,
6.331778861461462E+008,6.746625817292119E-002,
6.381627513913914E+008,6.869280185900367E-002,
6.431476166366366E+008,7.010300032637613E-002,
6.481324818818818E+008,7.020570198277283E-002,
6.531173471271272E+008,7.028014932589675E-002,
6.581022123723724E+008,7.091699140792100E-002,
6.630870776176176E+008,7.029488838528289E-002,
6.680719428628628E+008,7.128400750932530E-002,
6.730568081081082E+008,7.346735620199342E-002,
6.780416733533534E+008,7.273365565683682E-002,
6.830265385985986E+008,7.119155041879571E-002,
6.880114038438438E+008,7.116445839855763E-002,
6.929962690890890E+008,7.185084636621940E-002,
6.979811343343344E+008,7.280851048469063E-002,
7.029659995795796E+008,7.396417966506577E-002,
7.079508648248248E+008,7.625662458472197E-002,
7.129357300700700E+008,7.987398710373146E-002,
7.179205953153154E+008,8.282706993592409E-002,
7.229054605605606E+008,8.432419452362840E-002,
7.278903258058058E+008,8.631816062705815E-002,
7.328751910510510E+008,9.002807726747132E-002,
7.378600562962964E+008,9.348979187628144E-002,
7.428449215415416E+008,9.886001536815688E-002,
7.478297867867868E+008,1.072597435135079E-001,
7.528146520320320E+008,1.158075049860454E-001,
7.577995172772772E+008,1.236223708959703E-001,
7.627843825225226E+008,1.317239504063959E-001,
7.677692477677678E+008,1.393359295661620E-001,
7.727541130130130E+008,1.442655072053905E-001,
7.777389782582582E+008,1.464239406501720E-001,
7.827238435035036E+008,1.466041177661976E-001,
7.877087087487488E+008,1.467123663877467E-001,
7.926935739939940E+008,1.477534082311454E-001,
7.976784392392392E+008,1.474143852486839E-001,
8.026633044844844E+008,1.459781997316296E-001,
8.076481697297298E+008,1.463441603656816E-001,
8.126330349749750E+008,1.460911951056637E-001,
8.176179002202202E+008,1.449703501788395E-001,
8.226027654654654E+008,1.444258702915916E-001,
8.275876307107108E+008,1.416353531860485E-001,
8.325724959559560E+008,1.417901850124321E-001,
8.375573612012012E+008,1.443315387592684E-001,
8.425422264464464E+008,1.441281720479444E-001,
8.475270916916918E+008,1.450571008004487E-001,
8.525119569369370E+008,1.451469001001943E-001,
8.574968221821822E+008,1.431124096300083E-001,
8.624816874274274E+008,1.387337411700861E-001,
8.674665526726726E+008,1.337554337296713E-001,
8.724514179179180E+008,1.309167717233264E-001,
8.774362831631632E+008,1.279747027587549E-001,
8.824211484084084E+008,1.246221190684011E-001,
8.874060136536536E+008,1.226731808057300E-001,
8.923908788988990E+008,1.234249915183389E-001,
8.973757441441442E+008,1.265926470388873E-001,
9.023606093893894E+008,1.296399196474166E-001,
9.073454746346346E+008,1.326202780523478E-001,
9.123303398798798E+008,1.354354240737202E-001,
9.173152051251252E+008,1.382013387287494E-001,
9.223000703703704E+008,1.427287423421152E-001,
9.272849356156156E+008,1.469806502068474E-001,
9.322698008608608E+008,1.507483574557641E-001,
9.372546661061062E+008,1.540205028001729E-001,
9.422395313513514E+008,1.569092973250826E-001,
9.472243965965966E+008,1.575540996901393E-001,
9.522092618418418E+008,1.567081898853827E-001,
9.571941270870872E+008,1.543963765985734E-001,
9.621789923323324E+008,1.527727797048379E-001,
9.671638575775776E+008,1.511328097321504E-001,
9.721487228228228E+008,1.516163421147435E-001,
9.771335880680680E+008,1.511415877466564E-001,
9.821184533133134E+008,1.485574390871944E-001,
9.871033185585586E+008,1.450565113733772E-001,
9.920881838038038E+008,1.428790086818179E-001,
9.970730490490490E+008,1.401069417124364E-001,
1.002057914294294E+009,1.376350606177421E-001,
1.007042779539540E+009,1.357060259416375E-001,
1.012027644784785E+009,1.339246367595037E-001,
1.017012510030030E+009,1.306492456479684E-001,
1.021997375275275E+009,1.273195219156430E-001,
1.026982240520521E+009,1.236763966337817E-001,
1.031967105765766E+009,1.206521417889274E-001,
1.036951971011011E+009,1.174186793190199E-001,
1.041936836256256E+009,1.144179352568360E-001,
1.046921701501502E+009,1.113274810560718E-001,
1.051906566746747E+009,1.097332479146286E-001,
1.056891431991992E+009,1.074842862194741E-001,
1.061876297237237E+009,1.054136204552843E-001,
1.066861162482482E+009,1.038538110917508E-001,
1.071846027727728E+009,1.035861287400678E-001,
1.076830892972973E+009,1.037075628680716E-001,
1.081815758218218E+009,1.057777427114113E-001,
1.086800623463464E+009,1.079678973829113E-001,
1.091785488708709E+009,1.111141773297639E-001,
1.096770353953954E+009,1.156960568861359E-001,
1.101755219199199E+009,1.193286629989910E-001,
1.106740084444444E+009,1.215948247585193E-001,
1.111724949689690E+009,1.237130969564149E-001,
1.116709814934935E+009,1.241630006644744E-001,
1.121694680180180E+009,1.241004964954489E-001,
1.126679545425426E+009,1.229838730007863E-001,
1.131664410670671E+009,1.209819483063095E-001,
1.136649275915916E+009,1.187323943184786E-001,
1.141634141161161E+009,1.144106247992769E-001,
1.146619006406406E+009,1.095785022828658E-001,
1.151603871651652E+009,1.051380784272769E-001,
1.156588736896897E+009,1.014797684643083E-001,
1.161573602142142E+009,9.753961772107112E-002,
1.166558467387388E+009,9.482133185179027E-002,
1.171543332632633E+009,9.165207934395932E-002,
1.176528197877878E+009,8.920408287908303E-002,
1.181513063123123E+009,8.795913424995581E-002,
1.186497928368368E+009,8.824069283452454E-002,
1.191482793613614E+009,8.840166378929355E-002,
1.196467658858859E+009,8.876699573217957E-002,
1.201452524104104E+009,8.837575292598725E-002,
1.206437389349349E+009,8.964131144512376E-002,
1.211422254594595E+009,8.986473870381967E-002,
1.216407119839840E+009,8.916108940013001E-002,
1.221391985085085E+009,8.733996690509750E-002,
1.226376850330330E+009,8.489701430147004E-002,
1.231361715575576E+009,8.362667142515154E-002,
1.236346580820821E+009,8.212568408519581E-002,
1.241331446066066E+009,8.046657399126427E-002,
1.246316311311311E+009,7.978359874949104E-002,
1.251301176556557E+009,7.892369797090269E-002,
1.256286041801802E+009,7.808793944047014E-002,
1.261270907047047E+009,7.845932824065258E-002,
1.266255772292292E+009,7.951053167315104E-002,
1.271240637537538E+009,8.093305104167908E-002,
1.276225502782783E+009,8.113476364133748E-002,
1.281210368028028E+009,8.162349588869679E-002,
1.286195233273273E+009,8.297917866313327E-002,
1.291180098518518E+009,8.513935193449385E-002,
1.296164963763764E+009,8.660585482641997E-002,
1.301149829009009E+009,8.829403500509241E-002,
1.306134694254254E+009,8.896066272679440E-002,
1.311119559499500E+009,8.733937108167421E-002,
1.316104424744745E+009,8.456772207263254E-002,
1.321089289989990E+009,8.193716443083109E-002,
1.326074155235235E+009,7.852464021848478E-002,
1.331059020480480E+009,7.524259527199173E-002,
1.336043885725726E+009,7.206138875350657E-002,
1.341028750970971E+009,6.884293466105899E-002,
1.346013616216216E+009,6.588269961688306E-002,
1.350998481461462E+009,6.433375578450845E-002,
1.355983346706707E+009,6.387915034332663E-002,
1.360968211951952E+009,6.388434593817019E-002,
1.365953077197197E+009,6.420779970399691E-002,
1.370937942442442E+009,6.407908866942462E-002,
1.375922807687688E+009,6.404044065027423E-002,
1.380907672932933E+009,6.428375208948858E-002,
1.385892538178178E+009,6.501895458283385E-002,
1.390877403423424E+009,6.525811972564152E-002,
1.395862268668669E+009,6.559595884234036E-002,
1.400847133913914E+009,6.559902941712932E-002,
1.405831999159159E+009,6.570148650969214E-002,
1.410816864404404E+009,6.507232154672353E-002,
1.415801729649650E+009,6.470959929851139E-002,
1.420786594894895E+009,6.376040119518504E-002,
1.425771460140140E+009,6.205986836861711E-002,
1.430756325385386E+009,6.189941775604918E-002,
1.435741190630631E+009,6.113775158761333E-002,
1.440726055875876E+009,6.043776682602541E-002,
1.445710921121121E+009,5.994316852075117E-002,
1.450695786366366E+009,6.034497807927797E-002,
1.455680651611612E+009,6.084749343163308E-002,
1.460665516856857E+009,6.152478704988710E-002,
1.465650382102102E+009,6.131986576292883E-002,
1.470635247347347E+009,5.988687134661433E-002,
1.475620112592593E+009,5.849046565063689E-002,
1.480604977837838E+009,5.738634585537815E-002,
1.485589843083083E+009,5.669007737049617E-002,
1.490574708328328E+009,5.563627067120987E-002,
1.495559573573574E+009,5.519370387308101E-002,
1.500544438818819E+009,5.402139538262818E-002,
1.505529304064064E+009,5.328123829575598E-002,
1.510514169309309E+009,5.177614194376706E-002,
1.515499034554555E+009,5.037469434821205E-002,
1.520483899799800E+009,4.902124726195196E-002,
1.525468765045045E+009,4.796012269975829E-002,
1.530453630290290E+009,4.650692773037853E-002,
1.535438495535536E+009,4.546032457994004E-002,
1.540423360780781E+009,4.475180619056378E-002,
1.545408226026026E+009,4.506667788850536E-002,
1.550393091271271E+009,4.571278657717652E-002,
1.555377956516516E+009,4.581516170773384E-002,
1.560362821761762E+009,4.612006044412473E-002,
1.565347687007007E+009,4.604859676099487E-002,
1.570332552252252E+009,4.618926941774038E-002,
1.575317417497498E+009,4.545802289823926E-002,
1.580302282742743E+009,4.447461374358416E-002,
1.585287147987988E+009,4.361584902210937E-002,
1.590272013233233E+009,4.242324358798204E-002,
1.595256878478478E+009,4.164618657418973E-002,
1.600241743723724E+009,4.122586461530846E-002,
1.605226608968969E+009,4.034828279665737E-002,
1.610211474214214E+009,4.004818634215795E-002,
1.615196339459460E+009,4.021836646670810E-002,
1.620181204704705E+009,4.022607072134073E-002,
1.625166069949950E+009,4.051761983831014E-002,
1.630150935195195E+009,4.068068503737185E-002,
1.635135800440440E+009,4.072509088175603E-002,
1.640120665685686E+009,4.065213879910905E-002,
1.645105530930931E+009,3.994639587572828E-002,
1.650090396176176E+009,3.954904034469611E-002,
1.655075261421422E+009,3.916325199832538E-002,
1.660060126666667E+009,3.872735362719895E-002,
1.665044991911912E+009,3.776456984946492E-002,
1.670029857157157E+009,3.674264512520784E-002,
1.675014722402402E+009,3.615477707250960E-002,
1.679999587647648E+009,3.504385751559345E-002,
1.684984452892893E+009,3.373161884743717E-002,
1.689969318138138E+009,3.183854338378575E-002,
1.694954183383384E+009,3.031613486795588E-002,
1.699939048628629E+009,2.799497839385060E-002,
1.704923913873874E+009,2.553256524405419E-002,
1.709908779119119E+009,2.332944225920247E-002,
1.714893644364364E+009,2.146035090898336E-002,
1.719878509609610E+009,1.903522088284141E-002,
1.724863374854855E+009,1.687228950194497E-002,
1.729848240100100E+009,1.416009676858363E-002,
1.734833105345345E+009,1.204835469960900E-002,
1.739817970590591E+009,1.021000559659566E-002,
1.744802835835836E+009,1.005926261327414E-002,
1.749787701081081E+009,1.119620268303152E-002,
1.754772566326326E+009,1.279917351446886E-002,
1.759757431571572E+009,1.454318877510555E-002,
1.764742296816817E+009,1.664526452288969E-002,
1.769727162062062E+009,1.948663976909128E-002,
1.774712027307307E+009,2.160540601694140E-002,
1.779696892552553E+009,2.345297869409608E-002,
1.784681757797798E+009,2.535707584730372E-002,
1.789666623043043E+009,2.787773736819628E-002,
1.794651488288288E+009,3.072843402723940E-002,
1.799636353533534E+009,3.347444524615487E-002,
1.804621218778779E+009,3.553398509521872E-002,
1.809606084024024E+009,3.699854239606527E-002,
1.814590949269269E+009,3.776362833145216E-002,
1.819575814514514E+009,3.845535333549870E-002,
1.824560679759760E+009,3.907097190791391E-002,
1.829545545005005E+009,3.962845887528858E-002,
1.834530410250250E+009,3.944731743055388E-002,
1.839515275495496E+009,3.969592281828657E-002,
1.844500140740741E+009,3.919764244447558E-002,
1.849485005985986E+009,3.913451974712150E-002,
1.854469871231231E+009,3.928994463568557E-002,
1.859454736476476E+009,3.833921759744283E-002,
1.864439601721722E+009,3.777555808400143E-002,
1.869424466966967E+009,3.682990733826085E-002,
1.874409332212212E+009,3.581009167725166E-002,
1.879394197457458E+009,3.441680614556752E-002,
1.884379062702703E+009,3.248731498403846E-002,
1.889363927947948E+009,3.060307925025670E-002,
1.894348793193193E+009,2.925108886677749E-002,
1.899333658438438E+009,2.823008756967499E-002,
1.904318523683684E+009,2.722803576453736E-002,
1.909303388928929E+009,2.622599907496807E-002,
1.914288254174174E+009,2.484988223508308E-002,
1.919273119419420E+009,2.345676272470785E-002,
1.924257984664665E+009,2.186269911314830E-002,
1.929242849909910E+009,2.010664360982899E-002,
1.934227715155155E+009,1.872019838113662E-002,
1.939212580400400E+009,1.772301019196423E-002,
1.944197445645646E+009,1.754371278306911E-002,
1.949182310890891E+009,1.756865987465516E-002,
1.954167176136136E+009,1.776667959717747E-002,
1.959152041381382E+009,1.839274018823917E-002,
1.964136906626627E+009,1.915799805069224E-002,
1.969121771871872E+009,2.006381458501417E-002,
1.974106637117117E+009,2.087261878935254E-002,
1.979091502362362E+009,2.188441040250035E-002,
1.984076367607608E+009,2.163998570667587E-002,
1.989061232852853E+009,2.229966024158667E-002,
1.994046098098098E+009,2.237442914443968E-002,
1.999030963343343E+009,2.260424503804621E-002,
2.004015828588589E+009,2.319766096061738E-002,
2.009000693833834E+009,2.338818526094984E-002,
2.013985559079079E+009,2.346558230772710E-002,
2.018970424324324E+009,2.316200857190717E-002,
2.023955289569570E+009,2.379409416675907E-002,
2.028940154814815E+009,2.404789042445913E-002,
2.033925020060060E+009,2.420730017658728E-002,
2.038909885305305E+009,2.451037466808951E-002,
2.043894750550551E+009,2.383774148879225E-002,
2.048879615795796E+009,2.312894196511795E-002,
2.053864481041041E+009,2.226323873818800E-002,
2.058849346286286E+009,2.230651709392412E-002,
2.063834211531532E+009,2.215137333938997E-002,
2.068819076776777E+009,2.248879846267688E-002,
2.073803942022022E+009,2.239375172980920E-002,
2.078788807267267E+009,2.129348105384825E-002,
2.083773672512512E+009,2.075548026677491E-002,
2.088758537757758E+009,2.033485077988973E-002,
2.093743403003003E+009,2.029219746794345E-002,
2.098728268248248E+009,2.066326013713604E-002,
2.103713133493494E+009,2.131493780317318E-002,
2.108697998738739E+009,2.143061319170710E-002,
2.113682863983984E+009,2.195464068070867E-002,
2.118667729229229E+009,2.259875922106843E-002,
2.123652594474474E+009,2.305666184419149E-002,
2.128637459719720E+009,2.294161111036517E-002,
2.133622324964965E+009,2.329386326530904E-002,
2.138607190210210E+009,2.327286647437410E-002,
2.143592055455456E+009,2.247325210715662E-002,
2.148576920700701E+009,2.253163075949194E-002,
2.153561785945946E+009,2.267036365387900E-002,
2.158546651191191E+009,2.282119162384723E-002,
2.163531516436437E+009,2.216675483334950E-002,
2.168516381681682E+009,2.264696978575296E-002,
2.173501246926927E+009,2.282571233217718E-002,
2.178486112172172E+009,2.316822572548082E-002,
2.183470977417418E+009,2.324139011270714E-002,
2.188455842662663E+009,2.345747395986156E-002,
2.193440707907908E+009,2.383729780446132E-002,
2.198425573153153E+009,2.468737244441408E-002,
2.203410438398398E+009,2.449775670863260E-002,
2.208395303643644E+009,2.493781830134733E-002,
2.213380168888889E+009,2.545436677254893E-002,
2.218365034134134E+009,2.559505139651452E-002,
2.223349899379379E+009,2.589917418563515E-002,
2.228334764624625E+009,2.592397271891330E-002,
2.233319629869870E+009,2.576450562178306E-002,
2.238304495115115E+009,2.482523447097822E-002,
2.243289360360360E+009,2.415717682806119E-002,
2.248274225605606E+009,2.277300961917220E-002,
2.253259090850851E+009,2.186074641122500E-002,
2.258243956096096E+009,2.148201311011418E-002,
2.263228821341342E+009,2.101618630436931E-002,
2.268213686586587E+009,2.061694582267665E-002,
2.273198551831832E+009,2.156271003203336E-002,
2.278183417077077E+009,2.237299966376202E-002,
2.283168282322322E+009,2.324463763923393E-002,
2.288153147567567E+009,2.447267094245656E-002,
2.293138012812813E+009,2.541130077111780E-002,
2.298122878058058E+009,2.662039700718168E-002,
2.303107743303303E+009,2.803436357809168E-002,
2.308092608548549E+009,2.927386902559927E-002,
2.313077473793794E+009,3.033471808320267E-002,
2.318062339039039E+009,3.056855070875008E-002,
2.323047204284284E+009,3.129932932816150E-002,
2.328032069529530E+009,3.143097855489509E-002,
2.333016934774775E+009,3.073395638571251E-002,
2.338001800020020E+009,3.060755218502417E-002,
2.342986665265266E+009,2.964356065357719E-002,
2.347971530510510E+009,2.884559271439730E-002,
2.352956395755756E+009,2.789523029324782E-002,
2.357941261001001E+009,2.755102802799484E-002,
2.362926126246246E+009,2.751588828543887E-002,
2.367910991491491E+009,2.732455812917609E-002,
2.372895856736737E+009,2.701016039998868E-002,
2.377880721981982E+009,2.657487083870601E-002,
2.382865587227227E+009,2.595847942697255E-002,
2.387850452472473E+009,2.593344541124839E-002,
2.392835317717718E+009,2.579743163615161E-002,
2.397820182962963E+009,2.541272771949114E-002,
2.402805048208208E+009,2.496620473766571E-002,
2.407789913453454E+009,2.553709465035301E-002,
2.412774778698699E+009,2.587605348095750E-002,
2.417759643943944E+009,2.623495784841162E-002,
2.422744509189189E+009,2.689106665129362E-002,
2.427729374434434E+009,2.703374259102915E-002,
2.432714239679680E+009,2.621372871388024E-002,
2.437699104924925E+009,2.628192738482799E-002,
2.442683970170170E+009,2.575530007834722E-002,
2.447668835415415E+009,2.577124065888189E-002,
2.452653700660661E+009,2.551368927263632E-002,
2.457638565905906E+009,2.493087061792140E-002,
2.462623431151151E+009,2.435286287869756E-002,
2.467608296396397E+009,2.426385090950750E-002,
2.472593161641642E+009,2.344740803836402E-002,
2.477578026886887E+009,2.317071069116032E-002,
2.482562892132132E+009,2.269802333629628E-002,
2.487547757377378E+009,2.295478519270099E-002,
2.492532622622623E+009,2.207563867072741E-002,
2.497517487867868E+009,2.304809518744373E-002,
2.502502353113113E+009,2.363419670731668E-002,
2.507487218358358E+009,2.455055824780311E-002,
2.512472083603604E+009,2.525681927325586E-002,
2.517456948848849E+009,2.608602002660163E-002,
2.522441814094094E+009,2.622762262240615E-002,
2.527426679339339E+009,2.741318856325673E-002,
2.532411544584585E+009,2.803513289794248E-002,
2.537396409829830E+009,2.937392781583385E-002,
2.542381275075075E+009,3.044096336835936E-002,
2.547366140320320E+009,3.030842398482396E-002,
2.552351005565566E+009,3.174672390748269E-002,
2.557335870810811E+009,3.228023598721579E-002,
2.562320736056056E+009,3.276341805161046E-002,
2.567305601301302E+009,3.303080214257539E-002,
2.572290466546547E+009,3.318466811712182E-002,
2.577275331791792E+009,3.377946074479171E-002,
2.582260197037037E+009,3.421865149070283E-002,
2.587245062282282E+009,3.498645746398685E-002,
2.592229927527527E+009,3.513058987171853E-002,
2.597214792772773E+009,3.613789410101295E-002,
2.602199658018018E+009,3.668226694517415E-002,
2.607184523263263E+009,3.708774511912641E-002,
2.612169388508509E+009,3.707426986071791E-002,
2.617154253753754E+009,3.779385521416449E-002,
2.622139118998999E+009,3.867040331862344E-002,
2.627123984244244E+009,3.985667260915993E-002,
2.632108849489490E+009,4.061833317316501E-002,
2.637093714734735E+009,4.173471228438390E-002,
2.642078579979980E+009,4.207785012374431E-002,
2.647063445225225E+009,4.285391362413082E-002,
2.652048310470470E+009,4.301901581213355E-002,
2.657033175715716E+009,4.359644976972549E-002,
2.662018040960961E+009,4.353496122128295E-002,
2.667002906206206E+009,4.364378728602329E-002,
2.671987771451451E+009,4.347672273870596E-002,
2.676972636696697E+009,4.331263272374265E-002,
2.681957501941942E+009,4.387951633589271E-002,
2.686942367187187E+009,4.379403986572773E-002,
2.691927232432433E+009,4.461198538098406E-002,
2.696912097677678E+009,4.481860683509305E-002,
2.701896962922923E+009,4.509078154448379E-002,
2.706881828168168E+009,4.578653523354650E-002,
2.711866693413414E+009,4.664080804648458E-002,
2.716851558658659E+009,4.685641174622983E-002,
2.721836423903904E+009,4.721980545805055E-002,
2.726821289149149E+009,4.673660189395030E-002,
2.731806154394394E+009,4.662644403340543E-002,
2.736791019639640E+009,4.658088726248499E-002,
2.741775884884885E+009,4.624992259313854E-002,
2.746760750130130E+009,4.546237632068084E-002,
2.751745615375375E+009,4.529994071478539E-002,
2.756730480620621E+009,4.461309574521684E-002,
2.761715345865866E+009,4.431419428618121E-002,
2.766700211111111E+009,4.380937736852431E-002,
2.771685076356356E+009,4.345694614934305E-002,
2.776669941601602E+009,4.245340726429095E-002,
2.781654806846847E+009,4.176246959530452E-002,
2.786639672092092E+009,4.098153796970956E-002,
2.791624537337338E+009,3.939977859097779E-002,
2.796609402582583E+009,3.851545374178820E-002,
2.801594267827828E+009,3.767741703852248E-002,
2.806579133073073E+009,3.627904436709744E-002,
2.811563998318318E+009,3.532592874542502E-002,
2.816548863563564E+009,3.472767355081972E-002,
2.821533728808809E+009,3.433047769608100E-002,
2.826518594054054E+009,3.378898648268969E-002,
2.831503459299299E+009,3.426885937844788E-002,
2.836488324544545E+009,3.439976154062633E-002,
2.841473189789790E+009,3.406527019633083E-002,
2.846458055035035E+009,3.438706931720699E-002,
2.851442920280280E+009,3.412834315183350E-002,
2.856427785525526E+009,3.448845857195138E-002,
2.861412650770771E+009,3.489644350479079E-002,
2.866397516016016E+009,3.463948126774450E-002,
2.871382381261262E+009,3.482125094660398E-002,
2.876367246506506E+009,3.473914094307959E-002,
2.881352111751752E+009,3.396694672150846E-002,
2.886336976996997E+009,3.399814016201362E-002,
2.891321842242242E+009,3.317487521819022E-002,
2.896306707487487E+009,3.194817864875835E-002,
2.901291572732733E+009,3.050705206942946E-002,
2.906276437977978E+009,2.886335009045499E-002,
2.911261303223223E+009,2.793644876745290E-002,
2.916246168468469E+009,2.618331366259467E-002,
2.921231033713714E+009,2.593977376488874E-002,
2.926215898958959E+009,2.562345112409747E-002,
2.931200764204204E+009,2.558060244898075E-002,
2.936185629449450E+009,2.519340812090445E-002,
2.941170494694695E+009,2.483063536164217E-002,
2.946155359939940E+009,2.538427935414426E-002,
2.951140225185185E+009,2.521538123749220E-002,
2.956125090430430E+009,2.556568879585552E-002,
2.961109955675676E+009,2.537578181871349E-002,
2.966094820920921E+009,2.482394581288653E-002,
2.971079686166166E+009,2.502228120011216E-002,
2.976064551411411E+009,2.465764774054123E-002,
2.981049416656657E+009,2.434423466055681E-002,
2.986034281901902E+009,2.361615031285918E-002,
2.991019147147147E+009,2.353944517732620E-002,
2.996004012392393E+009,2.217561587294767E-002,
3.000988877637638E+009,2.182232021001085E-002,
3.005973742882883E+009,2.059560023369135E-002,
3.010958608128128E+009,1.968307873175699E-002,
3.015943473373374E+009,1.965285998871432E-002,
3.020928338618619E+009,1.895744175900069E-002,
3.025913203863864E+009,1.839750565690253E-002,
3.030898069109109E+009,1.833240319775377E-002,
3.035882934354354E+009,1.867938958822775E-002,
3.040867799599600E+009,1.889382021443723E-002,
3.045852664844845E+009,1.953603791485372E-002,
3.050837530090090E+009,1.973839153180242E-002,
3.055822395335335E+009,2.005199554677543E-002,
3.060807260580581E+009,1.964376009023820E-002,
3.065792125825826E+009,1.949665532941240E-002,
3.070776991071071E+009,1.894419315413224E-002,
3.075761856316316E+009,1.968378774471397E-002,
3.080746721561562E+009,1.884299697015057E-002,
3.085731586806807E+009,1.828351213771172E-002,
3.090716452052052E+009,1.762212318264739E-002,
3.095701317297298E+009,1.700093109537438E-002,
3.100686182542543E+009,1.657381942627894E-002,
3.105671047787788E+009,1.616003611876513E-002,
3.110655913033033E+009,1.569903084557030E-002,
3.115640778278278E+009,1.553889516177236E-002,
3.120625643523523E+009,1.497533770275531E-002,
3.125610508768769E+009,1.453748156448112E-002,
3.130595374014014E+009,1.457378909320449E-002,
3.135580239259259E+009,1.424734616828096E-002,
3.140565104504505E+009,1.445438295932399E-002,
3.145549969749750E+009,1.476966398302551E-002,
3.150534834994995E+009,1.539336106669899E-002,
3.155519700240240E+009,1.585178532182032E-002,
3.160504565485486E+009,1.617511873268981E-002,
3.165489430730731E+009,1.578603427295343E-002,
3.170474295975976E+009,1.547929062298540E-002,
3.175459161221221E+009,1.485581871452724E-002,
3.180444026466466E+009,1.478530120488165E-002,
3.185428891711712E+009,1.450410574874968E-002,
3.190413756956957E+009,1.420734252231612E-002,
3.195398622202202E+009,1.383558306414745E-002,
3.200383487447447E+009,1.300351117038206E-002,
3.205368352692693E+009,1.312043511196341E-002,
3.210353217937938E+009,1.257184191630152E-002,
3.215338083183183E+009,1.234481917638080E-002,
3.220322948428429E+009,1.221281852617107E-002,
3.225307813673674E+009,1.188017876417549E-002,
3.230292678918919E+009,1.171387577106358E-002,
3.235277544164164E+009,1.144553389759642E-002,
3.240262409409410E+009,1.117118013827801E-002,
3.245247274654655E+009,1.108821673463089E-002,
3.250232139899900E+009,1.115745279690046E-002,
3.255217005145145E+009,1.120784672253155E-002,
3.260201870390390E+009,1.110017773224778E-002,
3.265186735635636E+009,1.095710256748006E-002,
3.270171600880881E+009,1.081235109433523E-002,
3.275156466126126E+009,1.070949617607775E-002,
3.280141331371371E+009,1.060748637139639E-002,
3.285126196616617E+009,1.033273694813685E-002,
3.290111061861862E+009,1.011638744823414E-002,
3.295095927107107E+009,9.834719342752174E-003,
3.300080792352352E+009,9.562431543601483E-003,
3.305065657597598E+009,9.120976284939087E-003,
3.310050522842843E+009,8.945520432532612E-003,
3.315035388088088E+009,8.682734630760636E-003,
3.320020253333334E+009,8.550405624108731E-003,
3.325005118578579E+009,8.378913213891446E-003,
3.329989983823824E+009,8.327130750208770E-003,
3.334974849069069E+009,8.456603441582982E-003,
3.339959714314314E+009,8.630615011524215E-003,
3.344944579559560E+009,8.771683851891881E-003,
3.349929444804805E+009,8.898670306763383E-003,
3.354914310050050E+009,9.241774927439354E-003,
3.359899175295295E+009,9.369553892473707E-003,
3.364884040540541E+009,9.520469251676336E-003,
3.369868905785786E+009,9.735179780113063E-003,
3.374853771031031E+009,1.000841627457547E-002,
3.379838636276276E+009,1.029888458920391E-002,
3.384823501521522E+009,1.061117011938863E-002,
3.389808366766767E+009,1.093214630152947E-002,
3.394793232012012E+009,1.148243796557173E-002,
3.399778097257258E+009,1.190101814384465E-002,
3.404762962502502E+009,1.231220457931445E-002,
3.409747827747748E+009,1.264342405167407E-002,
3.414732692992993E+009,1.290623224647499E-002,
3.419717558238238E+009,1.327398579097636E-002,
3.424702423483483E+009,1.376293219372075E-002,
3.429687288728729E+009,1.416474854087013E-002,
3.434672153973974E+009,1.452123925305799E-002,
3.439657019219219E+009,1.493615329286177E-002,
3.444641884464465E+009,1.532770338779752E-002,
3.449626749709710E+009,1.579720895880752E-002,
3.454611614954955E+009,1.614066088435547E-002,
3.459596480200200E+009,1.646276830788260E-002,
3.464581345445446E+009,1.664396232911053E-002,
3.469566210690691E+009,1.686679583220952E-002,
3.474551075935936E+009,1.703624722534270E-002,
3.479535941181181E+009,1.769602840831033E-002,
3.484520806426426E+009,1.744290843794471E-002,
3.489505671671672E+009,1.754229943379278E-002,
3.494490536916917E+009,1.773877235093572E-002,
3.499475402162162E+009,1.844889198533567E-002,
3.504460267407407E+009,1.887692173059663E-002,
3.509445132652653E+009,1.902171513861133E-002,
3.514429997897898E+009,1.830257927486252E-002,
3.519414863143143E+009,1.916570686508440E-002,
3.524399728388389E+009,1.854188325916423E-002,
3.529384593633634E+009,1.932933387757990E-002,
3.534369458878879E+009,1.877278090628427E-002,
3.539354324124124E+009,1.874617922760399E-002,
3.544339189369370E+009,1.861098797417386E-002,
3.549324054614615E+009,1.846519969560928E-002,
3.554308919859860E+009,1.830170905150413E-002,
3.559293785105105E+009,1.910219872405975E-002,
3.564278650350350E+009,1.917983480292943E-002,
3.569263515595596E+009,1.933713277755663E-002,
3.574248380840841E+009,1.965732374122950E-002,
3.579233246086086E+009,1.956266180722153E-002,
3.584218111331331E+009,2.037427297959751E-002,
3.589202976576577E+009,2.007261233281625E-002,
3.594187841821822E+009,2.068110711316185E-002,
3.599172707067067E+009,2.137250190231244E-002,
3.604157572312312E+009,2.206108132382289E-002,
3.609142437557558E+009,2.300197677120077E-002,
3.614127302802803E+009,2.235517327825293E-002,
3.619112168048048E+009,2.300696882169473E-002,
3.624097033293294E+009,2.309758299387964E-002,
3.629081898538539E+009,2.254689771988150E-002,
3.634066763783784E+009,2.217921256022859E-002,
3.639051629029029E+009,2.276227486973036E-002,
3.644036494274274E+009,2.128668077872745E-002,
3.649021359519519E+009,2.101254030726595E-002,
3.654006224764765E+009,2.085411330648916E-002,
3.658991090010010E+009,2.050955101127605E-002,
3.663975955255255E+009,1.951882639955940E-002,
3.668960820500501E+009,2.139924255289715E-002,
3.673945685745746E+009,2.062953399286803E-002,
3.678930550990991E+009,2.117820399069820E-002,
3.683915416236236E+009,2.076388536321511E-002,
3.688900281481482E+009,2.042838702833224E-002,
3.693885146726727E+009,2.089668812572431E-002,
3.698870011971972E+009,2.093298440137078E-002,
3.703854877217217E+009,2.110317209737017E-002,
3.708839742462462E+009,2.112461006634337E-002,
3.713824607707708E+009,2.041610297432456E-002,
3.718809472952953E+009,2.101484321351738E-002,
3.723794338198198E+009,2.036465549854977E-002,
3.728779203443443E+009,2.104545136937337E-002,
3.733764068688689E+009,1.999286085339048E-002,
3.738748933933934E+009,2.035194480927113E-002,
3.743733799179179E+009,1.978260463119047E-002,
3.748718664424425E+009,1.992596973903295E-002,
3.753703529669670E+009,1.977289853703448E-002,
3.758688394914915E+009,2.013444675315307E-002,
3.763673260160160E+009,2.000736337135821E-002,
3.768658125405406E+009,2.059829570448884E-002,
3.773642990650651E+009,2.017340424459141E-002,
3.778627855895896E+009,2.101291197301812E-002,
3.783612721141141E+009,2.152567351651831E-002,
3.788597586386386E+009,2.149394310524378E-002,
3.793582451631632E+009,2.184936180373160E-002,
3.798567316876877E+009,2.131437534631575E-002,
3.803552182122122E+009,2.159529529153434E-002,
3.808537047367367E+009,2.095943199475787E-002,
3.813521912612613E+009,2.060522461389041E-002,
3.818506777857858E+009,1.962084128347575E-002,
3.823491643103103E+009,1.949078634874324E-002,
3.828476508348349E+009,1.934608275220879E-002,
3.833461373593594E+009,1.897634987872213E-002,
3.838446238838839E+009,1.865740396283685E-002,
3.843431104084084E+009,1.928953421179207E-002,
3.848415969329330E+009,1.876005149468713E-002,
3.853400834574575E+009,1.844888482212372E-002,
3.858385699819820E+009,1.729575210434547E-002,
3.863370565065065E+009,1.792317639857884E-002,
3.868355430310310E+009,1.754488677430126E-002,
3.873340295555556E+009,1.760840988229820E-002,
3.878325160800801E+009,1.786319475426321E-002,
3.883310026046046E+009,1.802681150691881E-002,
3.888294891291291E+009,1.751542118107464E-002,
3.893279756536537E+009,1.764599522001174E-002,
3.898264621781782E+009,1.779173946021685E-002,
3.903249487027027E+009,1.758138830362211E-002,
3.908234352272272E+009,1.771946333340452E-002,
3.913219217517518E+009,1.731834669146820E-002,
3.918204082762763E+009,1.648247651314799E-002,
3.923188948008008E+009,1.659428904399397E-002,
3.928173813253254E+009,1.676616199107776E-002,
3.933158678498498E+009,1.651403870493733E-002,
3.938143543743744E+009,1.618185229928598E-002,
3.943128408988989E+009,1.719352847619925E-002,
3.948113274234234E+009,1.725919565580246E-002,
3.953098139479479E+009,1.776420763422023E-002,
3.958083004724725E+009,1.764195069393982E-002,
3.963067869969970E+009,1.831163249173966E-002,
3.968052735215215E+009,1.845364350273942E-002,
3.973037600460461E+009,1.887740308177688E-002,
3.978022465705706E+009,1.844337631833634E-002,
3.983007330950951E+009,1.871743764883848E-002,
3.987992196196196E+009,1.829472961846480E-002,
3.992977061441442E+009,1.843019676009817E-002,
3.997961926686687E+009,1.817125205764785E-002,
4.002946791931932E+009,1.849730485900095E-002,
4.007931657177177E+009,1.745980875161911E-002,
4.012916522422422E+009,1.641658005225764E-002,
4.017901387667668E+009,1.695133460411223E-002,
4.022886252912913E+009,1.677575629130390E-002,
4.027871118158158E+009,1.573384630037682E-002,
4.032855983403403E+009,1.699555795991565E-002,
4.037840848648649E+009,1.601488033684022E-002,
4.042825713893894E+009,1.594164292927411E-002,
4.047810579139139E+009,1.657485940492757E-002,
4.052795444384385E+009,1.754867949986552E-002,
4.057780309629630E+009,1.663899758463790E-002,
4.062765174874875E+009,1.775409139955383E-002,
4.067750040120120E+009,1.770530707119960E-002,
4.072734905365366E+009,1.768014734165896E-002,
4.077719770610611E+009,1.781900427440395E-002,
4.082704635855856E+009,1.795983868298090E-002,
4.087689501101101E+009,1.791674543190586E-002,
4.092674366346346E+009,1.732270526130496E-002,
4.097659231591592E+009,1.755593456562111E-002,
4.102644096836837E+009,1.674376558623487E-002,
4.107628962082082E+009,1.640831476480570E-002,
4.112613827327327E+009,1.634889081421363E-002,
4.117598692572573E+009,1.594414633693083E-002,
4.122583557817818E+009,1.627859598379336E-002,
4.127568423063063E+009,1.564345974045928E-002,
4.132553288308308E+009,1.610151024746112E-002,
4.137538153553554E+009,1.569143244153291E-002,
4.142523018798799E+009,1.625516286447971E-002,
4.147507884044044E+009,1.640398129795381E-002,
4.152492749289290E+009,1.658584849233083E-002,
4.157477614534535E+009,1.699925358509622E-002,
4.162462479779780E+009,1.734303513579004E-002,
4.167447345025025E+009,1.763785016860838E-002,
4.172432210270270E+009,1.781818006514986E-002,
4.177417075515515E+009,1.796984151334083E-002,
4.182401940760761E+009,1.810339957752872E-002,
4.187386806006006E+009,1.826392104220895E-002,
4.192371671251251E+009,1.824562874284175E-002,
4.197356536496497E+009,1.819963003152075E-002,
4.202341401741742E+009,1.796054661923961E-002,
4.207326266986987E+009,1.755035901795799E-002,
4.212311132232232E+009,1.717105743540225E-002,
4.217295997477478E+009,1.686382556160529E-002,
4.222280862722723E+009,1.671029553193415E-002,
4.227265727967968E+009,1.650267650990500E-002,
4.232250593213213E+009,1.639984668099209E-002,
4.237235458458458E+009,1.642124942273271E-002,
4.242220323703704E+009,1.664665798073792E-002,
4.247205188948949E+009,1.697227534579269E-002,
4.252190054194194E+009,1.749104766220976E-002,
4.257174919439439E+009,1.800393773043547E-002,
4.262159784684685E+009,1.854167122445068E-002,
4.267144649929930E+009,1.898320977895769E-002,
4.272129515175175E+009,1.939372756695671E-002,
4.277114380420421E+009,1.977701013072369E-002,
4.282099245665666E+009,1.993357857208463E-002,
4.287084110910911E+009,2.083175878538311E-002,
4.292068976156156E+009,2.081788187890223E-002,
4.297053841401402E+009,2.073031277596288E-002,
4.302038706646647E+009,2.009821064252627E-002,
4.307023571891892E+009,1.975917862276382E-002,
4.312008437137137E+009,2.008219138953743E-002,
4.316993302382382E+009,1.983377978947935E-002,
4.321978167627627E+009,1.941460399254777E-002,
4.326963032872873E+009,1.905503038214360E-002,
4.331947898118118E+009,1.871725518233887E-002,
4.336932763363363E+009,1.831616047882300E-002,
4.341917628608608E+009,1.909714794938040E-002,
4.346902493853854E+009,1.946098046191809E-002,
4.351887359099099E+009,1.879488201892623E-002,
4.356872224344344E+009,1.878077989450563E-002,
4.361857089589590E+009,1.920201381490369E-002,
4.366841954834835E+009,1.969372008748025E-002,
4.371826820080080E+009,1.913348195186112E-002,
4.376811685325325E+009,1.932814142969006E-002,
4.381796550570571E+009,1.926173329781939E-002,
4.386781415815816E+009,1.991159539838884E-002,
4.391766281061061E+009,1.898497955136276E-002,
4.396751146306306E+009,1.883674464711182E-002,
4.401736011551552E+009,1.820969155777286E-002,
4.406720876796797E+009,1.827339010194476E-002,
4.411705742042042E+009,1.788923882976477E-002,
4.416690607287288E+009,1.766625995210229E-002,
4.421675472532533E+009,1.683567336959695E-002,
4.426660337777778E+009,1.689137936688641E-002,
4.431645203023023E+009,1.703674165859830E-002,
4.436630068268269E+009,1.541727029398712E-002,
4.441614933513514E+009,1.534830062770683E-002,
4.446599798758759E+009,1.531569653326508E-002,
4.451584664004005E+009,1.496521038362744E-002,
4.456569529249250E+009,1.466933597733687E-002,
4.461554394494494E+009,1.439591285688612E-002,
4.466539259739739E+009,1.420156209462041E-002,
4.471524124984985E+009,1.412356952427965E-002,
4.476508990230230E+009,1.397866471819759E-002,
4.481493855475475E+009,1.382680086545655E-002,
4.486478720720720E+009,1.377048355076501E-002,
4.491463585965966E+009,1.373807772998401E-002,
4.496448451211211E+009,1.378137047323661E-002,
4.501433316456456E+009,1.390485994163333E-002,
4.506418181701702E+009,1.394680088732849E-002,
4.511403046946947E+009,1.384745300533408E-002,
4.516387912192192E+009,1.375688631946842E-002,
4.521372777437437E+009,1.340410368799942E-002,
4.526357642682683E+009,1.315843063011141E-002,
4.531342507927928E+009,1.258137191885226E-002,
4.536327373173173E+009,1.196717718374351E-002,
4.541312238418419E+009,1.141534969953205E-002,
4.546297103663664E+009,1.073932100053466E-002,
4.551281968908909E+009,1.014231260599284E-002,
4.556266834154154E+009,9.536069864492082E-003,
4.561251699399400E+009,9.114343452878090E-003,
4.566236564644645E+009,8.728212009222287E-003,
4.571221429889890E+009,8.523900405992938E-003,
4.576206295135135E+009,8.404871716590861E-003,
4.581191160380381E+009,8.391703697265147E-003,
4.586176025625626E+009,8.320817834727318E-003,
4.591160890870871E+009,8.318106096336700E-003,
4.596145756116117E+009,8.373789908519213E-003,
4.601130621361362E+009,8.262998806935379E-003,
4.606115486606607E+009,8.250634277149869E-003,
4.611100351851852E+009,8.102926606665737E-003,
4.616085217097097E+009,7.860955925320079E-003,
4.621070082342342E+009,7.484066350435481E-003,
4.626054947587587E+009,7.245029445755451E-003,
4.631039812832833E+009,6.764608569375561E-003,
4.636024678078078E+009,6.416293644820096E-003,
4.641009543323323E+009,6.055459617321739E-003,
4.645994408568568E+009,5.694101411579069E-003,
4.650979273813814E+009,5.405996581177878E-003,
4.655964139059059E+009,5.149219522380092E-003,
4.660949004304304E+009,4.803776113084942E-003,
4.665933869549550E+009,4.537266619926661E-003,
4.670918734794795E+009,4.561722451434278E-003,
4.675903600040040E+009,4.638257691140240E-003,
4.680888465285285E+009,4.744497808212884E-003,
4.685873330530531E+009,4.788289496984415E-003,
4.690858195775776E+009,5.015241449613800E-003,
4.695843061021021E+009,5.039301807121850E-003,
4.700827926266266E+009,5.243882004036663E-003,
4.705812791511512E+009,5.419274589537003E-003,
4.710797656756757E+009,5.645084985892055E-003,
4.715782522002002E+009,5.750446022002404E-003,
4.720767387247248E+009,5.723458433478382E-003,
4.725752252492493E+009,5.704183125938908E-003,
4.730737117737738E+009,5.567729173978585E-003,
4.735721982982983E+009,5.477635651669037E-003,
4.740706848228229E+009,5.172815770430792E-003,
4.745691713473474E+009,4.905262208539714E-003,
4.750676578718719E+009,4.819156163385623E-003,
4.755661443963965E+009,4.741472842562398E-003,
4.760646309209209E+009,4.629841155906049E-003,
4.765631174454454E+009,4.598977850782559E-003,
4.770616039699699E+009,4.710294424243914E-003,
4.775600904944945E+009,4.806562801468452E-003,
4.780585770190190E+009,5.044497542174883E-003,
4.785570635435435E+009,5.353254792080057E-003,
4.790555500680680E+009,5.553577021346734E-003,
4.795540365925926E+009,5.838064304896013E-003,
4.800525231171171E+009,6.041073886268220E-003,
4.805510096416416E+009,6.329528164906135E-003,
4.810494961661662E+009,6.516043445822049E-003,
4.815479826906907E+009,6.537988907262035E-003,
4.820464692152152E+009,6.526267802344017E-003,
4.825449557397397E+009,6.515548336854151E-003,
4.830434422642643E+009,6.310222134100639E-003,
4.835419287887888E+009,6.027762468823785E-003,
4.840404153133133E+009,5.909531263714402E-003,
4.845389018378379E+009,5.657194898375295E-003,
4.850373883623624E+009,5.581133328048138E-003,
4.855358748868869E+009,5.584898017766893E-003,
4.860343614114114E+009,5.465014524766556E-003,
4.865328479359360E+009,5.486526318714581E-003,
4.870313344604605E+009,5.667024827053305E-003,
4.875298209849850E+009,5.683643020276611E-003,
4.880283075095095E+009,5.773879463382330E-003,
4.885267940340341E+009,5.929605852904391E-003,
4.890252805585586E+009,6.092234172644801E-003,
4.895237670830831E+009,6.223666333322391E-003,
4.900222536076077E+009,6.538983329518453E-003,
4.905207401321322E+009,6.717320262922469E-003,
4.910192266566567E+009,6.946752446235090E-003,
4.915177131811811E+009,7.186174467747846E-003,
4.920161997057057E+009,7.418284464660605E-003,
4.925146862302302E+009,7.547313454783181E-003,
4.930131727547547E+009,7.586664736823179E-003,
4.935116592792793E+009,7.655677303386107E-003,
4.940101458038038E+009,7.610411582534875E-003,
4.945086323283283E+009,7.420178497076136E-003,
4.950071188528528E+009,7.197506705216663E-003,
4.955056053773774E+009,7.072762292345735E-003,
4.960040919019019E+009,6.837444884019037E-003,
4.965025784264264E+009,6.703858572505818E-003,
4.970010649509509E+009,6.504221417818825E-003,
4.974995514754755E+009,6.338348824282804E-003,
4.979980380000000E+009,6.194316267455516E-003,
