% Version 1.00
%
% Ref Impedances: Z01: 50, Z02: 50
% 
%freq[Hz];Trc1_S21[U];
1.000000000000000E+005,2.936318369835824E-005,
5.084865245245245E+006,4.010324839865203E-004,
1.006973049049049E+007,8.849870852242653E-004,
1.505459573573574E+007,1.694084528788395E-003,
2.003946098098098E+007,2.309122665457250E-003,
2.502432622622623E+007,3.330465576460832E-003,
3.000919147147147E+007,4.743705086069967E-003,
3.499405671671671E+007,8.417146812532000E-003,
3.997892196196196E+007,1.601358880632412E-002,
4.496378720720721E+007,5.010573872278080E-002,
4.994865245245245E+007,7.633382021399969E-002,
5.493351769769770E+007,3.153509393199207E-002,
5.991838294294295E+007,2.590973752473186E-002,
6.490324818818819E+007,2.045187466496871E-002,
6.988811343343343E+007,1.656890487071371E-002,
7.487297867867868E+007,1.194398552672977E-002,
7.985784392392393E+007,8.589965587684836E-003,
8.484270916916917E+007,8.290894989270036E-003,
8.982757441441442E+007,7.791892577032273E-003,
9.481243965965965E+007,7.152978229179388E-003,
9.979730490490490E+007,7.864684598853103E-003,
1.047821701501502E+008,8.067138107873973E-003,
1.097670353953954E+008,9.431808739784581E-003,
1.147519006406407E+008,9.662308136491164E-003,
1.197367658858859E+008,1.081855282606183E-002,
1.247216311311311E+008,1.158210706600952E-002,
1.297064963763764E+008,1.293784277784682E-002,
1.346913616216216E+008,1.527929864313191E-002,
1.396762268668669E+008,2.011455616740444E-002,
1.446610921121121E+008,2.352692862946750E-002,
1.496459573573574E+008,2.989522801472093E-002,
1.546308226026026E+008,4.250236488111026E-002,
1.596156878478479E+008,7.475682826070074E-002,
1.646005530930931E+008,1.432717354109215E-001,
1.695854183383384E+008,2.092554363334836E-001,
1.745702835835836E+008,1.330076062942113E-001,
1.795551488288288E+008,8.075823617792047E-002,
1.845400140740741E+008,5.522524105609083E-002,
1.895248793193193E+008,4.143025337326320E-002,
1.945097445645646E+008,3.324638355924483E-002,
1.994946098098098E+008,2.647804316229995E-002,
2.044794750550551E+008,2.168437140770743E-002,
2.094643403003003E+008,1.779316825390705E-002,
2.144492055455456E+008,1.465102629291752E-002,
2.194340707907908E+008,1.239437611194043E-002,
2.244189360360360E+008,1.046061550709764E-002,
2.294038012812813E+008,8.676142737706226E-003,
2.343886665265265E+008,6.851857094885024E-003,
2.393735317717718E+008,4.866968683063383E-003,
2.443583970170170E+008,3.873558502208262E-003,
2.493432622622623E+008,4.990434843881477E-003,
2.543281275075075E+008,8.102854944515004E-003,
2.593129927527528E+008,1.389902212481974E-002,
2.642978579979980E+008,2.239900942608566E-002,
2.692827232432432E+008,3.525322356829184E-002,
2.742675884884885E+008,5.697341360027697E-002,
2.792524537337337E+008,9.011374086320199E-002,
2.842373189789790E+008,1.178338793545228E-001,
2.892221842242242E+008,1.023966148050249E-001,
2.942070494694695E+008,7.619235512145881E-002,
2.991919147147147E+008,5.896193107686677E-002,
3.041767799599600E+008,4.825638824614206E-002,
3.091616452052052E+008,4.065383409232697E-002,
3.141465104504505E+008,3.440832215861639E-002,
3.191313756956957E+008,2.817629112973705E-002,
3.241162409409409E+008,2.301380748471409E-002,
3.291011061861862E+008,1.913863549872796E-002,
3.340859714314314E+008,1.579141761025063E-002,
3.390708366766767E+008,1.256258504245238E-002,
3.440557019219219E+008,9.514746408001562E-003,
3.490405671671672E+008,6.597727862943946E-003,
3.540254324124124E+008,4.370151530585484E-003,
3.590102976576577E+008,2.962888744544499E-003,
3.639951629029029E+008,1.993173721051111E-003,
3.689800281481482E+008,1.755453680070865E-003,
3.739648933933934E+008,2.388414145155853E-003,
3.789497586386386E+008,4.001827187553314E-003,
3.839346238838839E+008,5.842148452737976E-003,
3.889194891291291E+008,7.585212249906243E-003,
3.939043543743744E+008,9.121242055722857E-003,
3.988892196196196E+008,9.996315559948676E-003,
4.038740848648649E+008,1.063258309288109E-002,
4.088589501101101E+008,1.072274788798260E-002,
4.138438153553554E+008,1.056519186004741E-002,
4.188286806006006E+008,1.174375231098656E-002,
4.238135458458459E+008,1.335357279236761E-002,
4.287984110910911E+008,1.505785693841142E-002,
4.337832763363363E+008,1.548861977217451E-002,
4.387681415815816E+008,1.562787990319995E-002,
4.437530068268268E+008,1.622452072695674E-002,
4.487378720720721E+008,1.702536623493408E-002,
4.537227373173173E+008,1.813765080645256E-002,
4.587076025625626E+008,1.885366964820681E-002,
4.636924678078078E+008,2.063109698191139E-002,
4.686773330530531E+008,2.236816676784468E-002,
4.736621982982983E+008,2.438924303604684E-002,
4.786470635435436E+008,2.668934632813090E-002,
4.836319287887888E+008,2.892836129208934E-002,
4.886167940340340E+008,3.122353078797547E-002,
4.936016592792793E+008,3.291614207224173E-002,
4.985865245245245E+008,3.431350623474958E-002,
5.035713897697698E+008,3.539274580090797E-002,
5.085562550150150E+008,3.637005591455044E-002,
5.135411202602603E+008,3.734971399697131E-002,
5.185259855055055E+008,3.738780531889099E-002,
5.235108507507508E+008,3.633892718584211E-002,
5.284957159959960E+008,3.632027280236565E-002,
5.334805812412412E+008,3.599325745178908E-002,
5.384654464864864E+008,3.687434069458508E-002,
5.434503117317318E+008,3.799201545125656E-002,
5.484351769769770E+008,3.915682491982632E-002,
5.534200422222222E+008,4.122485351166983E-002,
5.584049074674674E+008,4.263144287640936E-002,
5.633897727127128E+008,4.484601484154705E-002,
5.683746379579580E+008,4.640642871487454E-002,
5.733595032032032E+008,4.769175342026674E-002,
5.783443684484484E+008,4.853833095747641E-002,
5.833292336936938E+008,4.829966065337445E-002,
5.883140989389390E+008,5.020012267613982E-002,
5.932989641841842E+008,5.221496894220192E-002,
5.982838294294294E+008,5.436640283458344E-002,
6.032686946746746E+008,5.712571843486578E-002,
6.082535599199200E+008,5.859834318284111E-002,
6.132384251651652E+008,6.047796210333929E-002,
6.182232904104104E+008,6.203113481224507E-002,
6.232081556556556E+008,6.255703401040789E-002,
6.281930209009010E+008,6.395905414513180E-002,
6.331778861461462E+008,6.521135257359668E-002,
6.381627513913914E+008,6.665890582361302E-002,
6.431476166366366E+008,6.702067053804324E-002,
6.481324818818818E+008,6.655563305788134E-002,
6.531173471271272E+008,6.651100159489116E-002,
6.581022123723724E+008,6.597437625950142E-002,
6.630870776176176E+008,6.545906789664858E-002,
6.680719428628628E+008,6.756914219710887E-002,
6.730568081081082E+008,6.817759319977650E-002,
6.780416733533534E+008,6.787357070944959E-002,
6.830265385985986E+008,6.762008270323568E-002,
6.880114038438438E+008,6.798736033442854E-002,
6.929962690890890E+008,6.857173165052413E-002,
6.979811343343344E+008,6.953841983070323E-002,
7.029659995795796E+008,7.043594520144875E-002,
7.079508648248248E+008,7.266280121419981E-002,
7.129357300700700E+008,7.687498140604995E-002,
7.179205953153154E+008,8.196716623200345E-002,
7.229054605605606E+008,8.679004449166108E-002,
7.278903258058058E+008,9.285269610390148E-002,
7.328751910510510E+008,9.860378919715114E-002,
7.378600562962964E+008,1.037771697632584E-001,
7.428449215415416E+008,1.118299724682903E-001,
7.478297867867868E+008,1.210409030081633E-001,
7.528146520320320E+008,1.297867603451932E-001,
7.577995172772772E+008,1.382801651769539E-001,
7.627843825225226E+008,1.476717057468161E-001,
7.677692477677678E+008,1.567134930267243E-001,
7.727541130130130E+008,1.633086094980316E-001,
7.777389782582582E+008,1.656253259668584E-001,
7.827238435035036E+008,1.644497055325786E-001,
7.877087087487488E+008,1.626219977369781E-001,
7.926935739939940E+008,1.616667706858895E-001,
7.976784392392392E+008,1.591450386836315E-001,
8.026633044844844E+008,1.573716169921840E-001,
8.076481697297298E+008,1.545548189452233E-001,
8.126330349749750E+008,1.514057825372023E-001,
8.176179002202202E+008,1.493602757544376E-001,
8.226027654654654E+008,1.487812524016382E-001,
8.275876307107108E+008,1.456821371946537E-001,
8.325724959559560E+008,1.454712034753694E-001,
8.375573612012012E+008,1.435674500197768E-001,
8.425422264464464E+008,1.408809795608063E-001,
8.475270916916918E+008,1.399546397945946E-001,
8.525119569369370E+008,1.377823608826163E-001,
8.574968221821822E+008,1.347813910394055E-001,
8.624816874274274E+008,1.328802656467004E-001,
8.674665526726726E+008,1.325107169875933E-001,
8.724514179179180E+008,1.303946313672350E-001,
8.774362831631632E+008,1.263505333320490E-001,
8.824211484084084E+008,1.215864937804862E-001,
8.874060136536536E+008,1.197076202608144E-001,
8.923908788988990E+008,1.225169840009459E-001,
8.973757441441442E+008,1.263904614542204E-001,
9.023606093893894E+008,1.279448618107345E-001,
9.073454746346346E+008,1.302408026255130E-001,
9.123303398798798E+008,1.323049803261391E-001,
9.173152051251252E+008,1.335950133545223E-001,
9.223000703703704E+008,1.365761206783730E-001,
9.272849356156156E+008,1.395613787135208E-001,
9.322698008608608E+008,1.419351171207510E-001,
9.372546661061062E+008,1.446525930003762E-001,
9.422395313513514E+008,1.474849918712660E-001,
9.472243965965966E+008,1.488498802434253E-001,
9.522092618418418E+008,1.475398975601860E-001,
9.571941270870872E+008,1.441498798774037E-001,
9.621789923323324E+008,1.401271791692013E-001,
9.671638575775776E+008,1.371837492845505E-001,
9.721487228228228E+008,1.351466516241584E-001,
9.771335880680680E+008,1.329655517687266E-001,
9.821184533133134E+008,1.295518444614560E-001,
9.871033185585586E+008,1.271123003772361E-001,
9.920881838038038E+008,1.249027316052391E-001,
9.970730490490490E+008,1.211101072569564E-001,
1.002057914294294E+009,1.188266557654029E-001,
1.007042779539540E+009,1.164188907180087E-001,
1.012027644784785E+009,1.146464156599126E-001,
1.017012510030030E+009,1.145299265298416E-001,
1.021997375275275E+009,1.163413703825720E-001,
1.026982240520521E+009,1.183532869112889E-001,
1.031967105765766E+009,1.201262819638895E-001,
1.036951971011011E+009,1.202846352329160E-001,
1.041936836256256E+009,1.200376037869971E-001,
1.046921701501502E+009,1.200292255113214E-001,
1.051906566746747E+009,1.193938439107764E-001,
1.056891431991992E+009,1.172916872638014E-001,
1.061876297237237E+009,1.150283547780376E-001,
1.066861162482482E+009,1.140659829234708E-001,
1.071846027727728E+009,1.148921867473537E-001,
1.076830892972973E+009,1.163475104529883E-001,
1.081815758218218E+009,1.188950925171399E-001,
1.086800623463464E+009,1.214056089618404E-001,
1.091785488708709E+009,1.244855243910508E-001,
1.096770353953954E+009,1.277113118058123E-001,
1.101755219199199E+009,1.292988461845208E-001,
1.106740084444444E+009,1.295001485260326E-001,
1.111724949689690E+009,1.292310797118191E-001,
1.116709814934935E+009,1.270316836804117E-001,
1.121694680180180E+009,1.236329316532748E-001,
1.126679545425426E+009,1.204715413816314E-001,
1.131664410670671E+009,1.176753756211072E-001,
1.136649275915916E+009,1.144536209873615E-001,
1.141634141161161E+009,1.097702653537499E-001,
1.146619006406406E+009,1.054701460722766E-001,
1.151603871651652E+009,1.007661126037305E-001,
1.156588736896897E+009,9.682307911846159E-002,
1.161573602142142E+009,9.362596267125835E-002,
1.166558467387388E+009,9.013743652881009E-002,
1.171543332632633E+009,8.652415714157476E-002,
1.176528197877878E+009,8.345749332845806E-002,
1.181513063123123E+009,8.206547730330742E-002,
1.186497928368368E+009,8.237646542136398E-002,
1.191482793613614E+009,8.399958986171040E-002,
1.196467658858859E+009,8.607482027037773E-002,
1.201452524104104E+009,8.829844303042823E-002,
1.206437389349349E+009,9.042818679544611E-002,
1.211422254594595E+009,9.150955764297512E-002,
1.216407119839840E+009,9.132799735120599E-002,
1.221391985085085E+009,9.098811537829007E-002,
1.226376850330330E+009,8.977515346938071E-002,
1.231361715575576E+009,8.702060492736760E-002,
1.236346580820821E+009,8.361896465112319E-002,
1.241331446066066E+009,8.024787409635548E-002,
1.246316311311311E+009,7.831709395471614E-002,
1.251301176556557E+009,7.601227087576108E-002,
1.256286041801802E+009,7.409038161193343E-002,
1.261270907047047E+009,7.368513395961249E-002,
1.266255772292292E+009,7.427496690559901E-002,
1.271240637537538E+009,7.512113391948945E-002,
1.276225502782783E+009,7.432862791824742E-002,
1.281210368028028E+009,7.454070256128856E-002,
1.286195233273273E+009,7.463891474435010E-002,
1.291180098518518E+009,7.456569507721916E-002,
1.296164963763764E+009,7.500943793393031E-002,
1.301149829009009E+009,7.517564262145333E-002,
1.306134694254254E+009,7.514450726431796E-002,
1.311119559499500E+009,7.429039980339501E-002,
1.316104424744745E+009,7.314868056423891E-002,
1.321089289989990E+009,7.202212877430074E-002,
1.326074155235235E+009,7.081951653726748E-002,
1.331059020480480E+009,6.980391065795118E-002,
1.336043885725726E+009,6.808048997136751E-002,
1.341028750970971E+009,6.714151361706118E-002,
1.346013616216216E+009,6.709776030667014E-002,
1.350998481461462E+009,6.841709839037863E-002,
1.355983346706707E+009,6.940463790666769E-002,
1.360968211951952E+009,7.041428198492485E-002,
1.365953077197197E+009,7.168841909396012E-002,
1.370937942442442E+009,7.233294841990252E-002,
1.375922807687688E+009,7.246051493838951E-002,
1.380907672932933E+009,7.356969861511770E-002,
1.385892538178178E+009,7.420668799469976E-002,
1.390877403423424E+009,7.370442635103147E-002,
1.395862268668669E+009,7.320165260828888E-002,
1.400847133913914E+009,7.304396470975239E-002,
1.405831999159159E+009,7.157872855235611E-002,
1.410816864404404E+009,7.026532299852316E-002,
1.415801729649650E+009,6.862964179470264E-002,
1.420786594894895E+009,6.672109239827011E-002,
1.425771460140140E+009,6.476324967896044E-002,
1.430756325385386E+009,6.284837842787411E-002,
1.435741190630631E+009,6.015612028594131E-002,
1.440726055875876E+009,5.745395803989721E-002,
1.445710921121121E+009,5.568333691524917E-002,
1.450695786366366E+009,5.380525573184720E-002,
1.455680651611612E+009,5.302030358852407E-002,
1.460665516856857E+009,5.218821551552304E-002,
1.465650382102102E+009,5.148797488803299E-002,
1.470635247347347E+009,5.146365569484324E-002,
1.475620112592593E+009,5.134212038266883E-002,
1.480604977837838E+009,5.159598208034035E-002,
1.485589843083083E+009,5.090251008580469E-002,
1.490574708328328E+009,5.004998157094151E-002,
1.495559573573574E+009,4.919322697220287E-002,
1.500544438818819E+009,4.787742650574336E-002,
1.505529304064064E+009,4.564692472544835E-002,
1.510514169309309E+009,4.359686796554849E-002,
1.515499034554555E+009,4.225924641798259E-002,
1.520483899799800E+009,4.065475609556606E-002,
1.525468765045045E+009,4.024607759893716E-002,
1.530453630290290E+009,4.013596583938252E-002,
1.535438495535536E+009,4.020429664424553E-002,
1.540423360780781E+009,4.039204335229631E-002,
1.545408226026026E+009,4.153611523822495E-002,
1.550393091271271E+009,4.209119633603066E-002,
1.555377956516516E+009,4.348975337322197E-002,
1.560362821761762E+009,4.456719457978037E-002,
1.565347687007007E+009,4.578346426211120E-002,
1.570332552252252E+009,4.628602741386553E-002,
1.575317417497498E+009,4.622634872438713E-002,
1.580302282742743E+009,4.595580263416218E-002,
1.585287147987988E+009,4.636886874470529E-002,
1.590272013233233E+009,4.714386592996993E-002,
1.595256878478478E+009,4.771962261962449E-002,
1.600241743723724E+009,4.791780333893094E-002,
1.605226608968969E+009,4.829983906883559E-002,
1.610211474214214E+009,4.806820081143444E-002,
1.615196339459460E+009,4.759124100554843E-002,
1.620181204704705E+009,4.664573646236356E-002,
1.625166069949950E+009,4.601643415431572E-002,
1.630150935195195E+009,4.512424599629767E-002,
1.635135800440440E+009,4.472154366888749E-002,
1.640120665685686E+009,4.437736305298493E-002,
1.645105530930931E+009,4.437648031569691E-002,
1.650090396176176E+009,4.386686165068621E-002,
1.655075261421422E+009,4.285970551103801E-002,
1.660060126666667E+009,4.206741012406846E-002,
1.665044991911912E+009,4.104256122824797E-002,
1.670029857157157E+009,3.938437161968118E-002,
1.675014722402402E+009,3.751413679347500E-002,
1.679999587647648E+009,3.458726029467787E-002,
1.684984452892893E+009,3.144858816040446E-002,
1.689969318138138E+009,2.804223213705541E-002,
1.694954183383384E+009,2.429547902324038E-002,
1.699939048628629E+009,2.049900059948637E-002,
1.704923913873874E+009,1.723789460414442E-002,
1.709908779119119E+009,1.421351584900732E-002,
1.714893644364364E+009,1.247077436184286E-002,
1.719878509609610E+009,1.194476219438683E-002,
1.724863374854855E+009,1.219986790549465E-002,
1.729848240100100E+009,1.334497135908176E-002,
1.734833105345345E+009,1.547107291084273E-002,
1.739817970590591E+009,1.773500079131741E-002,
1.744802835835836E+009,2.024794221752290E-002,
1.749787701081081E+009,2.332364554727423E-002,
1.754772566326326E+009,2.648887219350868E-002,
1.759757431571572E+009,2.901840459113179E-002,
1.764742296816817E+009,3.058583303734253E-002,
1.769727162062062E+009,3.151372251988085E-002,
1.774712027307307E+009,3.140844078508485E-002,
1.779696892552553E+009,3.050567176628334E-002,
1.784681757797798E+009,2.971477012490886E-002,
1.789666623043043E+009,2.922340026332684E-002,
1.794651488288288E+009,2.871986300197131E-002,
1.799636353533534E+009,2.851891309361771E-002,
1.804621218778779E+009,2.727208007187619E-002,
1.809606084024024E+009,2.627444677769708E-002,
1.814590949269269E+009,2.476534954137586E-002,
1.819575814514514E+009,2.334218277138580E-002,
1.824560679759760E+009,2.215832643243497E-002,
1.829545545005005E+009,2.110451682501659E-002,
1.834530410250250E+009,2.097810480040609E-002,
1.839515275495496E+009,2.119109501535869E-002,
1.844500140740741E+009,2.109084916015072E-002,
1.849485005985986E+009,2.115791952438563E-002,
1.854469871231231E+009,2.178305721525363E-002,
1.859454736476476E+009,2.267376693778091E-002,
1.864439601721722E+009,2.379341138065986E-002,
1.869424466966967E+009,2.535792300366355E-002,
1.874409332212212E+009,2.739263943008767E-002,
1.879394197457458E+009,2.887431387153830E-002,
1.884379062702703E+009,3.021184213195476E-002,
1.889363927947948E+009,3.186409267752491E-002,
1.894348793193193E+009,3.339082536605804E-002,
1.899333658438438E+009,3.516799142648334E-002,
1.904318523683684E+009,3.623459946595709E-002,
1.909303388928929E+009,3.746383092952228E-002,
1.914288254174174E+009,3.837967537542391E-002,
1.919273119419420E+009,3.890321382143442E-002,
1.924257984664665E+009,3.907472942477702E-002,
1.929242849909910E+009,3.925327494357799E-002,
1.934227715155155E+009,3.924615199119518E-002,
1.939212580400400E+009,3.850192738649624E-002,
1.944197445645646E+009,3.820944105258903E-002,
1.949182310890891E+009,3.763330256404324E-002,
1.954167176136136E+009,3.779975538201703E-002,
1.959152041381382E+009,3.730602867625155E-002,
1.964136906626627E+009,3.680081211228199E-002,
1.969121771871872E+009,3.648511914301154E-002,
1.974106637117117E+009,3.494227671253521E-002,
1.979091502362362E+009,3.379770235255864E-002,
1.984076367607608E+009,3.279415984148897E-002,
1.989061232852853E+009,3.102239197021279E-002,
1.994046098098098E+009,3.013093835631035E-002,
1.999030963343343E+009,2.878746942136079E-002,
2.004015828588589E+009,2.735387340925594E-002,
2.009000693833834E+009,2.649177367272357E-002,
2.013985559079079E+009,2.634196252932677E-002,
2.018970424324324E+009,2.570530803799751E-002,
2.023955289569570E+009,2.568963703525289E-002,
2.028940154814815E+009,2.625422143245679E-002,
2.033925020060060E+009,2.639008178782001E-002,
2.038909885305305E+009,2.748660921352922E-002,
2.043894750550551E+009,2.763686816701682E-002,
2.048879615795796E+009,2.802563654554015E-002,
2.053864481041041E+009,2.828997548782127E-002,
2.058849346286286E+009,2.845179485406826E-002,
2.063834211531532E+009,2.853756509216164E-002,
2.068819076776777E+009,2.853872545006543E-002,
2.073803942022022E+009,2.884693378183625E-002,
2.078788807267267E+009,2.934360027646349E-002,
2.083773672512512E+009,2.937331235140950E-002,
2.088758537757758E+009,2.933952842629696E-002,
2.093743403003003E+009,2.902726674814422E-002,
2.098728268248248E+009,2.891314578619578E-002,
2.103713133493494E+009,2.898314097504285E-002,
2.108697998738739E+009,2.901067362638315E-002,
2.113682863983984E+009,2.872950381528626E-002,
2.118667729229229E+009,2.813384421449946E-002,
2.123652594474474E+009,2.754398719664120E-002,
2.128637459719720E+009,2.624121227300995E-002,
2.133622324964965E+009,2.482492803195375E-002,
2.138607190210210E+009,2.320081115031681E-002,
2.143592055455456E+009,2.193559473192998E-002,
2.148576920700701E+009,2.152078539294251E-002,
2.153561785945946E+009,2.032002353114982E-002,
2.158546651191191E+009,1.890316293882890E-002,
2.163531516436437E+009,1.754553477639058E-002,
2.168516381681682E+009,1.685423510251789E-002,
2.173501246926927E+009,1.557658060619905E-002,
2.178486112172172E+009,1.462464965060274E-002,
2.183470977417418E+009,1.491612138687614E-002,
2.188455842662663E+009,1.493537348766526E-002,
2.193440707907908E+009,1.525470904479263E-002,
2.198425573153153E+009,1.578302677789836E-002,
2.203410438398398E+009,1.636781538032063E-002,
2.208395303643644E+009,1.675560583454163E-002,
2.213380168888889E+009,1.764469197587147E-002,
2.218365034134134E+009,1.836430448252436E-002,
2.223349899379379E+009,1.900177313482437E-002,
2.228334764624625E+009,1.943199096135992E-002,
2.233319629869870E+009,1.967450956317671E-002,
2.238304495115115E+009,2.069234294930505E-002,
2.243289360360360E+009,2.095275468135871E-002,
2.248274225605606E+009,2.135180974379293E-002,
2.253259090850851E+009,2.152485028002971E-002,
2.258243956096096E+009,2.158914218990811E-002,
2.263228821341342E+009,2.121061546064456E-002,
2.268213686586587E+009,2.181066065795070E-002,
2.273198551831832E+009,2.210977329447361E-002,
2.278183417077077E+009,2.286288753058451E-002,
2.283168282322322E+009,2.365864419946871E-002,
2.288153147567567E+009,2.428421273962768E-002,
2.293138012812813E+009,2.541286338977300E-002,
2.298122878058058E+009,2.686029969154193E-002,
2.303107743303303E+009,2.810416115463401E-002,
2.308092608548549E+009,2.933963557940832E-002,
2.313077473793794E+009,3.009363574570269E-002,
2.318062339039039E+009,3.157547487598186E-002,
2.323047204284284E+009,3.180009485433213E-002,
2.328032069529530E+009,3.205045362368229E-002,
2.333016934774775E+009,3.180452663263272E-002,
2.338001800020020E+009,3.109537355447440E-002,
2.342986665265266E+009,3.064809001522881E-002,
2.347971530510510E+009,2.976386433818793E-002,
2.352956395755756E+009,2.906684352265637E-002,
2.357941261001001E+009,2.855770149320888E-002,
2.362926126246246E+009,2.777288855746898E-002,
2.367910991491491E+009,2.788354874097460E-002,
2.372895856736737E+009,2.775948594132224E-002,
2.377880721981982E+009,2.743296213003980E-002,
2.382865587227227E+009,2.713766589571426E-002,
2.387850452472473E+009,2.687820395423145E-002,
2.392835317717718E+009,2.673448424154927E-002,
2.397820182962963E+009,2.679639015025837E-002,
2.402805048208208E+009,2.710959946585272E-002,
2.407789913453454E+009,2.836705045739560E-002,
2.412774778698699E+009,2.886151971597120E-002,
2.417759643943944E+009,2.926890715908983E-002,
2.422744509189189E+009,2.900001641666472E-002,
2.427729374434434E+009,2.898409330542408E-002,
2.432714239679680E+009,2.899553684529210E-002,
2.437699104924925E+009,2.903726207203600E-002,
2.442683970170170E+009,2.880262022504400E-002,
2.447668835415415E+009,2.901036561106895E-002,
2.452653700660661E+009,2.907119947271399E-002,
2.457638565905906E+009,2.921703293496158E-002,
2.462623431151151E+009,2.913733803733430E-002,
2.467608296396397E+009,2.904066977715181E-002,
2.472593161641642E+009,2.945836100488127E-002,
2.477578026886887E+009,2.944997360476493E-002,
2.482562892132132E+009,3.108381907246509E-002,
2.487547757377378E+009,3.144373175798874E-002,
2.492532622622623E+009,3.250263505918925E-002,
2.497517487867868E+009,3.345915251307362E-002,
2.502502353113113E+009,3.441070634350693E-002,
2.507487218358358E+009,3.403337357738964E-002,
2.512472083603604E+009,3.475322937173404E-002,
2.517456948848849E+009,3.517677272441427E-002,
2.522441814094094E+009,3.533668234008459E-002,
2.527426679339339E+009,3.519749577844704E-002,
2.532411544584585E+009,3.547978002057022E-002,
2.537396409829830E+009,3.465251207013659E-002,
2.542381275075075E+009,3.389405926965682E-002,
2.547366140320320E+009,3.388636192090284E-002,
2.552351005565566E+009,3.419509019053255E-002,
2.557335870810811E+009,3.356666298219920E-002,
2.562320736056056E+009,3.344064100752204E-002,
2.567305601301302E+009,3.266613629662496E-002,
2.572290466546547E+009,3.228795706140689E-002,
2.577275331791792E+009,3.166809808435830E-002,
2.582260197037037E+009,3.138476303034196E-002,
2.587245062282282E+009,3.077257497508800E-002,
2.592229927527527E+009,3.066678422396238E-002,
2.597214792772773E+009,3.001848209924341E-002,
2.602199658018018E+009,3.010964249013886E-002,
2.607184523263263E+009,3.115258495850633E-002,
2.612169388508509E+009,3.132808630372581E-002,
2.617154253753754E+009,3.216042154275849E-002,
2.622139118998999E+009,3.261082838879740E-002,
2.627123984244244E+009,3.388792219351314E-002,
2.632108849489490E+009,3.459189756056357E-002,
2.637093714734735E+009,3.593235755605833E-002,
2.642078579979980E+009,3.678617013760840E-002,
2.647063445225225E+009,3.752696980392258E-002,
2.652048310470470E+009,3.880836671314697E-002,
2.657033175715716E+009,3.967634773202837E-002,
2.662018040960961E+009,4.037510135872049E-002,
2.667002906206206E+009,4.135140760321342E-002,
2.671987771451451E+009,4.153511160339923E-002,
2.676972636696697E+009,4.219630115100408E-002,
2.681957501941942E+009,4.182789606018623E-002,
2.686942367187187E+009,4.270063220521686E-002,
2.691927232432433E+009,4.242451774397560E-002,
2.696912097677678E+009,4.195916258460004E-002,
2.701896962922923E+009,4.202707819178517E-002,
2.706881828168168E+009,4.132616981663329E-002,
2.711866693413414E+009,4.083753927836785E-002,
2.716851558658659E+009,4.017039390200607E-002,
2.721836423903904E+009,3.962853938354200E-002,
2.726821289149149E+009,3.847599525032105E-002,
2.731806154394394E+009,3.773807322408562E-002,
2.736791019639640E+009,3.757781596809370E-002,
2.741775884884885E+009,3.755658039236957E-002,
2.746760750130130E+009,3.729064834824684E-002,
2.751745615375375E+009,3.882296958564719E-002,
2.756730480620621E+009,3.915005712495818E-002,
2.761715345865866E+009,3.947632792693086E-002,
2.766700211111111E+009,3.966736191955979E-002,
2.771685076356356E+009,4.027061630989555E-002,
2.776669941601602E+009,3.972122020839564E-002,
2.781654806846847E+009,3.979519835029124E-002,
2.786639672092092E+009,3.985564856429170E-002,
2.791624537337338E+009,3.952794948647419E-002,
2.796609402582583E+009,3.935531905453118E-002,
2.801594267827828E+009,3.894286953996324E-002,
2.806579133073073E+009,3.857459854586559E-002,
2.811563998318318E+009,3.866578231806429E-002,
2.816548863563564E+009,3.841697776375904E-002,
2.821533728808809E+009,3.779679144320634E-002,
2.826518594054054E+009,3.702341208913688E-002,
2.831503459299299E+009,3.667152390891826E-002,
2.836488324544545E+009,3.561475717008075E-002,
2.841473189789790E+009,3.611917449222696E-002,
2.846458055035035E+009,3.643130518948291E-002,
2.851442920280280E+009,3.727725866465016E-002,
2.856427785525526E+009,3.669645054491113E-002,
2.861412650770771E+009,3.762755293187912E-002,
2.866397516016016E+009,3.816591148480659E-002,
2.871382381261262E+009,3.817279727296381E-002,
2.876367246506506E+009,3.809004591929104E-002,
2.881352111751752E+009,3.768025978013490E-002,
2.886336976996997E+009,3.688847170719855E-002,
2.891321842242242E+009,3.592613538279600E-002,
2.896306707487487E+009,3.444019833196367E-002,
2.901291572732733E+009,3.362641715045766E-002,
2.906276437977978E+009,3.263122424203507E-002,
2.911261303223223E+009,3.162665433155089E-002,
2.916246168468469E+009,3.047340724771313E-002,
2.921231033713714E+009,3.060613893556274E-002,
2.926215898958959E+009,3.004333701906281E-002,
2.931200764204204E+009,2.943850864186602E-002,
2.936185629449450E+009,2.885615465212301E-002,
2.941170494694695E+009,2.873962780138827E-002,
2.946155359939940E+009,2.871894767939606E-002,
2.951140225185185E+009,2.887921140703341E-002,
2.956125090430430E+009,2.895742597078560E-002,
2.961109955675676E+009,2.943379670372335E-002,
2.966094820920921E+009,2.894696612773135E-002,
2.971079686166166E+009,2.831323220617342E-002,
2.976064551411411E+009,2.793303312530247E-002,
2.981049416656657E+009,2.695043147927951E-002,
2.986034281901902E+009,2.591923219314642E-002,
2.991019147147147E+009,2.515837993163700E-002,
2.996004012392393E+009,2.316228822600892E-002,
3.000988877637638E+009,2.194904507234716E-002,
3.005973742882883E+009,2.101647660178542E-002,
3.010958608128128E+009,2.026147740260488E-002,
3.015943473373374E+009,1.840283211657300E-002,
3.020928338618619E+009,1.839807590478533E-002,
3.025913203863864E+009,1.765143233929579E-002,
3.030898069109109E+009,1.755677504243034E-002,
3.035882934354354E+009,1.813625024456597E-002,
3.040867799599600E+009,1.866037181823691E-002,
3.045852664844845E+009,1.848853501517593E-002,
3.050837530090090E+009,1.888493818276226E-002,
3.055822395335335E+009,1.856805849050390E-002,
3.060807260580581E+009,1.899297100420163E-002,
3.065792125825826E+009,1.901309197073045E-002,
3.070776991071071E+009,1.907867551416800E-002,
3.075761856316316E+009,1.864562382602165E-002,
3.080746721561562E+009,1.795765024697490E-002,
3.085731586806807E+009,1.729233194771762E-002,
3.090716452052052E+009,1.662776861776216E-002,
3.095701317297298E+009,1.638717730464859E-002,
3.100686182542543E+009,1.581766521117389E-002,
3.105671047787788E+009,1.457388280892632E-002,
3.110655913033033E+009,1.351641290194903E-002,
3.115640778278278E+009,1.344621374494669E-002,
3.120625643523523E+009,1.280330839147472E-002,
3.125610508768769E+009,1.242852811509725E-002,
3.130595374014014E+009,1.204460603606565E-002,
3.135580239259259E+009,1.168353602645123E-002,
3.140565104504505E+009,1.139829484283073E-002,
3.145549969749750E+009,1.127838437853777E-002,
3.150534834994995E+009,1.117230166931216E-002,
3.155519700240240E+009,1.120005458310267E-002,
3.160504565485486E+009,1.101752838320197E-002,
3.165489430730731E+009,1.086295011303069E-002,
3.170474295975976E+009,1.073963352399481E-002,
3.175459161221221E+009,1.058145226626216E-002,
3.180444026466466E+009,1.028440775389456E-002,
3.185428891711712E+009,9.931007317407991E-003,
3.190413756956957E+009,9.514698878414477E-003,
3.195398622202202E+009,9.087382037344490E-003,
3.200383487447447E+009,8.666647185083918E-003,
3.205368352692693E+009,8.348722964519184E-003,
3.210353217937938E+009,8.004096313281290E-003,
3.215338083183183E+009,7.949938269716491E-003,
3.220322948428429E+009,8.079370071183289E-003,
3.225307813673674E+009,8.106093794131415E-003,
3.230292678918919E+009,7.994470419156111E-003,
3.235277544164164E+009,7.848452849500514E-003,
3.240262409409410E+009,7.848373458688903E-003,
3.245247274654655E+009,7.738268525481713E-003,
3.250232139899900E+009,7.913934748741070E-003,
3.255217005145145E+009,8.253761572142073E-003,
3.260201870390390E+009,8.600936658295018E-003,
3.265186735635636E+009,8.922652082033090E-003,
3.270171600880881E+009,9.167964136163300E-003,
3.275156466126126E+009,9.199968093992915E-003,
3.280141331371371E+009,9.409607050877993E-003,
3.285126196616617E+009,9.430752862481861E-003,
3.290111061861862E+009,9.411367540601286E-003,
3.295095927107107E+009,9.386016504698841E-003,
3.300080792352352E+009,9.285568124251742E-003,
3.305065657597598E+009,9.250247869680353E-003,
3.310050522842843E+009,9.243776754114755E-003,
3.315035388088088E+009,9.442417972711977E-003,
3.320020253333334E+009,9.719992597010571E-003,
3.325005118578579E+009,1.002610774575686E-002,
3.329989983823824E+009,1.035375201323805E-002,
3.334974849069069E+009,1.061286921623283E-002,
3.339959714314314E+009,1.076783323465391E-002,
3.344944579559560E+009,1.108364372274109E-002,
3.349929444804805E+009,1.123641049122917E-002,
3.354914310050050E+009,1.129477987594704E-002,
3.359899175295295E+009,1.148323728525899E-002,
3.364884040540541E+009,1.169651479977983E-002,
3.369868905785786E+009,1.185809303015750E-002,
3.374853771031031E+009,1.211960257973639E-002,
3.379838636276276E+009,1.230309323180151E-002,
3.384823501521522E+009,1.261529582585208E-002,
3.389808366766767E+009,1.289118945041593E-002,
3.394793232012012E+009,1.315153964134021E-002,
3.399778097257258E+009,1.335585235695292E-002,
3.404762962502502E+009,1.360467674689331E-002,
3.409747827747748E+009,1.394034170691810E-002,
3.414732692992993E+009,1.419899599480194E-002,
3.419717558238238E+009,1.439621992021924E-002,
3.424702423483483E+009,1.447429747757176E-002,
3.429687288728729E+009,1.463145978204941E-002,
3.434672153973974E+009,1.471351503579365E-002,
3.439657019219219E+009,1.496869976417948E-002,
3.444641884464465E+009,1.532873391781996E-002,
3.449626749709710E+009,1.581998563022209E-002,
3.454611614954955E+009,1.592811838597472E-002,
3.459596480200200E+009,1.689663324983924E-002,
3.464581345445446E+009,1.713226597848227E-002,
3.469566210690691E+009,1.743105933613538E-002,
3.474551075935936E+009,1.781596453883346E-002,
3.479535941181181E+009,1.827883131922927E-002,
3.484520806426426E+009,1.830437636961431E-002,
3.489505671671672E+009,1.754454555927452E-002,
3.494490536916917E+009,1.752495220256498E-002,
3.499475402162162E+009,1.796319454706350E-002,
3.504460267407407E+009,1.901333167382820E-002,
3.509445132652653E+009,1.904225724115354E-002,
3.514429997897898E+009,1.895795958709936E-002,
3.519414863143143E+009,1.917417867005464E-002,
3.524399728388389E+009,1.917307113454293E-002,
3.529384593633634E+009,1.899015578793942E-002,
3.534369458878879E+009,1.839791978462967E-002,
3.539354324124124E+009,1.887247130860889E-002,
3.544339189369370E+009,1.851581267284531E-002,
3.549324054614615E+009,1.864464033129303E-002,
3.554308919859860E+009,1.799950085518765E-002,
3.559293785105105E+009,1.875951216227876E-002,
3.564278650350350E+009,1.773684915901003E-002,
3.569263515595596E+009,1.824690394899360E-002,
3.574248380840841E+009,1.822381848214293E-002,
3.579233246086086E+009,1.822523725083757E-002,
3.584218111331331E+009,1.873058122388546E-002,
3.589202976576577E+009,1.854832014646513E-002,
3.594187841821822E+009,1.955323998696552E-002,
3.599172707067067E+009,1.980599213858196E-002,
3.604157572312312E+009,1.970556853754550E-002,
3.609142437557558E+009,2.035336940382926E-002,
3.614127302802803E+009,2.074284434138446E-002,
3.619112168048048E+009,2.105643016955898E-002,
3.624097033293294E+009,2.179001676015253E-002,
3.629081898538539E+009,2.148108211964275E-002,
3.634066763783784E+009,2.193384635565845E-002,
3.639051629029029E+009,2.112823529773122E-002,
3.644036494274274E+009,2.123807449464473E-002,
3.649021359519519E+009,2.058971748637771E-002,
3.654006224764765E+009,2.112347610724069E-002,
3.658991090010010E+009,2.051473541976265E-002,
3.663975955255255E+009,2.028230731375746E-002,
3.668960820500501E+009,2.018054808571465E-002,
3.673945685745746E+009,2.087476811281989E-002,
3.678930550990991E+009,2.077985766408999E-002,
3.683915416236236E+009,2.078746738692406E-002,
3.688900281481482E+009,2.077524952733795E-002,
3.693885146726727E+009,2.082077660041617E-002,
3.698870011971972E+009,2.047387974996810E-002,
3.703854877217217E+009,2.065744228417374E-002,
3.708839742462462E+009,2.034929371107078E-002,
3.713824607707708E+009,2.016950476330616E-002,
3.718809472952953E+009,2.058918570254910E-002,
3.723794338198198E+009,1.992534886005338E-002,
3.728779203443443E+009,1.999730768188261E-002,
3.733764068688689E+009,1.963857081724418E-002,
3.738748933933934E+009,1.930332010328827E-002,
3.743733799179179E+009,1.929831970549166E-002,
3.748718664424425E+009,1.890914021241597E-002,
3.753703529669670E+009,1.972926556548428E-002,
3.758688394914915E+009,1.891683992062025E-002,
3.763673260160160E+009,1.885869278289213E-002,
3.768658125405406E+009,1.864392779358687E-002,
3.773642990650651E+009,1.919900457847368E-002,
3.778627855895896E+009,1.954501890207189E-002,
3.783612721141141E+009,2.002326440048604E-002,
3.788597586386386E+009,2.067009976648341E-002,
3.793582451631632E+009,2.110114798063172E-002,
3.798567316876877E+009,2.118599764256026E-002,
3.803552182122122E+009,2.024331131985167E-002,
3.808537047367367E+009,2.033425821475876E-002,
3.813521912612613E+009,1.920829532977943E-002,
3.818506777857858E+009,1.989691864124489E-002,
3.823491643103103E+009,1.978088441204143E-002,
3.828476508348349E+009,1.968646896998912E-002,
3.833461373593594E+009,1.879644044279955E-002,
3.838446238838839E+009,1.849735780739139E-002,
3.843431104084084E+009,1.855638509166453E-002,
3.848415969329330E+009,1.759097703857431E-002,
3.853400834574575E+009,1.771431943111374E-002,
3.858385699819820E+009,1.738726819054830E-002,
3.863370565065065E+009,1.775529249244853E-002,
3.868355430310310E+009,1.785957467832420E-002,
3.873340295555556E+009,1.772366166563128E-002,
3.878325160800801E+009,1.794983811464362E-002,
3.883310026046046E+009,1.800632034078323E-002,
3.888294891291291E+009,1.759847372742833E-002,
3.893279756536537E+009,1.749988071042833E-002,
3.898264621781782E+009,1.613320108125238E-002,
3.903249487027027E+009,1.670555648716442E-002,
3.908234352272272E+009,1.605995643831347E-002,
3.913219217517518E+009,1.604598461380853E-002,
3.918204082762763E+009,1.573010377521654E-002,
3.923188948008008E+009,1.494064313326339E-002,
3.928173813253254E+009,1.479135891999865E-002,
3.933158678498498E+009,1.455976722633047E-002,
3.938143543743744E+009,1.415093281390745E-002,
3.943128408988989E+009,1.531841247969313E-002,
3.948113274234234E+009,1.381133186864178E-002,
3.953098139479479E+009,1.435568612280780E-002,
3.958083004724725E+009,1.475911175543745E-002,
3.963067869969970E+009,1.472791818030186E-002,
3.968052735215215E+009,1.532292534691355E-002,
3.973037600460461E+009,1.544681044758817E-002,
3.978022465705706E+009,1.565099795422861E-002,
3.983007330950951E+009,1.532133491859384E-002,
3.987992196196196E+009,1.486733898245416E-002,
3.992977061441442E+009,1.454588581462122E-002,
3.997961926686687E+009,1.426341282921829E-002,
4.002946791931932E+009,1.391005812159035E-002,
4.007931657177177E+009,1.359831334233150E-002,
4.012916522422422E+009,1.336405103215052E-002,
4.017901387667668E+009,1.324905480464055E-002,
4.022886252912913E+009,1.307756403499838E-002,
4.027871118158158E+009,1.300407154078033E-002,
4.032855983403403E+009,1.289183561180291E-002,
4.037840848648649E+009,1.273470068736688E-002,
4.042825713893894E+009,1.259120162731969E-002,
4.047810579139139E+009,1.249190379826213E-002,
4.052795444384385E+009,1.251305044364942E-002,
4.057780309629630E+009,1.274164629152710E-002,
4.062765174874875E+009,1.293613455786465E-002,
4.067750040120120E+009,1.306391722745854E-002,
4.072734905365366E+009,1.318116666149991E-002,
4.077719770610611E+009,1.336000493054693E-002,
4.082704635855856E+009,1.344955513275701E-002,
4.087689501101101E+009,1.344728176372367E-002,
4.092674366346346E+009,1.342092744323650E-002,
4.097659231591592E+009,1.321428519056100E-002,
4.102644096836837E+009,1.278127375733038E-002,
4.107628962082082E+009,1.237669177702350E-002,
4.112613827327327E+009,1.225563490272216E-002,
4.117598692572573E+009,1.210690079020432E-002,
4.122583557817818E+009,1.201990970462267E-002,
4.127568423063063E+009,1.219938564253788E-002,
4.132553288308308E+009,1.215419959311349E-002,
4.137538153553554E+009,1.211874051303075E-002,
4.142523018798799E+009,1.228969090011775E-002,
4.147507884044044E+009,1.249843560111142E-002,
4.152492749289290E+009,1.295228241818962E-002,
4.157477614534535E+009,1.327372343933088E-002,
4.162462479779780E+009,1.364893347729225E-002,
4.167447345025025E+009,1.380559572486870E-002,
4.172432210270270E+009,1.377720997984269E-002,
4.177417075515515E+009,1.406072179738076E-002,
4.182401940760761E+009,1.429178051162790E-002,
4.187386806006006E+009,1.446505634084915E-002,
4.192371671251251E+009,1.449785119537751E-002,
4.197356536496497E+009,1.432730473902822E-002,
4.202341401741742E+009,1.420679542654025E-002,
4.207326266986987E+009,1.396421781663306E-002,
4.212311132232232E+009,1.383821348252226E-002,
4.217295997477478E+009,1.356870277982224E-002,
4.222280862722723E+009,1.327163004267627E-002,
4.227265727967968E+009,1.304983701741500E-002,
4.232250593213213E+009,1.297852378601811E-002,
4.237235458458458E+009,1.322463733297652E-002,
4.242220323703704E+009,1.355277911917660E-002,
4.247205188948949E+009,1.391572309995840E-002,
4.252190054194194E+009,1.433520213222643E-002,
4.257174919439439E+009,1.466357278245777E-002,
4.262159784684685E+009,1.516616283679669E-002,
4.267144649929930E+009,1.547831912714025E-002,
4.272129515175175E+009,1.584873970355866E-002,
4.277114380420421E+009,1.621251259767840E-002,
4.282099245665666E+009,1.636549400976096E-002,
4.287084110910911E+009,1.630440932029134E-002,
4.292068976156156E+009,1.627845744573276E-002,
4.297053841401402E+009,1.593193833383406E-002,
4.302038706646647E+009,1.564403925988293E-002,
4.307023571891892E+009,1.523453380905121E-002,
4.312008437137137E+009,1.504693032598520E-002,
4.316993302382382E+009,1.483873761256153E-002,
4.321978167627627E+009,1.455513930426811E-002,
4.326963032872873E+009,1.436359290861728E-002,
4.331947898118118E+009,1.419853898284145E-002,
4.336932763363363E+009,1.403711211835872E-002,
4.341917628608608E+009,1.370274017905922E-002,
4.346902493853854E+009,1.354720967401501E-002,
4.351887359099099E+009,1.343862422523610E-002,
4.356872224344344E+009,1.327175707114503E-002,
4.361857089589590E+009,1.314972129656987E-002,
4.366841954834835E+009,1.328736617776814E-002,
4.371826820080080E+009,1.328758846473629E-002,
4.376811685325325E+009,1.319533211852163E-002,
4.381796550570571E+009,1.312588402989160E-002,
4.386781415815816E+009,1.313520342318299E-002,
4.391766281061061E+009,1.308992744629769E-002,
4.396751146306306E+009,1.307405676857756E-002,
4.401736011551552E+009,1.308870653600582E-002,
4.406720876796797E+009,1.295965086595087E-002,
4.411705742042042E+009,1.273832580582861E-002,
4.416690607287288E+009,1.235979864059333E-002,
4.421675472532533E+009,1.210343927905964E-002,
4.426660337777778E+009,1.199496173994088E-002,
4.431645203023023E+009,1.172917860065240E-002,
4.436630068268269E+009,1.156301816054290E-002,
4.441614933513514E+009,1.136461425149941E-002,
4.446599798758759E+009,1.120777894536553E-002,
4.451584664004005E+009,1.101781436915822E-002,
4.456569529249250E+009,1.085270495614644E-002,
4.461554394494494E+009,1.069396619925096E-002,
4.466539259739739E+009,1.057856243390093E-002,
4.471524124984985E+009,1.035266238444994E-002,
4.476508990230230E+009,1.027863571738386E-002,
4.481493855475475E+009,1.045908562395947E-002,
4.486478720720720E+009,1.048065411000118E-002,
4.491463585965966E+009,1.067519621727628E-002,
4.496448451211211E+009,1.069560525870850E-002,
4.501433316456456E+009,1.078748831143595E-002,
4.506418181701702E+009,1.086680793677786E-002,
4.511403046946947E+009,1.076152845538717E-002,
4.516387912192192E+009,1.058398321864036E-002,
4.521372777437437E+009,1.026960444969976E-002,
4.526357642682683E+009,1.000999686760383E-002,
4.531342507927928E+009,9.612317824917839E-003,
4.536327373173173E+009,9.077477316028457E-003,
4.541312238418419E+009,8.451095979437355E-003,
4.546297103663664E+009,8.075688323513257E-003,
4.551281968908909E+009,7.697804495835097E-003,
4.556266834154154E+009,7.346996936445873E-003,
4.561251699399400E+009,7.051924907788962E-003,
4.566236564644645E+009,6.673697517595491E-003,
4.571221429889890E+009,6.484088259628675E-003,
4.576206295135135E+009,6.259061509266068E-003,
4.581191160380381E+009,6.294097231557606E-003,
4.586176025625626E+009,6.301148371136305E-003,
4.591160890870871E+009,6.312471001793473E-003,
4.596145756116117E+009,6.410321235669556E-003,
4.601130621361362E+009,6.570549445244603E-003,
4.606115486606607E+009,6.687205968539627E-003,
4.611100351851852E+009,6.568155850042972E-003,
4.616085217097097E+009,6.579403851078146E-003,
4.621070082342342E+009,6.235971354794427E-003,
4.626054947587587E+009,5.865946560550922E-003,
4.631039812832833E+009,5.588513080203205E-003,
4.636024678078078E+009,5.318017293187593E-003,
4.641009543323323E+009,4.850564794406010E-003,
4.645994408568568E+009,4.633982257847542E-003,
4.650979273813814E+009,4.294451234283112E-003,
4.655964139059059E+009,3.932564036335219E-003,
4.660949004304304E+009,3.731620516242359E-003,
4.665933869549550E+009,3.615528533715748E-003,
4.670918734794795E+009,3.631378516855005E-003,
4.675903600040040E+009,3.627074559254059E-003,
4.680888465285285E+009,3.540153833380343E-003,
4.685873330530531E+009,3.603758326745036E-003,
4.690858195775776E+009,3.637285111937966E-003,
4.695843061021021E+009,3.661921907405735E-003,
4.700827926266266E+009,3.785063226866703E-003,
4.705812791511512E+009,3.913338996702031E-003,
4.710797656756757E+009,4.171775177011734E-003,
4.715782522002002E+009,4.230195099471056E-003,
4.720767387247248E+009,4.503684619760483E-003,
4.725752252492493E+009,4.570595465530410E-003,
4.730737117737738E+009,4.436212125571597E-003,
4.735721982982983E+009,4.504419229660827E-003,
4.740706848228229E+009,4.276133636879093E-003,
4.745691713473474E+009,4.202194494132599E-003,
4.750676578718719E+009,4.138875045539277E-003,
4.755661443963965E+009,4.080733529622346E-003,
4.760646309209209E+009,4.150791668475374E-003,
4.765631174454454E+009,4.230815456997632E-003,
4.770616039699699E+009,4.307612167052831E-003,
4.775600904944945E+009,4.599392669517825E-003,
4.780585770190190E+009,4.718116329177596E-003,
4.785570635435435E+009,5.070155246229569E-003,
4.790555500680680E+009,5.246733622702256E-003,
4.795540365925926E+009,5.503758234182463E-003,
4.800525231171171E+009,5.810204119283197E-003,
4.805510096416416E+009,6.070241110370918E-003,
4.810494961661662E+009,6.305687880589531E-003,
4.815479826906907E+009,6.387177225772317E-003,
4.820464692152152E+009,6.547887519816566E-003,
4.825449557397397E+009,6.506459253440371E-003,
4.830434422642643E+009,6.331285370185549E-003,
4.835419287887888E+009,6.183443240668783E-003,
4.840404153133133E+009,6.058552815230118E-003,
4.845389018378379E+009,5.915708890724743E-003,
4.850373883623624E+009,5.736641657085768E-003,
4.855358748868869E+009,5.667760433809720E-003,
4.860343614114114E+009,5.526956751398574E-003,
4.865328479359360E+009,5.420897884334242E-003,
4.870313344604605E+009,5.271806311402836E-003,
4.875298209849850E+009,5.376016761696428E-003,
4.880283075095095E+009,5.468059646998466E-003,
4.885267940340341E+009,5.560122769819531E-003,
4.890252805585586E+009,5.761545316177696E-003,
4.895237670830831E+009,5.997339888259149E-003,
4.900222536076077E+009,6.230533494995880E-003,
4.905207401321322E+009,6.411931608601796E-003,
4.910192266566567E+009,6.418975019606451E-003,
4.915177131811811E+009,6.702016852276854E-003,
4.920161997057057E+009,6.695900784669417E-003,
4.925146862302302E+009,6.841244607194900E-003,
4.930131727547547E+009,6.822496424174277E-003,
4.935116592792793E+009,6.864336862521612E-003,
4.940101458038038E+009,6.756798258246678E-003,
4.945086323283283E+009,6.713988998613513E-003,
4.950071188528528E+009,6.472560555501033E-003,
4.955056053773774E+009,6.117864711963118E-003,
4.960040919019019E+009,5.988243813120860E-003,
4.965025784264264E+009,5.625992348737313E-003,
4.970010649509509E+009,5.437889244638170E-003,
4.974995514754755E+009,5.362167884189308E-003,
4.979980380000000E+009,5.259913459691778E-003,
